711,678,5,569
709,651,5,586
707,675,5,572
707,637,5,596
705,631,5,599
703,666,5,577
702,666,5,577
700,628,5,601
700,653,5,585
712,664,5,578
712,660,5,581
712,682,5,567
712,682,5,567
709,673,5,573
709,675,5,572
707,680,5,568
703,649,5,588
703,637,5,596
702,649,5,587
700,667,5,576
696,639,5,594
694,660,5,581
689,610,5,613
689,606,5,615
689,624,5,604
687,603,5,617
691,631,5,599
691,626,5,602
689,624,5,603
689,613,5,610
685,628,5,601
694,655,5,584
694,673,5,573
694,680,5,568
694,662,5,579
693,649,5,588
691,640,5,593
691,637,5,596
689,644,5,591
689,626,5,602
689,658,5,582
685,655,5,584
684,621,5,606
682,624,5,603
693,639,5,594
693,622,5,605
691,613,5,610
689,651,5,586
687,610,5,613
687,640,5,593
685,648,5,589
711,664,5,578
709,658,5,582
707,671,5,574
705,671,5,574
703,644,5,591
702,637,5,596
700,649,5,588
700,669,5,575
705,630,5,600
702,657,5,583
700,637,5,595
700,621,5,606
698,624,5,604
694,630,5,600
694,649,5,587
693,649,5,588
691,610,5,613
689,637,5,596
680,655,5,584
680,622,5,605
680,664,5,578
680,639,5,594
680,633,5,598
676,610,5,613
675,617,5,608
675,630,5,600
673,635,5,597
673,604,5,616
671,610,5,613
691,646,5,590
685,628,5,601
685,619,5,607
685,630,5,600
684,651,5,586
682,633,5,598
682,644,5,591
682,658,5,582
682,653,5,585
682,640,5,593
680,644,5,591
680,621,5,606
680,621,5,606
680,613,5,610
696,662,5,579
694,640,5,593
693,662,5,579
691,624,5,603
689,640,5,593
687,612,5,611
685,612,5,611
684,630,5,600
682,637,5,595
680,639,5,594
678,637,5,596
678,637,5,596
693,671,5,574
691,642,5,592
685,619,5,607
684,615,5,609
685,624,5,603
685,619,5,607
682,651,5,586
700,669,5,575
698,667,5,576
698,649,5,588
691,637,5,596
689,626,5,602
689,646,5,590
684,621,5,606
682,639,5,594
680,624,5,603
678,608,5,614
702,687,5,563
700,685,5,565
698,673,5,573
694,675,5,572
694,667,5,576
693,624,5,603
691,637,5,595
689,662,5,580
689,660,5,581
685,640,5,593
684,651,5,586
682,655,5,584
682,655,5,584
684,658,5,582
702,664,5,578
700,622,5,605
698,649,5,588
694,621,5,606
694,657,5,583
691,630,5,600
691,628,5,601
689,651,5,586
689,631,5,599
687,649,5,588
687,608,5,614
687,633,5,598
685,640,5,593
687,649,5,588
687,624,5,604
687,646,5,590
685,604,5,616
682,621,5,606
682,640,5,593
682,601,5,618
684,637,5,595
684,631,5,599
682,613,5,610
682,612,5,611
680,597,5,621
680,606,5,615
680,630,5,600
685,646,5,590
685,667,5,576
693,676,5,570
693,667,5,576
691,653,5,585
693,680,5,568
684,626,5,602
685,640,5,593
703,676,5,570
700,680,5,568
700,678,5,569
698,666,5,577
698,637,5,595
696,671,5,574
693,630,5,600
694,649,5,587
694,637,5,595
694,644,5,591
691,640,5,593
691,667,5,576
689,666,5,577
689,666,5,577
687,653,5,585
687,635,0,597
694,671,0,574
694,676,0,570
693,660,0,581
693,689,0,562
707,667,0,576
707,673,0,573
707,698,0,557
707,649,5,588
707,648,5,589
707,657,5,583
700,673,5,573
700,655,5,584
700,649,5,588
700,664,5,578
702,676,5,570
702,655,5,584
702,646,5,590
703,648,5,589
705,667,5,576
705,660,5,581
698,666,5,577
696,642,5,592
696,639,5,594
698,662,5,580
698,624,5,604
696,642,5,592
694,651,5,586
691,642,5,592
691,639,0,594
698,649,5,588
698,667,5,576
700,648,0,589
694,626,5,602
694,662,0,580
694,689,0,562
707,716,0,545
707,684,0,566
705,685,0,565
702,642,5,592
698,667,5,576
696,646,5,590
694,631,5,599
696,662,5,579
696,667,5,576
693,626,5,602
691,662,5,579
691,649,5,587
689,644,5,591
687,637,5,595
687,655,5,584
721,669,1,575
720,648,1,589
720,617,1,608
718,613,1,610
718,608,1,614
716,594,1,623
718,601,1,618
714,606,1,615
712,592,1,624
711,585,1,629
709,594,1,623
721,671,1,574
718,676,1,570
718,691,1,561
718,649,1,588
716,662,1,579
716,640,1,593
714,615,1,609
712,610,1,613
711,592,1,624
709,586,1,627
709,617,0,608
705,619,0,607
707,612,1,611
711,585,1,628
718,610,1,613
718,612,1,611
714,621,1,606
712,631,1,599
712,613,1,610
716,586,1,627
716,590,1,625
716,631,1,599
714,612,1,611
716,604,1,616
718,631,1,599
725,687,1,564
723,655,1,584
723,673,1,573
721,628,1,601
721,613,1,610
721,608,1,614
720,601,1,618
718,599,1,620
718,581,1,631
718,599,1,620
716,585,1,629
716,581,1,631
716,595,1,622
712,576,1,634
711,558,1,646
709,563,1,642
727,709,1,550
727,696,1,558
727,709,1,550
727,687,1,564
727,691,1,561
727,682,1,567
727,703,1,553
727,662,1,579
725,675,1,572
725,675,0,571
725,657,0,583
723,673,0,573
734,630,1,600
730,588,1,626
730,599,1,619
729,610,1,613
729,619,1,607
730,604,1,616
727,577,1,633
727,554,1,648
727,572,1,637
729,601,1,618
729,565,1,641
727,543,1,654
727,585,1,628
727,541,1,655
727,563,1,642
727,577,1,633
723,586,1,627
734,716,0,545
729,721,0,542
730,727,0,539
729,694,0,559
730,702,1,555
730,696,1,558
730,685,1,565
730,639,1,594
732,700,1,556
730,721,1,542
730,687,1,563
730,723,1,541
729,714,1,546
729,687,1,564
727,720,1,543
727,682,1,567
727,687,1,563
725,669,1,575
725,669,1,575
725,678,1,569
725,689,1,562
725,714,1,546
721,718,1,544
730,592,1,624
729,588,1,626
727,572,1,637
727,568,1,639
727,549,1,651
727,588,1,626
725,574,1,635
727,585,1,629
727,621,1,606
727,606,1,615
729,597,1,621
730,633,1,598
729,606,1,615
725,678,1,569
725,669,1,575
727,642,1,592
727,687,1,564
727,702,1,554
727,675,1,572
727,712,1,548
727,698,1,557
727,714,1,546
729,702,1,554
727,702,1,555
729,702,0,554
727,714,1,547
729,716,0,545
729,711,0,549
727,705,0,552
727,707,0,551
727,716,0,545
727,712,0,548
729,702,0,555
725,687,0,563
723,693,0,560
725,720,0,543
725,680,1,568
727,680,1,568
729,702,1,554
727,678,1,569
727,682,1,567
727,694,1,559
727,711,1,549
729,685,1,565
729,714,1,547
730,714,1,546
730,676,1,570
730,714,1,547
729,676,1,570
727,702,1,554
727,687,1,564
727,684,1,566
727,711,1,549
725,676,1,570
725,682,1,567
725,705,1,552
725,687,1,563
725,705,1,552
725,691,1,561
721,671,0,574
721,684,0,566
721,673,0,573
720,671,0,574
727,592,1,624
729,588,1,626
729,574,1,635
721,594,0,623
721,615,0,609
723,588,0,626
725,601,0,618
730,633,1,598
729,612,1,612
729,599,1,619
727,608,1,614
725,585,1,628
727,570,1,638
727,568,1,639
729,693,0,560
729,693,0,560
727,698,0,557
727,685,0,565
716,752,0,523
718,790,0,499
718,786,0,501
716,765,0,515
716,766,0,514
718,759,0,518
718,774,1,509
721,786,1,501
723,779,1,506
723,770,1,511
725,774,1,509
729,462,69,704
730,495,69,684
727,462,69,704
727,484,69,691
727,478,69,694
730,505,69,678
727,500,69,681
725,489,69,688
725,518,69,670
727,482,69,692
734,496,69,683
727,504,69,679
723,514,68,672
723,484,68,691
721,784,1,503
727,784,1,502
725,797,1,495
712,646,1,590
712,662,1,580
784,804,0,490
784,802,0,491
783,793,0,497
784,781,0,505
784,784,0,502
784,795,0,496
784,801,0,492
732,478,69,694
727,745,1,527
730,496,69,683
727,487,69,689
725,444,69,714
727,469,69,699
718,453,69,709
729,660,1,581
721,468,69,701
730,455,69,708
730,496,68,683
723,493,68,685
718,495,68,684
727,682,0,567
725,711,0,549
721,754,0,521
716,721,0,542
716,756,0,520
721,511,69,674
721,489,69,687
725,520,69,669
727,477,69,695
716,786,0,501
721,795,0,496
718,768,0,512
721,792,0,498
721,763,0,516
720,790,0,499
718,784,0,503
718,774,0,509
730,468,69,700
723,453,69,709
725,702,1,555
727,765,1,515
723,529,69,663
725,640,1,593
720,734,0,534
721,741,0,530
721,747,0,526
721,743,0,528
721,774,0,509
720,765,0,515
725,603,1,617
727,624,1,604
734,612,1,611
732,624,1,604
732,588,1,626
730,606,1,615
730,599,1,620
729,599,1,620
730,621,1,606
730,604,1,616
729,604,1,616
727,576,1,634
741,675,1,571
738,684,1,566
745,684,0,566
739,711,0,549
736,734,0,534
734,712,0,548
736,702,1,554
734,727,1,538
730,736,1,533
734,739,0,531
734,736,0,533
734,700,0,556
732,714,1,547
730,698,1,557
732,705,1,552
729,703,1,553
729,696,1,558
730,691,1,561
730,684,1,566
729,684,1,566
729,716,1,545
730,714,1,547
729,698,1,557
727,685,1,565
727,680,1,568
725,676,1,570
734,644,1,591
734,646,1,590
730,637,1,596
729,597,1,621
727,612,1,612
727,586,1,627
727,586,1,627
727,583,1,630
725,576,1,634
725,577,1,633
725,601,1,618
725,590,1,625
725,594,1,623
723,577,1,633
736,613,1,610
730,613,1,610
730,604,1,616
727,626,1,602
727,703,1,553
727,725,1,540
723,729,1,537
721,689,1,562
723,689,1,562
725,716,1,545
723,716,1,545
723,687,1,564
723,700,1,556
723,693,1,560
725,687,1,564
725,687,1,563
725,725,1,540
725,716,1,545
725,696,1,558
725,727,1,538
721,693,1,560
721,703,1,553
721,714,1,546
720,676,1,570
721,675,1,572
721,653,1,585
721,626,1,602
718,626,1,602
718,612,1,611
716,597,1,621
734,635,0,597
734,644,0,591
732,637,1,596
736,675,1,571
736,680,1,568
734,684,1,566
739,646,0,590
736,635,0,597
738,648,0,589
727,702,1,555
727,732,1,535
725,691,1,561
725,702,1,555
725,687,1,563
725,694,1,559
723,694,1,559
721,714,1,546
723,702,1,555
721,711,1,549
721,714,1,547
721,703,1,553
723,680,1,568
721,709,1,550
723,714,1,547
721,707,1,551
721,709,1,550
721,709,1,550
721,707,1,551
721,678,1,569
721,678,1,569
721,703,1,553
721,684,1,566
721,675,1,572
720,675,1,572
736,732,1,535
736,723,1,541
734,687,1,563
734,709,1,550
732,716,1,545
730,682,1,567
730,678,1,569
729,705,1,552
725,696,1,558
721,698,1,557
721,684,1,566
721,676,1,570
718,714,1,546
718,693,1,560
718,703,1,553
716,676,1,570
716,693,1,560
716,702,1,555
716,675,1,572
714,678,1,569
716,700,1,556
714,702,1,555
739,660,1,581
736,628,1,601
734,621,1,606
736,649,1,587
734,624,1,604
734,637,1,595
734,601,1,618
734,590,1,625
732,626,1,602
734,597,1,621
732,592,1,624
730,581,1,631
730,615,1,609
730,613,1,610
729,608,1,614
741,619,1,607
739,617,1,608
739,626,1,602
738,621,1,606
734,667,1,576
734,648,1,589
736,619,1,607
734,626,1,602
730,612,1,611
730,603,1,617
729,633,1,598
729,606,1,615
729,588,1,626
727,608,1,614
727,568,1,639
727,599,1,620
739,660,1,581
736,646,0,590
734,657,0,583
734,676,1,570
736,658,1,582
736,630,1,600
738,612,1,611
736,601,1,618
734,599,1,619
734,610,1,613
734,606,1,615
736,630,1,600
736,639,1,594
734,599,1,620
734,626,1,602
730,651,1,586
734,642,1,592
734,624,1,603
736,624,1,603
736,639,1,594
736,633,1,598
738,624,1,604
738,588,1,626
736,603,1,617
736,615,1,609
736,588,1,626
741,612,1,611
738,615,1,609
734,639,1,594
736,624,1,604
736,662,1,580
736,678,1,569
734,700,1,556
734,702,1,554
734,702,1,555
736,694,1,559
738,673,1,573
736,664,1,578
736,646,1,590
739,635,1,597
739,700,1,556
738,687,1,563
736,694,1,559
736,687,1,564
736,712,1,548
736,680,1,568
736,705,1,552
736,698,1,557
736,698,1,557
736,716,1,545
734,691,1,561
736,718,1,544
736,702,1,554
736,703,1,553
736,694,1,559
734,716,1,545
734,696,1,558
734,687,1,564
734,714,1,546
734,687,1,564
734,720,1,543
734,702,1,554
734,712,1,548
734,702,1,555
734,712,1,548
734,685,1,565
734,711,1,549
734,720,1,543
736,734,1,534
739,698,1,557
739,725,1,540
727,739,1,531
725,727,1,538
727,702,1,554
730,703,1,553
732,729,1,537
732,694,1,559
730,696,1,558
732,687,1,563
734,712,1,548
730,691,1,561
734,635,1,597
734,626,1,602
734,624,1,604
732,577,1,633
732,583,1,630
732,586,1,627
730,604,1,616
730,608,1,614
745,635,1,597
745,673,1,573
745,666,1,577
738,730,0,536
739,734,0,534
736,723,0,541
738,736,0,533
736,703,0,553
734,718,0,544
736,738,0,532
736,739,0,531
738,730,0,536
736,716,0,545
734,707,1,551
741,624,1,604
739,637,1,596
738,612,1,612
739,597,1,621
738,633,1,598
738,592,1,624
736,592,1,624
736,612,1,611
734,651,1,586
734,705,1,552
736,707,1,551
736,702,1,555
736,707,1,551
738,640,1,593
739,624,1,604
738,651,1,586
736,658,1,582
734,642,1,592
734,606,1,615
734,637,1,595
736,671,1,574
736,624,1,604
734,599,1,619
734,597,1,621
734,597,1,621
734,597,1,621
730,590,1,625
730,559,1,644
729,561,1,643
729,558,1,645
727,597,1,621
727,561,1,643
729,558,1,646
727,599,1,619
730,550,1,650
730,568,1,639
730,552,1,649
730,570,1,638
730,541,1,656
729,576,1,634
734,622,1,605
730,644,1,591
732,597,1,621
734,595,1,622
732,601,1,618
730,599,1,619
729,599,1,619
730,599,1,619
730,612,1,611
730,590,1,625
730,608,1,614
738,658,1,582
739,610,1,613
743,613,1,610
739,595,1,622
739,637,1,595
738,595,1,622
739,630,1,600
738,621,1,606
738,637,1,596
738,599,1,620
736,684,1,566
734,696,1,558
734,662,1,579
732,669,1,575
727,635,1,597
727,588,1,626
727,588,1,626
727,588,1,626
727,588,1,626
727,588,1,626
727,588,1,626
727,588,1,626
727,588,1,626
739,667,1,576
739,675,1,571
739,637,1,595
738,613,1,610
736,626,1,602
736,639,1,594
734,597,1,621
734,606,1,615
732,612,1,612
732,619,1,607
734,594,1,623
736,662,0,579
736,673,0,573
738,653,1,585
734,630,1,600
732,646,1,590
734,613,1,610
734,694,1,559
732,716,1,545
734,727,1,538
734,736,1,533
734,707,1,551
734,723,1,541
736,739,1,531
730,702,1,554
734,727,1,539
732,691,1,561
734,698,0,557
732,721,0,542
730,730,1,536
732,718,1,544
732,714,1,547
732,703,1,553
730,693,1,560
732,696,1,558
730,714,1,547
730,723,1,541
730,700,1,556
730,727,1,538
729,727,1,539
729,693,1,560
730,675,1,572
734,707,1,551
736,651,1,586
736,675,1,571
738,630,1,600
738,633,1,598
739,637,1,595
739,637,1,595
739,588,1,626
741,597,1,621
739,588,1,626
739,622,1,605
738,612,1,611
739,615,1,609
734,721,0,542
734,725,0,540
734,696,0,558
736,696,0,558
734,718,1,544
734,687,1,563
736,702,1,554
736,684,1,566
736,673,1,573
736,684,1,566
736,676,1,570
736,649,1,588
734,666,1,577
734,626,1,602
739,649,1,588
741,646,1,590
743,660,1,581
743,658,1,582
743,615,1,609
743,604,1,616
738,621,1,606
738,617,1,608
736,588,1,626
736,617,1,608
738,624,1,604
736,590,1,625
739,570,1,638
739,581,1,631
738,590,1,625
739,604,1,616
738,568,1,639
738,570,1,638
739,646,1,590
736,612,1,612
736,646,1,590
734,639,1,594
736,639,1,594
736,594,1,623
743,714,1,546
741,675,1,572
743,675,1,572
739,687,1,564
739,721,1,542
741,716,1,545
739,723,1,541
741,705,1,552
739,709,1,550
743,640,1,593
739,621,1,606
736,624,1,604
738,613,1,610
736,588,1,626
738,610,1,613
738,597,1,621
736,608,1,614
736,574,1,635
734,612,1,612
734,612,1,612
730,595,1,622
730,574,1,635
723,592,0,624
739,709,0,550
739,741,0,530
738,730,0,536
736,714,0,547
738,716,0,545
736,707,0,551
739,637,1,595
739,601,0,618
730,624,0,604
732,649,0,588
745,788,1,500
745,777,1,507
747,770,1,511
738,748,1,525
736,768,1,512
739,786,1,501
743,801,0,492
743,808,0,488
745,509,69,675
743,509,69,675
745,790,1,499
738,779,1,506
739,817,1,482
739,781,0,505
739,795,0,496
739,824,0,478
743,828,0,476
743,817,0,482
743,802,0,491
743,828,0,476
743,801,0,492
745,765,0,515
745,763,0,516
748,779,0,506
748,792,0,498
748,768,0,512
745,793,0,497
748,772,1,510
748,768,1,513
748,801,1,493
750,534,69,660
750,660,1,581
743,504,69,679
734,680,1,568
732,675,1,572
732,680,1,568
734,729,1,537
734,743,1,528
736,779,1,506
734,766,1,514
734,774,1,509
736,788,1,500
734,759,1,518
734,747,1,526
736,743,1,528
734,734,1,534
738,752,1,523
743,734,1,534
745,741,1,529
747,736,0,533
747,754,0,521
738,727,0,539
734,730,0,536
743,721,0,542
745,727,0,538
750,610,0,613
739,664,1,578
734,664,1,578
732,694,1,559
739,685,1,565
739,658,1,582
739,642,1,592
738,642,1,592
745,644,1,591
745,693,1,560
748,702,1,555
745,705,1,552
752,640,1,593
752,660,0,581
754,626,0,602
752,617,0,608
752,646,0,590
752,646,0,590
752,628,0,601
754,637,0,596
754,626,0,602
752,649,0,588
752,653,0,585
754,613,0,610
752,624,0,604
752,648,0,589
752,630,0,600
752,624,0,604
752,637,0,596
752,630,1,600
754,644,1,591
748,621,1,606
743,624,1,604
743,613,1,610
743,630,1,600
738,628,1,601
739,622,1,605
734,640,1,593
739,622,1,605
738,662,0,579
739,662,0,579
741,669,0,575
741,644,0,591
739,669,0,575
739,698,0,557
741,716,0,545
741,711,0,549
741,741,0,530
743,727,0,538
738,761,0,517
743,745,0,527
739,770,0,511
741,766,0,514
739,772,0,510
743,745,0,527
743,766,0,514
745,754,0,521
747,763,1,516
734,739,1,531
739,745,1,527
745,752,1,523
734,741,1,529
734,747,1,526
734,741,1,529
734,732,1,535
736,750,1,524
734,729,1,537
734,741,1,530
736,766,1,514
736,729,1,537
736,727,1,539
743,765,1,515
743,761,0,517
747,754,0,522
748,775,0,508
747,738,0,532
748,770,0,511
748,514,68,672
748,464,68,703
745,455,68,708
743,453,68,709
745,482,68,692
743,439,68,717
739,590,0,625
739,660,0,581
739,667,0,576
743,691,1,561
743,694,1,559
741,694,1,559
741,687,1,564
739,693,1,560
743,682,1,567
743,662,1,579
743,682,1,567
745,689,1,562
743,734,1,534
745,612,1,611
747,700,1,556
734,716,1,545
741,648,1,589
745,658,0,582
745,644,0,591
745,595,0,622
738,626,0,602
736,586,0,627
739,599,0,619
745,610,0,613
745,601,0,618
745,619,0,607
745,597,0,621
745,597,0,621
745,626,0,602
745,621,0,606
745,599,0,620
743,622,1,605
745,599,1,620
745,585,1,628
745,579,1,632
745,619,1,607
745,585,1,628
743,599,1,620
743,612,1,612
743,608,1,614
743,574,1,635
743,612,0,611
741,579,0,632
741,610,0,613
741,603,0,617
739,576,0,634
739,615,0,609
739,615,0,609
739,613,0,610
739,617,0,608
739,649,0,587
739,621,0,606
743,635,0,597
743,662,0,579
741,678,0,569
739,689,0,562
736,716,0,545
736,711,0,549
736,725,0,540
736,718,0,544
736,738,1,532
738,714,1,547
739,723,1,541
739,716,1,545
739,736,1,533
739,741,1,529
739,725,1,540
745,729,1,537
739,739,1,531
745,770,1,511
739,766,0,514
743,736,0,533
741,772,0,510
745,761,0,517
743,748,0,525
741,763,0,516
741,754,0,521
743,765,0,515
745,768,0,513
745,779,0,506
747,747,0,526
745,741,0,529
745,765,0,515
745,754,0,522
745,768,0,513
747,768,0,512
745,730,0,536
736,729,0,537
736,748,1,525
739,739,1,531
748,739,1,531
745,763,1,516
745,759,1,518
748,741,1,529
739,446,69,713
745,482,69,692
743,468,69,700
743,473,69,697
739,424,69,726
738,424,69,726
739,622,1,605
739,651,1,586
739,702,1,554
743,747,1,526
741,721,1,542
739,748,1,525
741,714,1,547
743,725,1,540
743,720,1,543
745,693,1,560
741,739,0,531
743,707,0,551
739,727,0,538
743,743,0,528
739,743,0,528
743,712,0,548
743,743,0,528
743,743,0,528
743,743,0,528
736,696,1,558
745,714,1,546
748,700,1,556
748,691,1,561
748,711,1,549
750,667,1,576
750,684,1,566
750,676,1,570
748,657,1,583
748,702,1,554
748,698,0,557
748,687,0,564
748,637,0,596
748,662,0,580
748,662,0,580
748,676,0,570
750,651,0,586
748,657,0,583
747,644,0,591
747,675,0,571
747,644,0,591
743,657,0,583
739,624,0,604
738,619,0,607
738,599,0,619
734,588,0,626
736,624,1,603
736,628,1,601
734,599,1,620
739,633,1,598
741,649,1,587
747,691,1,561
743,702,1,554
743,711,1,549
741,720,0,543
739,716,0,545
739,702,0,555
739,738,0,532
739,718,0,544
739,721,0,542
743,720,0,543
743,721,0,542
741,720,0,543
739,729,0,537
743,743,0,528
743,739,0,531
743,770,0,511
743,750,0,524
745,783,0,504
745,757,0,519
745,763,0,516
745,793,0,497
741,768,0,512
734,779,0,506
736,768,1,512
734,786,1,501
736,768,1,513
736,770,1,511
736,792,1,498
738,770,1,511
736,804,1,490
738,772,1,510
739,799,1,494
738,783,1,504
736,801,1,492
743,775,1,508
748,633,69,598
750,480,69,693
747,477,69,695
747,419,69,729
743,455,69,708
743,417,69,730
741,462,69,704
743,421,69,728
743,453,69,709
739,439,69,717
738,594,1,623
741,612,1,612
739,637,1,595
739,610,1,613
743,637,1,596
743,648,1,589
743,646,1,590
743,606,1,615
743,608,1,614
741,640,1,593
743,597,1,621
741,628,1,601
739,588,1,626
743,637,1,596
739,635,1,597
739,601,1,618
738,606,1,615
738,619,1,607
741,617,1,608
741,612,1,612
743,574,1,635
745,601,1,618
745,543,1,654
748,597,1,621
747,568,1,639
748,601,1,618
747,567,1,640
745,574,0,635
745,594,0,623
741,558,0,646
743,585,0,628
743,572,0,636
741,550,0,650
741,588,0,626
741,559,0,644
739,570,1,638
739,570,1,638
739,572,1,637
739,592,1,624
739,577,1,633
739,579,1,632
739,576,1,634
739,621,1,606
738,621,1,606
738,599,1,619
738,577,1,633
739,622,1,605
739,588,1,626
739,621,0,606
739,606,0,615
738,649,0,588
739,646,0,590
743,676,0,570
741,675,0,571
739,678,0,569
739,687,0,563
739,720,0,543
741,745,0,527
747,748,0,525
739,759,0,518
739,757,0,519
745,772,0,510
739,772,0,510
743,774,0,509
741,761,1,517
741,757,1,519
745,775,1,508
748,765,1,515
738,801,1,492
736,774,1,509
743,772,1,510
748,781,1,505
743,505,69,678
747,480,69,693
747,466,69,702
745,460,69,705
743,491,69,686
743,489,69,688
739,451,69,710
743,469,69,699
741,442,69,715
743,480,69,693
739,471,69,698
739,491,69,686
741,489,69,688
741,489,69,687
743,653,1,585
745,667,1,576
745,718,1,544
745,748,1,525
745,759,1,518
745,775,1,508
745,774,1,509
747,745,1,527
747,748,1,525
747,732,1,535
748,757,1,519
748,727,1,538
747,709,1,550
745,743,1,528
748,752,1,523
738,714,1,547
743,732,1,535
743,732,1,535
745,730,1,536
743,714,1,547
747,732,1,535
745,675,1,571
747,691,1,561
747,707,1,551
748,610,1,613
748,649,1,588
745,648,1,589
748,651,1,586
748,651,1,586
748,612,1,611
756,649,1,588
757,613,0,610
756,653,0,585
756,631,0,599
756,630,0,600
757,628,1,601
757,637,1,595
757,655,1,584
757,630,1,600
757,660,1,581
757,660,1,581
757,698,1,557
756,680,1,568
754,741,1,529
756,741,1,530
756,712,1,548
756,714,1,547
756,705,1,552
756,702,1,554
756,675,1,571
757,702,1,554
756,738,1,532
757,700,0,556
754,723,0,541
754,714,0,547
754,714,0,547
754,723,0,541
754,727,0,538
754,707,0,551
736,696,0,558
739,729,0,537
743,696,0,558
743,682,0,567
739,723,1,541
745,698,1,557
745,689,1,562
741,675,1,572
743,698,1,557
745,723,1,541
745,698,1,557
745,687,1,563
747,694,1,559
738,712,1,548
741,732,0,535
743,734,0,534
739,745,0,527
743,727,0,539
745,754,0,522
745,745,0,527
743,732,0,535
745,766,0,514
743,754,0,521
743,754,0,521
743,768,0,513
743,777,0,507
743,783,0,504
745,747,0,526
743,759,0,518
745,750,0,524
741,768,0,513
747,783,0,504
743,779,0,506
745,747,1,526
745,777,1,507
748,752,1,523
736,770,1,511
743,736,1,533
745,743,1,528
745,748,1,525
747,770,1,511
748,752,1,523
736,729,1,537
736,741,1,530
743,747,1,526
747,729,1,537
741,738,1,532
745,750,1,524
743,741,1,529
743,732,1,535
741,729,1,537
741,721,1,542
743,691,1,561
743,718,1,544
743,675,1,572
743,666,1,577
741,660,0,581
738,608,0,614
739,608,0,614
741,624,0,604
738,633,0,598
743,640,1,593
743,630,1,600
743,624,1,604
745,617,1,608
748,615,1,609
743,619,1,607
745,613,1,610
745,637,1,596
745,639,1,594
743,617,1,608
743,624,1,604
743,612,1,611
743,615,1,609
743,624,1,604
739,608,0,614
739,631,0,599
738,612,0,611
736,637,0,595
736,599,0,619
736,640,0,593
736,637,0,595
736,642,0,592
736,604,0,616
734,639,0,594
734,628,0,601
734,619,0,607
734,610,0,613
732,622,0,605
732,606,1,615
734,610,1,613
734,631,1,599
734,631,1,599
736,649,1,587
736,613,1,610
736,644,1,591
738,621,1,606
739,644,1,591
739,662,1,579
741,680,1,568
743,694,0,559
745,729,0,537
739,745,0,527
739,720,0,543
736,748,0,525
739,754,0,521
741,745,0,527
736,736,0,533
743,768,0,513
739,741,0,529
743,745,0,527
741,770,0,511
741,783,0,504
745,756,0,520
739,783,0,504
745,799,0,494
743,768,0,513
743,770,0,511
743,793,1,497
745,786,1,501
747,822,1,479
743,774,1,509
747,775,1,508
748,766,1,514
748,784,1,503
741,649,1,587
748,725,1,540
748,763,1,516
745,505,69,678
743,460,69,705
747,486,68,690
748,455,69,708
743,455,68,708
743,473,68,697
741,489,68,687
743,455,68,708
743,450,68,711
738,511,0,674
745,624,0,604
743,689,0,562
743,705,0,552
743,734,0,534
743,716,0,545
743,736,0,533
743,754,0,522
743,720,0,543
743,745,1,527
741,738,1,532
741,696,1,558
745,676,1,570
745,702,1,555
739,676,1,570
745,667,1,576
741,621,1,606
741,624,1,604
745,662,1,579
745,644,1,591
743,655,1,584
748,667,1,576
750,648,1,589
748,660,1,581
750,617,1,608
750,615,1,609
754,613,0,610
754,642,0,592
754,639,0,594
754,613,0,610
754,606,0,615
754,648,0,589
754,626,0,602
754,644,0,591
754,617,0,608
754,613,0,610
754,644,0,591
754,606,0,615
752,644,1,591
752,606,1,615
752,651,1,586
754,648,1,589
752,648,1,589
752,615,1,609
752,671,1,574
752,621,1,606
752,639,1,594
743,660,1,581
743,649,1,588
741,657,1,583
739,624,0,603
738,646,0,590
738,633,0,598
736,655,0,584
738,673,0,573
736,705,0,552
736,705,0,552
736,714,0,547
736,700,0,556
736,729,0,537
743,705,0,552
745,738,0,532
743,707,0,551
741,709,0,550
743,750,0,524
748,590,68,625
739,448,69,712
743,612,1,612
747,624,1,604
743,678,1,569
745,702,1,555
743,752,1,523
745,730,1,536
745,732,1,535
745,759,1,518
743,734,1,534
748,435,69,720
741,424,69,726
738,599,0,619
747,630,0,600
743,685,0,565
747,727,0,539
745,770,0,511
745,763,0,516
745,765,0,515
739,772,0,510
734,801,0,492
734,811,0,486
734,811,0,486
732,797,0,495
734,784,0,502
734,810,0,487
734,820,0,480
732,795,0,496
732,801,0,493
732,792,1,498
732,806,1,489
738,768,1,512
743,763,1,516
745,774,1,509
745,770,1,511
745,765,1,515
745,725,1,540
745,725,1,540
745,747,1,526
748,700,1,556
745,714,1,546
745,696,1,558
745,684,1,566
745,651,1,586
741,649,1,587
743,631,1,599
739,612,1,612
739,608,0,614
743,644,0,591
739,628,0,601
745,622,0,605
745,642,0,592
741,610,0,613
739,633,0,598
739,601,0,618
743,642,0,592
747,630,0,600
748,610,1,613
750,631,1,599
748,637,1,596
750,649,1,587
750,631,1,599
750,637,1,595
752,662,1,579
752,630,1,600
752,637,1,596
752,657,1,583
750,637,1,596
750,619,1,607
748,633,1,598
748,617,0,608
748,640,0,593
747,640,0,593
745,610,0,613
745,606,0,615
745,612,0,611
745,608,0,614
743,612,0,611
739,608,0,614
739,588,0,626
736,622,0,605
739,590,0,625
739,612,0,612
741,615,0,609
741,628,0,601
741,619,1,607
739,649,1,588
745,615,1,609
743,675,1,572
743,633,1,598
745,619,1,607
747,653,1,585
745,657,1,583
741,664,1,578
739,662,1,580
739,658,1,582
739,649,1,588
739,673,1,573
738,685,0,565
738,675,1,572
736,691,0,561
738,698,0,557
739,739,0,531
741,757,0,519
739,743,0,528
739,768,0,513
739,756,0,520
743,754,1,521
734,754,1,521
734,770,1,511
747,770,1,511
738,768,1,513
745,759,1,518
739,756,1,520
743,784,1,502
739,430,69,723
745,619,1,607
747,646,1,590
739,421,69,728
743,606,1,615
745,644,1,591
745,655,1,584
743,689,0,562
743,657,0,583
741,664,0,578
743,651,0,586
743,649,0,587
743,621,0,606
743,615,0,609
741,637,0,595
741,626,0,602
739,648,0,589
743,631,0,599
741,628,1,601
743,619,1,607
741,667,0,576
745,658,0,582
739,696,0,558
745,718,0,544
750,529,68,663
736,590,0,625
743,619,0,607
743,694,0,559
741,718,0,544
747,725,0,540
741,723,1,541
745,738,1,532
741,696,1,558
743,714,1,546
748,716,1,545
745,748,1,525
743,448,69,712
748,457,68,707
743,405,69,737
739,459,69,706
747,622,0,605
743,428,69,724
739,450,69,711
743,572,0,637
743,621,0,606
739,669,0,575
738,698,0,557
741,702,0,555
739,716,0,545
745,700,0,556
743,723,0,541
745,723,0,541
743,718,0,544
745,727,0,539
730,727,0,539
738,698,0,557
738,702,0,554
739,675,0,571
739,664,1,578
743,666,1,577
743,669,1,575
743,644,1,591
741,628,1,601
741,640,1,593
741,646,1,590
739,617,1,608
739,622,1,605
745,610,1,613
739,610,1,613
739,622,1,605
743,642,1,592
739,637,1,595
745,646,1,590
743,613,1,610
745,653,0,585
745,689,0,562
745,658,0,582
741,671,0,574
743,709,0,550
734,711,0,549
739,703,0,553
739,734,1,534
739,741,1,529
739,745,1,527
739,721,1,542
743,741,1,530
743,736,1,533
745,738,1,532
747,743,1,528
745,766,1,514
745,772,1,510
745,779,1,506
748,817,1,483
748,504,68,679
748,466,68,702
745,466,68,702
743,489,68,688
739,630,0,600
745,675,0,572
745,747,0,526
745,743,0,528
739,750,0,524
738,775,0,508
738,765,0,515
738,784,0,502
738,797,0,495
736,786,0,501
736,779,0,506
736,757,0,519
736,781,1,505
736,781,1,505
738,757,1,519
736,759,1,518
736,779,1,506
743,781,1,505
745,783,1,504
745,750,1,524
748,770,1,511
747,500,69,681
747,466,69,702
743,495,69,684
745,453,69,709
743,464,69,703
739,500,69,681
739,487,69,689
745,657,1,583
743,673,1,573
739,662,1,580
739,671,1,574
743,712,1,548
745,689,1,562
745,736,1,533
743,698,1,557
730,702,1,554
739,732,0,535
734,694,0,559
738,700,0,556
745,675,0,572
743,682,1,567
743,673,1,573
743,662,1,580
743,696,1,558
743,687,1,563
745,678,1,569
748,680,1,568
748,709,1,550
743,716,0,545
743,723,0,541
743,738,0,532
743,738,0,532
743,748,0,525
743,784,0,502
745,761,0,517
745,786,0,501
745,784,0,503
747,761,0,517
747,775,0,508
750,545,68,653
745,486,68,690
748,502,68,680
748,477,68,695
745,525,68,666
748,522,68,668
745,489,68,688
739,484,68,691
741,523,68,667
739,493,68,685
745,509,69,675
741,495,69,684
743,493,69,685
743,531,69,662
745,496,69,683
745,486,69,690
743,520,69,669
743,500,69,681
745,529,69,663
743,505,69,678
741,522,69,668
747,489,69,687
747,529,69,663
741,532,69,661
743,529,69,663
745,509,69,676
743,493,69,685
745,484,69,691
745,493,68,685
743,498,68,682
747,505,68,678
743,477,69,695
743,482,68,692
739,469,68,699
741,475,68,696
741,473,68,697
739,653,0,585
743,678,0,569
741,669,1,575
734,691,1,561
730,729,1,537
736,709,1,550
739,714,1,547
734,750,1,524
738,747,1,526
745,727,1,538
739,662,1,579
741,682,0,567
741,693,0,560
743,714,0,546
741,702,0,554
743,736,0,533
743,725,0,540
743,712,0,548
743,734,0,534
743,718,0,544
743,721,0,542
741,718,0,544
741,745,1,527
743,721,1,542
743,725,1,540
745,738,1,532
745,766,1,514
745,772,1,510
747,772,1,510
748,788,1,500
747,509,69,675
745,482,69,692
745,477,69,695
745,498,69,682
745,475,69,696
747,491,69,686
745,518,69,670
745,498,68,682
743,495,68,684
743,502,68,680
743,477,68,695
738,513,68,673
741,673,0,573
741,711,0,549
745,750,0,524
734,739,0,531
743,671,0,574
745,703,0,553
743,723,0,541
745,698,0,557
747,714,1,546
743,649,1,587
732,676,1,570
739,642,1,592
745,667,1,576
748,637,1,595
741,441,69,716
739,574,1,635
747,619,1,607
747,603,1,617
748,662,1,580
741,657,1,583
739,660,1,581
739,658,1,582
738,646,1,590
739,601,0,618
738,608,0,614
738,739,0,531
739,725,1,540
739,734,0,534
739,756,0,520
736,739,0,531
739,739,0,531
738,754,0,522
745,770,0,511
743,743,0,528
747,757,0,519
745,774,0,509
745,763,0,516
745,775,0,508
745,770,0,511
745,754,0,521
743,765,0,515
736,747,1,526
736,747,1,526
745,761,1,517
745,768,1,512
747,788,1,500
739,770,1,511
736,770,1,511
734,752,1,523
734,763,1,516
743,752,1,523
748,766,1,514
743,768,1,512
739,781,1,505
748,783,1,504
748,779,1,506
748,468,69,701
743,439,68,717
738,599,0,619
741,588,0,626
739,612,0,612
738,612,0,611
738,617,0,608
738,619,0,607
738,619,0,607
738,619,0,607
738,619,0,607
738,619,0,607
738,619,0,607
738,619,0,607
738,619,0,607
738,619,0,607
738,619,0,607
738,619,0,607
738,619,0,607
732,766,0,514
743,734,0,534
739,772,0,510
734,757,0,519
743,745,0,527
743,779,0,506
747,756,0,520
747,766,0,514
748,792,0,498
748,500,68,681
747,482,68,692
745,446,68,713
745,437,69,719
743,450,69,711
739,453,69,709
743,475,69,696
739,644,1,591
745,687,1,563
734,707,1,551
730,739,1,531
734,754,1,521
743,754,1,522
736,781,1,505
736,770,1,511
741,797,1,495
748,795,1,496
739,795,1,496
738,795,1,496
738,792,0,498
736,772,1,510
745,774,0,509
748,766,0,514
739,743,0,528
738,763,0,516
745,754,0,521
748,761,0,517
739,730,0,536
739,743,0,528
745,714,0,547
736,732,0,535
736,702,1,554
745,682,1,567
745,687,1,564
745,675,1,572
741,644,1,591
743,628,1,601
745,626,1,602
741,637,1,596
743,581,1,631
747,586,1,627
747,635,1,597
748,635,1,597
743,757,1,519
745,757,1,519
743,754,1,522
743,761,1,517
734,768,1,512
745,763,1,516
745,770,1,511
748,806,1,489
748,781,1,505
745,795,1,496
750,675,69,571
745,493,69,685
748,446,68,713
743,478,68,694
743,441,68,716
741,446,68,713
743,444,68,714
739,444,68,714
741,444,68,714
736,626,0,602
741,649,0,588
743,702,0,554
736,757,0,519
732,792,0,498
736,768,0,512
738,768,0,513
736,768,1,513
741,790,1,499
734,768,1,513
747,772,1,510
736,774,1,509
745,765,1,515
743,770,1,511
745,748,1,525
739,739,1,531
738,738,1,532
745,732,1,535
743,748,1,525
745,739,1,531
743,732,1,535
743,687,1,564
743,680,1,568
743,700,1,556
745,655,1,584
745,675,0,571
745,633,0,598
745,633,0,598
743,649,0,587
745,649,0,588
743,653,0,585
743,745,1,527
743,774,1,509
743,781,1,505
743,765,0,515
743,768,0,513
743,797,0,495
745,788,0,500
743,768,0,512
748,795,0,496
743,781,0,505
747,801,0,493
747,817,0,483
739,511,68,674
743,671,0,574
748,757,0,519
747,777,0,507
748,799,0,494
741,793,0,497
739,804,0,490
741,781,1,505
741,784,1,502
741,806,1,489
743,792,1,498
741,810,1,487
739,828,1,476
743,784,1,502
743,820,1,480
743,801,1,493
743,784,1,502
741,784,1,503
741,788,1,500
741,797,1,495
743,790,1,499
741,822,0,479
739,784,0,502
739,784,0,502
745,781,0,505
748,489,68,687
745,462,68,704
745,450,68,711
739,439,68,717
739,468,68,700
738,419,0,729
739,595,0,622
739,626,0,602
738,626,0,602
739,639,0,594
741,639,0,594
741,633,1,598
748,599,1,620
743,637,1,595
745,633,1,598
743,624,1,603
747,621,1,606
743,721,0,542
748,495,68,684
738,633,0,598
741,644,0,591
743,675,0,571
743,702,0,555
743,687,0,564
743,711,0,549
743,702,0,554
745,711,0,549
743,739,0,531
745,720,1,543
741,720,1,543
745,718,1,544
745,709,1,550
743,714,1,546
743,734,1,534
743,716,1,545
743,707,1,551
741,727,1,539
743,745,1,527
741,714,1,546
747,711,1,549
748,738,1,532
748,495,69,684
745,606,1,615
743,417,69,730
739,597,1,621
747,682,1,567
748,702,1,554
743,732,1,535
743,741,1,530
745,743,1,528
745,738,1,532
745,714,1,547
745,738,1,532
745,718,1,544
747,748,1,525
747,714,1,546
748,752,1,523
739,738,1,532
745,747,1,526
745,714,1,546
745,718,1,544
745,741,1,530
745,734,1,534
745,738,1,532
745,714,1,547
745,729,1,537
743,720,1,543
743,720,1,543
743,738,1,532
743,727,1,538
745,741,1,529
743,700,1,556
736,734,1,534
739,739,1,531
741,718,1,544
745,727,1,538
745,727,1,538
741,754,1,522
738,743,1,528
736,727,1,539
738,756,1,520
739,747,1,526
739,736,1,533
741,727,1,539
745,730,1,536
739,765,1,515
743,761,1,517
743,750,1,524
743,741,1,529
743,770,0,511
745,754,1,522
734,505,69,678
734,496,69,683
734,460,69,705
720,455,69,708
721,752,1,523
725,766,1,514
725,779,1,506
727,786,1,501
729,615,69,609
730,520,68,669
734,527,68,664
734,507,68,677
736,522,68,668
734,527,68,665
730,527,68,664
730,545,68,653
730,502,68,680
734,509,68,675
730,507,68,677
734,550,68,650
730,511,68,674
734,552,68,649
734,549,68,651
730,554,68,648
736,534,68,660
734,554,68,648
734,527,68,665
734,561,68,643
734,527,68,664
736,522,69,668
736,541,69,656
739,538,69,658
738,559,69,644
738,527,69,665
738,568,69,639
736,563,69,642
736,529,69,663
736,516,68,671
736,536,68,659
734,547,68,652
736,563,68,642
732,516,68,671
734,561,68,643
734,518,68,670
734,514,68,672
730,556,68,647
736,532,68,661
730,518,68,670
727,514,68,672
730,547,68,652
729,545,68,653
729,504,68,679
734,541,68,655
727,522,68,668
730,534,68,660
727,541,68,655
727,536,68,659
729,500,68,681
730,694,1,559
725,694,1,559
723,754,1,521
725,750,1,524
723,759,1,518
723,779,1,506
723,768,1,512
721,783,1,504
721,779,0,506
743,815,0,484
754,824,0,478
757,797,0,495
761,824,0,478
765,838,0,469
766,813,0,485
770,826,0,477
772,820,0,480
774,835,0,471
777,817,0,483
779,810,0,487
781,799,0,494
781,831,0,474
783,802,0,491
784,801,0,492
784,817,0,483
786,822,0,479
786,822,0,479
784,815,0,484
784,784,1,502
788,817,1,483
788,793,1,497
765,784,1,503
756,801,1,493
750,797,1,495
745,770,1,511
741,765,1,515
736,774,0,509
734,772,0,510
730,765,0,515
729,759,0,518
729,741,0,529
729,748,0,525
727,784,0,503
727,765,0,515
725,784,0,503
727,766,0,514
727,797,0,495
727,768,0,512
730,525,68,666
727,489,68,688
730,509,68,675
730,477,68,695
734,523,68,667
732,529,68,663
729,520,68,669
727,527,68,664
734,505,69,678
730,489,69,688
734,491,69,686
732,527,69,664
732,540,69,657
729,514,69,672
734,538,69,658
734,545,69,653
736,500,69,681
734,529,68,663
736,541,68,656
734,520,68,669
734,505,68,678
734,520,68,669
736,554,68,648
734,527,68,665
734,547,68,652
736,507,68,677
736,509,68,675
736,509,68,675
734,522,68,668
736,509,68,676
734,543,68,654
732,505,68,678
736,504,68,679
732,540,68,657
734,495,68,684
732,522,68,668
730,509,68,675
734,478,69,694
734,504,69,679
734,471,69,698
730,489,69,687
730,495,69,684
734,495,69,684
730,498,69,682
730,460,69,705
727,439,68,718
725,459,68,706
721,448,68,712
723,649,0,588
725,658,0,582
721,698,0,557
721,727,0,538
721,734,0,534
721,747,0,526
723,723,0,541
723,730,0,536
721,716,0,545
734,716,0,545
745,712,0,548
748,748,0,525
752,743,0,528
752,716,0,545
754,705,0,552
756,736,0,533
757,721,0,542
757,707,1,551
759,729,1,537
761,712,1,548
761,687,1,563
761,712,1,548
761,718,1,544
761,729,1,537
761,691,1,561
761,702,0,554
761,723,0,541
759,707,0,551
759,727,0,538
757,696,0,558
757,658,0,582
736,628,0,601
729,622,0,605
729,622,0,605
729,622,0,605
718,644,0,591
723,658,0,582
721,698,0,557
721,694,0,559
725,741,0,530
723,718,0,544
725,727,0,539
725,747,0,526
727,775,0,508
725,464,68,703
725,469,68,699
727,468,69,701
727,498,69,682
725,459,69,706
729,475,69,696
727,451,69,710
725,459,69,706
727,475,69,696
730,502,69,680
729,480,68,693
727,468,68,700
730,493,68,685
729,491,68,686
729,505,68,678
730,522,68,668
730,522,68,668
730,486,68,690
730,513,68,673
727,478,68,694
730,507,68,677
729,495,68,684
730,509,68,675
730,534,68,660
730,523,68,667
734,541,68,655
730,527,68,665
734,527,68,665
730,509,68,675
732,511,68,674
727,518,69,670
730,514,69,672
734,522,69,668
730,491,69,686
734,500,69,681
734,502,69,680
730,511,69,674
734,534,69,660
729,496,68,683
732,505,68,678
730,491,68,686
730,527,68,664
730,509,68,676
730,504,68,679
730,511,68,674
727,491,68,686
727,496,68,683
725,489,68,688
725,487,68,689
725,464,68,703
725,500,68,681
723,495,68,684
725,637,0,596
723,662,0,580
723,698,0,557
723,734,0,534
725,716,0,545
721,756,0,520
721,752,0,523
721,752,1,523
721,754,1,522
738,727,1,538
747,725,1,540
752,716,1,545
754,711,1,549
756,711,1,549
757,741,1,530
757,714,0,547
759,738,0,532
759,732,0,535
759,712,0,548
761,696,0,558
761,696,0,558
761,714,0,547
761,673,0,573
761,666,0,577
761,667,0,576
763,676,0,570
761,658,0,582
761,666,0,577
763,633,0,598
763,640,0,593
763,633,0,598
743,651,0,586
730,640,0,593
723,666,0,577
720,664,0,578
725,703,1,553
723,700,1,556
727,714,1,547
725,747,1,526
727,727,1,538
727,734,1,534
725,766,1,514
727,772,1,510
727,750,0,524
721,480,68,693
725,675,0,571
727,495,68,684
727,487,68,689
727,491,68,686
720,653,0,585
723,702,0,554
723,750,0,524
725,779,0,506
725,761,0,517
727,765,1,515
725,513,68,673
725,529,68,663
725,489,68,687
725,509,68,675
725,529,68,663
727,529,68,663
725,491,68,686
727,507,68,677
727,543,68,654
727,712,1,548
745,770,1,511
736,527,69,665
730,518,69,670
727,518,69,670
723,484,69,691
721,532,68,661
723,685,0,565
727,716,0,545
729,756,0,520
727,505,68,678
725,511,68,674
721,502,68,680
721,505,68,678
721,554,68,648
721,554,68,648
725,513,68,673
721,520,68,669
718,502,69,680
721,460,68,705
721,453,68,709
718,606,0,615
723,687,0,564
721,718,0,544
721,712,0,548
727,709,1,550
729,759,0,518
727,505,68,678
725,462,68,704
729,484,68,691
725,471,68,698
727,486,68,690
725,468,68,700
725,451,68,710
725,455,69,708
727,464,69,703
725,477,69,695
723,478,69,694
727,484,69,691
725,505,69,678
725,513,69,673
727,509,69,675
729,493,69,685
727,489,69,688
729,511,69,674
729,489,69,688
729,514,69,672
729,477,69,695
729,493,68,685
729,502,68,680
727,495,68,684
725,462,68,704
729,534,69,660
721,475,69,696
727,727,1,538
727,721,1,542
727,736,1,533
729,754,1,522
729,484,69,691
725,493,68,685
725,489,68,688
723,734,1,534
723,712,1,548
721,716,1,545
723,702,1,555
721,727,1,538
723,718,1,544
723,741,1,530
721,709,0,550
721,702,0,554
723,689,0,562
721,703,0,553
720,725,0,540
721,739,0,531
721,703,0,553
721,716,0,545
720,711,0,549
721,720,0,543
720,734,0,534
723,741,0,529
721,707,0,551
721,748,0,525
723,734,0,534
723,714,1,546
727,750,1,524
727,727,1,539
727,730,1,536
725,450,69,711
727,473,69,697
727,473,69,697
727,421,69,728
727,468,69,701
727,417,69,730
721,468,69,701
725,446,69,713
723,455,69,708
725,439,69,718
721,460,68,705
729,736,5,533
729,736,5,533
729,736,5,533
729,736,5,533
734,727,5,538
729,754,5,522
741,518,69,670
729,723,5,541
738,729,0,537
725,649,0,587
738,667,0,576
727,718,0,544
727,736,0,533
723,754,0,521
727,745,0,527
741,604,68,616
734,504,68,679
732,504,68,679
738,500,68,681
734,450,68,711
736,498,68,682
734,489,68,688
730,446,68,713
734,444,68,714
734,448,69,712
732,464,69,703
734,482,69,692
738,448,69,712
730,471,69,698
730,451,69,710
734,469,69,699
727,612,5,611
738,792,5,498
736,801,5,492
739,554,69,648
730,442,69,715
736,747,5,526
732,448,69,712
730,615,0,609
734,685,0,565
736,712,0,548
725,705,0,552
721,702,0,554
721,702,0,554
725,732,0,535
721,745,0,527
721,743,0,528
736,763,0,516
734,779,0,506
734,754,0,521
739,774,0,509
736,793,0,497
739,772,0,510
739,525,68,666
738,471,69,698
739,507,69,677
739,468,69,700
736,471,69,698
734,504,69,679
736,514,69,672
741,504,69,679
736,489,69,688
734,478,69,694
736,516,69,671
732,496,68,683
734,478,68,694
730,664,0,578
736,707,0,551
732,779,0,506
732,756,0,520
730,784,0,502
732,777,0,507
734,790,0,499
732,792,0,498
734,788,0,500
736,784,0,502
736,770,0,511
736,788,0,500
734,763,0,516
734,759,0,518
736,774,0,509
732,781,0,505
734,689,5,562
736,774,5,509
734,750,5,524
743,491,69,686
739,496,69,683
736,469,69,699
736,774,5,509
739,516,69,671
736,471,69,698
736,478,69,694
734,469,69,699
738,513,69,673
736,505,69,678
736,511,69,674
732,475,69,696
734,466,69,702
729,655,0,584
738,734,0,534
732,721,0,542
732,768,0,513
738,772,0,510
738,527,68,665
727,639,0,594
739,700,0,556
732,495,68,684
732,648,0,589
736,739,0,531
734,739,0,531
734,739,0,531
732,732,0,535
732,739,0,531
736,783,0,504
739,649,5,588
739,509,69,675
736,534,69,660
739,514,69,672
739,489,69,688
739,487,69,689
739,486,69,690
736,525,69,666
736,520,69,669
734,514,69,672
734,511,69,674
727,615,5,609
732,741,5,530
734,777,5,507
736,750,5,524
736,772,5,510
739,770,5,511
734,522,69,668
727,653,5,585
732,738,5,532
739,802,0,491
734,487,69,689
736,720,5,543
738,540,68,657
739,543,68,654
736,739,0,531
734,763,0,516
727,754,0,522
727,757,0,519
729,750,0,524
730,741,0,529
729,761,0,517
734,770,0,511
739,754,0,521
739,775,0,508
739,756,0,520
739,540,68,657
738,493,68,685
738,540,68,657
739,543,68,654
739,538,68,658
739,540,69,657
739,513,69,673
739,534,69,660
738,531,69,662
739,502,69,680
738,509,69,676
739,507,69,677
738,513,69,673
738,495,69,684
736,541,69,656
734,504,69,679
736,522,69,668
736,543,68,654
732,536,68,659
739,655,0,584
734,507,68,677
734,496,68,683
739,777,5,507
734,484,69,691
738,496,69,683
730,723,0,541
736,732,0,535
736,538,68,658
730,637,0,596
734,707,0,551
732,741,0,530
730,649,5,587
734,766,5,514
739,774,5,509
739,801,5,493
736,525,69,666
736,529,69,663
736,493,69,685
736,496,69,683
736,500,69,681
736,493,69,685
736,527,68,664
730,509,68,675
736,675,0,571
730,504,68,679
736,712,0,548
734,750,0,524
734,739,0,531
734,781,0,505
736,768,0,512
736,801,0,493
739,777,0,507
736,772,0,510
738,792,0,498
739,799,0,494
736,786,0,501
739,761,0,517
739,768,0,513
736,784,0,502
739,784,0,502
736,541,69,655
734,532,69,661
730,523,69,667
729,720,5,543
736,754,5,521
736,777,5,507
738,756,5,520
739,783,5,504
736,784,5,502
736,754,5,522
736,527,69,665
730,529,69,663
725,669,5,575
736,743,0,528
730,522,68,668
736,644,0,591
739,718,0,544
739,707,0,551
736,532,68,661
734,655,0,584
734,662,0,579
738,727,0,539
739,556,68,647
730,541,68,655
736,779,0,506
734,770,0,511
736,774,0,509
738,759,0,518
736,757,0,519
736,799,0,494
739,772,5,510
739,754,5,521
739,770,5,511
739,736,5,533
739,756,5,520
736,741,5,529
739,747,5,526
736,502,69,680
734,473,69,697
732,516,69,671
734,480,69,693
732,612,0,612
734,666,5,577
734,666,5,577
732,759,0,518
730,750,0,524
727,736,0,533
729,732,0,535
730,768,0,513
730,754,0,522
732,747,0,526
732,741,0,529
736,790,5,499
739,768,5,512
739,799,5,494
734,534,69,660
739,493,69,685
738,514,69,672
736,505,69,678
736,507,69,677
734,534,69,660
739,504,69,679
734,495,69,684
725,691,5,561
734,748,5,525
736,795,5,496
739,597,69,621
727,676,5,570
736,768,5,512
736,558,69,646
730,505,68,678
736,648,0,589
729,711,0,549
729,732,0,535
732,716,0,545
734,754,0,521
734,754,0,522
734,752,0,523
734,754,0,521
734,723,0,541
732,729,0,537
734,754,5,522
736,736,5,533
738,768,5,512
738,754,5,521
736,768,5,513
736,745,5,527
736,757,5,519
736,729,5,537
734,736,5,533
738,759,5,518
730,500,69,681
738,747,0,526
734,750,0,524
734,727,0,539
736,720,5,543
739,720,69,543
734,509,69,676
736,460,69,705
739,473,69,697
739,482,69,692
738,500,69,681
736,507,69,677
730,509,69,676
738,466,69,702
730,509,69,676
723,621,5,606
730,770,5,511
738,770,5,511
734,545,68,653
725,617,0,608
727,660,0,581
729,700,0,556
730,745,0,527
729,757,0,519
730,759,0,518
734,768,0,512
732,772,0,510
732,766,0,514
732,732,0,535
734,734,0,534
732,741,0,529
734,734,0,534
736,763,0,516
736,754,5,521
736,752,5,523
738,768,5,512
738,768,5,512
736,761,5,517
738,766,5,514
739,736,5,533
736,741,5,529
736,736,5,533
736,763,5,516
738,768,5,513
736,732,5,535
736,730,5,536
736,727,5,539
736,761,5,517
736,748,5,525
736,752,5,523
734,748,5,525
734,761,5,517
739,763,5,516
727,583,5,630
729,698,5,557
730,738,5,532
736,736,0,533
734,725,0,540
736,732,0,535
736,721,0,542
738,714,0,546
738,725,0,540
736,736,0,533
739,720,0,543
736,727,0,538
738,738,0,532
732,504,68,679
732,468,68,701
729,451,68,710
729,475,68,696
727,603,0,617
730,666,0,577
730,725,0,540
736,727,0,538
732,729,0,537
727,671,5,574
732,754,5,521
738,757,5,519
736,729,5,537
738,730,5,536
738,747,5,526
736,495,69,684
734,486,69,690
730,459,69,706
732,446,69,713
727,592,5,624
723,709,5,550
730,741,5,530
736,743,5,528
736,759,5,518
738,725,5,540
739,759,0,518
727,617,5,608
736,741,0,530
734,734,5,534
729,743,0,528
727,745,0,527
727,748,0,525
727,741,0,530
730,741,0,530
736,716,0,545
739,721,0,542
736,714,0,546
734,734,5,534
736,752,5,523
738,723,5,541
736,716,5,545
734,723,5,541
734,727,0,539
734,741,0,529
730,723,0,541
730,736,0,533
734,729,0,537
736,721,0,542
736,754,0,522
738,756,0,520
734,759,5,518
738,738,5,532
739,754,5,522
734,505,69,678
734,464,69,703
736,439,69,717
734,455,69,708
732,450,69,711
739,489,69,688
727,612,5,611
736,748,5,525
738,777,5,507
739,747,0,526
729,597,0,621
734,702,0,555
729,714,0,546
727,727,0,538
725,736,0,533
725,752,0,523
725,727,0,538
727,747,0,526
727,729,0,537
727,756,0,520
729,734,0,534
730,757,0,519
738,756,0,520
736,730,0,536
736,736,0,533
734,732,5,535
739,766,5,514
734,475,69,696
734,471,69,698
732,468,69,701
736,450,69,711
727,468,5,700
725,687,5,563
727,739,5,531
732,711,5,549
734,727,5,538
734,702,5,555
736,711,5,549
736,734,5,534
736,727,0,538
736,741,0,530
736,736,5,533
739,736,5,533
736,705,5,552
738,716,5,545
738,756,5,520
738,739,5,531
739,738,5,532
739,738,0,532
730,590,0,625
738,702,0,555
730,439,68,718
734,617,0,608
736,700,0,556
730,477,68,695
727,664,0,578
739,669,68,575
730,606,0,615
736,702,0,554
739,482,68,692
736,489,68,687
730,475,68,696
739,673,0,573
730,741,0,530
730,757,0,519
730,725,0,540
729,615,5,609
734,779,5,506
736,774,5,509
736,765,5,515
739,756,5,520
739,774,5,509
738,754,5,521
739,768,5,512
739,756,5,520
739,768,5,513
738,765,5,515
739,743,5,528
738,745,5,527
738,734,5,534
738,745,0,527
734,723,5,541
727,754,0,521
725,727,0,539
729,743,5,528
734,748,0,525
739,723,0,541
736,754,0,522
738,752,0,523
739,730,0,536
739,716,68,545
730,457,68,707
734,718,0,544
732,727,0,538
734,723,0,541
734,738,0,532
736,743,0,528
734,752,0,523
739,730,0,536
732,468,68,700
734,637,0,596
736,678,0,569
736,714,0,546
738,727,0,539
734,730,0,536
739,779,0,506
727,639,5,594
736,784,5,503
736,498,69,682
736,486,69,690
736,509,69,675
734,511,69,674
734,509,69,676
734,489,69,687
734,489,69,687
736,462,69,704
734,509,69,675
732,462,69,704
729,734,5,534
725,748,0,525
729,761,0,517
729,747,0,526
729,745,0,527
729,745,0,527
729,774,0,509
727,756,0,520
727,768,0,513
730,754,0,521
730,734,0,534
732,757,0,519
730,756,0,520
730,727,0,538
729,761,0,517
727,727,0,538
732,730,0,536
736,752,5,523
734,743,5,528
736,750,5,524
738,718,5,544
736,502,69,680
734,450,69,711
730,441,69,716
736,457,69,707
727,732,0,535
730,747,0,526
736,743,0,528
734,721,0,542
736,743,0,528
739,766,5,514
738,741,5,529
736,480,69,693
734,511,69,674
736,477,69,695
732,608,5,614
734,783,5,504
739,549,69,651
732,471,69,698
734,487,69,689
732,662,0,579
739,669,68,575
730,491,68,686
729,516,68,671
730,673,0,573
734,711,0,549
738,772,0,510
739,784,0,502
730,491,68,686
734,660,0,581
734,475,68,696
730,642,0,592
736,736,0,533
730,763,0,516
730,752,0,523
734,768,0,512
732,781,0,505
736,770,0,511
734,759,5,518
739,799,5,494
730,761,5,517
739,540,69,657
738,464,69,703
736,459,69,706
734,475,69,696
734,466,69,702
730,457,69,707
736,480,69,693
730,495,69,684
714,619,5,607
730,739,5,531
736,732,5,535
736,729,5,537
739,732,5,535
739,757,0,519
732,757,0,519
727,750,0,524
725,727,0,539
734,493,68,685
734,505,69,678
734,639,0,594
729,651,0,586
727,711,0,549
725,720,0,543
725,714,0,546
725,730,0,536
725,732,0,535
725,725,0,540
725,720,0,543
725,738,0,532
727,723,0,541
727,741,0,529
729,756,0,520
729,720,0,543
729,727,0,539
727,721,0,542
727,720,0,543
727,750,0,524
734,667,5,576
734,721,5,542
736,739,5,531
734,739,5,531
734,714,5,547
736,703,5,553
739,727,5,538
738,730,5,536
736,702,5,554
736,725,5,540
734,712,5,548
736,689,5,562
738,694,5,559
736,727,5,539
734,687,5,564
734,721,5,542
734,689,5,562
732,716,5,545
732,680,5,568
730,680,5,568
730,714,5,546
727,691,5,561
732,675,5,572
730,712,5,548
730,687,5,564
730,680,5,568
732,723,0,541
734,714,0,547
734,714,5,547
729,675,5,572
727,700,5,556
721,671,5,574
721,680,5,568
720,648,5,589
720,662,5,579
718,684,5,566
718,655,5,584
720,648,0,589
721,691,5,561
721,684,5,566
720,662,5,579
721,684,5,566
718,667,5,576
716,646,5,590
718,660,5,581
716,648,5,589
718,667,5,576
718,676,5,570
721,687,5,563
721,676,5,570
718,651,5,586
716,678,5,569
718,646,5,590
730,711,5,549
730,727,5,538
730,698,5,557
730,684,5,566
732,716,0,545
732,732,5,535
736,727,0,539
725,736,0,533
729,716,0,545
734,750,0,524
736,739,0,531
730,756,0,520
736,734,0,534
739,747,0,526
730,428,68,724
736,630,0,600
739,651,68,586
730,424,68,726
730,570,0,638
734,640,0,593
736,682,0,567
738,739,5,531
736,730,5,536
736,705,5,552
736,711,5,549
738,696,5,558
734,720,5,543
739,714,5,546
736,712,5,548
736,687,5,564
734,721,5,542
727,700,5,556
729,718,5,544
734,700,5,556
729,705,5,552
729,680,5,568
732,687,5,563
729,711,5,549
732,676,5,570
725,709,5,550
732,687,0,564
734,730,0,536
736,703,0,553
734,734,0,534
734,725,0,540
730,725,0,540
734,727,0,539
732,748,0,525
727,718,0,544
730,754,0,521
732,730,0,536
736,761,0,517
736,727,0,538
730,759,0,518
730,757,0,519
732,736,0,533
734,738,0,532
734,727,0,539
730,727,0,539
734,739,5,531
736,730,5,536
738,756,5,520
736,741,5,529
738,468,69,701
732,455,69,708
736,446,69,713
736,459,69,706
730,592,5,624
730,752,5,523
734,754,5,521
736,725,5,540
738,756,5,520
730,442,69,715
732,586,0,627
725,660,0,581
725,680,0,568
725,702,0,555
723,714,0,547
732,687,0,564
732,720,0,543
734,684,0,566
732,698,0,557
732,721,0,542
730,721,0,542
729,702,0,554
730,702,0,554
734,693,0,560
732,687,5,564
730,702,5,555
727,703,5,553
730,687,5,564
734,666,5,577
730,702,5,555
725,667,5,576
727,648,5,589
727,673,5,573
729,666,0,577
730,675,0,571
732,666,0,577
730,667,0,576
730,662,0,579
727,700,0,556
729,691,0,561
727,696,0,558
730,662,0,579
730,667,0,576
732,648,0,589
730,653,0,585
730,669,0,575
730,711,0,549
734,739,5,531
738,500,69,681
730,433,69,721
734,428,69,724
736,426,69,725
734,475,69,696
738,480,69,693
730,441,69,716
732,689,5,562
734,721,0,542
734,750,5,524
725,741,0,530
729,732,0,535
727,741,0,529
725,736,0,533
723,765,0,515
723,756,0,520
732,734,0,534
736,756,0,520
734,766,0,514
741,694,68,559
727,619,0,607
736,608,0,614
732,671,0,574
730,698,0,557
729,624,5,603
734,729,5,537
734,730,5,536
736,743,5,528
732,702,5,554
734,741,5,530
736,714,5,547
734,730,5,536
734,739,5,531
734,729,5,537
732,698,5,557
734,700,5,556
734,723,5,541
734,694,5,559
736,714,5,547
734,702,5,554
734,691,0,561
734,727,0,539
734,727,0,539
732,738,5,532
734,748,0,525
734,752,0,523
736,745,0,527
736,720,0,543
738,750,0,524
736,727,0,539
734,734,0,534
727,725,0,540
734,757,0,519
738,732,0,535
736,756,0,520
738,772,0,510
736,770,0,511
736,750,0,524
736,774,0,509
739,741,0,529
739,779,5,506
739,768,5,513
736,460,69,705
739,484,69,691
732,487,69,689
736,435,69,720
730,435,69,720
734,480,69,693
730,475,69,696
730,468,69,700
732,469,69,699
718,673,5,573
725,741,5,529
725,712,5,548
734,714,5,547
734,725,5,540
734,723,5,541
736,718,0,544
734,738,0,532
736,714,0,547
736,734,0,534
736,714,0,546
738,739,0,531
730,714,0,547
736,739,0,531
734,732,0,535
734,748,0,525
734,741,0,529
730,730,0,536
727,651,0,586
730,675,0,572
732,689,0,562
732,705,0,552
734,696,0,558
736,698,0,557
734,696,0,558
736,714,0,546
732,691,0,561
730,716,0,545
732,723,0,541
734,730,0,536
730,712,0,548
730,716,5,545
732,712,5,548
734,723,5,541
736,748,5,525
738,725,5,540
736,766,5,514
739,727,5,538
738,741,5,530
738,500,69,681
734,441,69,716
736,442,69,715
725,585,5,628
725,729,5,537
736,750,5,524
739,768,5,512
739,756,0,520
738,770,0,511
727,459,0,706
730,612,0,611
727,671,0,574
729,732,0,535
732,711,0,549
736,754,0,521
730,716,0,545
734,741,0,530
736,718,0,544
736,720,0,543
736,752,0,523
734,714,0,547
732,703,5,553
734,738,5,532
736,738,5,532
730,705,5,552
734,707,5,551
736,727,5,539
734,727,5,539
734,705,5,552
730,727,5,539
732,696,5,558
734,725,5,540
736,747,5,526
734,736,5,533
738,739,5,531
736,745,5,527
736,729,5,537
739,734,5,534
738,741,5,529
738,727,5,538
739,730,5,536
739,729,5,537
732,464,68,703
736,648,0,589
734,673,0,573
739,709,0,550
736,694,0,559
736,738,0,532
727,714,0,547
730,739,0,531
734,739,0,531
738,734,0,534
739,603,68,617
730,460,68,705
730,471,68,698
734,601,0,618
738,682,0,567
736,671,0,574
736,664,5,578
734,689,5,562
736,718,5,544
734,707,5,551
738,703,5,553
734,714,5,546
736,714,5,546
736,711,5,549
736,703,5,553
736,727,5,538
736,707,5,551
738,732,5,535
739,736,5,533
739,741,5,529
739,741,5,530
738,739,5,531
736,714,5,546
738,712,5,548
734,734,5,534
736,696,5,558
736,739,5,531
738,711,5,549
727,700,0,556
730,696,0,558
734,727,0,538
734,730,0,536
734,720,0,543
736,727,0,539
736,748,0,525
738,723,0,541
736,745,0,527
739,741,0,529
732,511,68,674
736,624,0,604
736,705,0,552
739,714,0,546
736,730,0,536
739,662,68,579
730,657,0,583
736,687,0,564
730,702,5,555
732,754,5,521
738,793,5,497
741,768,69,512
734,747,5,526
738,750,5,524
738,779,5,506
736,756,5,520
738,783,5,504
736,504,69,679
734,513,69,673
736,502,69,680
730,489,69,687
730,500,69,681
730,649,5,587
736,754,5,522
738,748,5,525
736,507,69,677
730,513,69,673
729,662,5,580
734,678,5,569
739,689,0,562
738,714,0,546
736,752,0,523
738,741,0,529
732,736,0,533
730,716,0,545
734,748,0,525
734,673,5,573
738,754,5,522
734,509,69,676
734,498,69,682
736,711,0,549
734,718,0,544
736,752,0,523
736,747,0,526
736,748,0,525
736,725,0,540
734,730,0,536
736,763,0,516
736,725,5,540
739,739,5,531
734,496,69,683
734,473,69,697
734,489,69,688
736,460,69,705
732,489,69,688
734,446,69,713
732,451,69,710
734,493,69,685
734,496,69,683
720,646,5,590
732,779,5,506
736,770,5,511
739,675,68,572
727,594,5,623
734,745,0,527
739,748,0,525
739,763,0,516
736,529,68,663
730,460,68,705
739,662,0,579
736,720,0,543
738,754,0,521
727,741,0,529
730,720,0,543
732,732,0,535
734,748,0,525
727,640,5,593
734,734,5,534
738,763,5,516
734,730,5,536
736,727,5,539
739,745,5,527
727,507,5,677
730,741,5,530
734,736,5,533
732,741,5,530
732,739,5,531
734,707,5,551
736,716,5,545
734,738,5,532
736,709,5,550
734,696,5,558
730,736,5,533
739,741,5,530
734,738,5,532
736,739,5,531
736,721,5,542
732,721,5,542
736,745,5,527
739,745,0,527
730,603,0,617
736,705,0,552
738,711,0,549
739,736,0,533
739,743,0,528
727,624,0,603
736,675,0,571
730,460,68,705
734,615,0,609
736,714,0,546
730,745,0,527
729,754,0,521
736,756,0,520
736,468,68,700
736,469,68,699
734,455,68,708
734,450,69,711
732,493,69,685
736,475,69,696
734,448,69,712
734,496,69,683
729,444,69,714
734,453,69,709
730,444,69,714
734,493,69,685
734,491,69,686
721,628,5,601
727,743,5,528
730,765,5,515
727,718,5,544
725,748,0,525
725,727,5,539
730,711,0,549
725,743,0,528
721,721,0,542
725,703,0,553
730,741,0,529
732,741,0,529
734,720,0,543
732,721,0,542
734,747,0,526
734,714,0,547
725,689,0,562
725,693,0,560
727,691,0,561
730,705,0,552
734,700,0,556
732,741,0,530
734,743,0,528
736,734,0,534
730,720,0,543
730,721,0,542
736,727,0,539
738,732,0,535
734,743,0,528
734,739,0,531
736,741,0,530
739,774,0,509
730,460,69,705
741,626,69,602
736,500,69,681
734,453,69,709
734,477,69,695
734,487,69,689
738,471,69,698
738,437,69,719
734,455,69,708
736,444,69,714
736,487,69,689
721,707,5,551
734,757,0,519
739,689,68,562
727,635,0,597
734,651,0,586
734,705,0,552
738,730,0,536
736,768,0,513
739,736,0,533
727,559,0,644
730,626,0,602
727,703,0,553
734,716,0,545
736,745,0,527
734,714,0,546
736,716,0,545
738,736,0,533
727,666,5,577
730,714,5,546
732,727,5,539
732,736,5,533
734,700,5,556
734,732,5,535
734,741,5,530
734,736,5,533
736,739,5,531
736,723,0,541
736,709,0,550
739,493,68,685
738,442,69,715
738,473,69,697
738,478,69,694
734,482,69,692
734,495,69,684
734,477,69,695
736,498,69,682
739,504,69,679
732,491,69,686
730,498,69,682
734,468,69,701
727,612,5,611
725,613,0,610
730,644,0,591
721,658,0,582
727,657,0,583
730,675,0,572
730,687,0,563
734,716,0,545
730,709,0,550
734,712,0,548
736,705,0,552
738,739,0,531
734,734,0,534
732,721,0,542
736,712,0,548
734,718,0,544
736,748,0,525
734,673,5,573
732,727,5,539
734,716,5,545
736,718,5,544
736,720,5,543
736,738,5,532
736,747,5,526
738,723,5,541
736,718,5,544
736,739,5,531
736,727,5,538
738,730,5,536
739,725,5,540
739,745,5,527
734,509,68,675
730,617,0,608
734,682,0,567
734,693,0,560
734,709,0,550
730,678,0,569
732,721,0,542
734,691,5,561
732,711,0,549
729,714,0,546
730,709,0,550
734,747,0,526
727,730,0,536
729,707,0,551
734,743,0,528
734,714,0,546
734,723,0,541
734,743,0,528
736,714,0,546
739,721,0,542
732,723,0,541
734,738,0,532
734,714,0,546
734,741,0,530
734,741,5,529
732,748,5,525
738,729,5,537
739,732,5,535
736,748,5,525
734,415,69,731
736,403,69,738
739,446,69,713
738,406,69,736
736,459,69,706
736,406,69,736
723,741,5,529
725,721,5,542
727,756,5,520
730,721,0,542
734,714,0,547
734,723,0,541
730,738,0,532
734,709,0,550
730,712,0,548
734,720,0,543
734,711,0,549
734,741,0,530
734,712,0,548
730,734,0,534
734,712,0,548
734,718,0,544
736,714,0,546
734,732,0,535
729,714,5,547
736,705,5,552
730,741,0,530
730,736,0,533
732,725,0,540
730,709,0,550
729,743,0,528
729,725,0,540
736,725,0,540
734,712,0,548
734,702,5,554
734,723,5,541
734,423,69,727
721,711,5,549
734,743,5,528
734,729,5,537
739,754,5,521
736,714,5,547
738,757,5,519
739,743,5,528
736,739,5,531
736,756,5,520
738,730,5,536
738,468,69,700
732,430,69,723
734,428,68,724
729,612,0,612
732,696,0,558
721,702,0,554
730,721,0,542
734,714,0,547
738,732,0,535
734,752,0,523
736,723,0,541
736,716,0,545
739,721,0,542
736,747,0,526
736,745,0,527
738,720,0,543
734,738,5,532
734,727,5,538
734,730,5,536
734,732,5,535
736,729,5,537
734,727,5,539
736,702,5,555
732,680,5,568
734,676,5,570
732,691,5,561
729,711,5,549
727,693,5,560
729,700,5,556
734,741,5,529
734,729,5,537
738,738,5,532
734,727,5,538
739,741,5,529
734,464,69,703
727,556,5,647
732,741,5,529
739,784,69,502
727,770,5,511
739,738,0,532
730,759,0,518
729,752,0,523
729,754,0,521
730,750,0,524
739,754,0,522
739,768,0,512
730,448,68,712
739,604,68,616
730,464,68,703
739,604,68,616
730,624,0,603
738,759,5,518
739,772,5,510
739,770,5,511
738,489,69,687
734,486,69,690
736,448,69,712
734,473,69,697
734,424,69,726
734,462,69,704
732,466,69,702
725,612,5,612
730,702,5,554
732,730,5,536
734,752,5,523
736,752,5,523
734,720,5,543
738,754,5,521
739,730,5,536
734,459,69,706
727,583,5,630
734,707,5,551
736,712,5,548
736,720,0,543
732,739,0,531
739,752,0,523
736,714,0,547
734,716,0,545
725,714,0,547
729,739,0,531
729,754,0,521
727,727,0,539
729,723,0,541
736,761,0,517
739,727,0,538
736,522,68,668
732,504,68,679
739,487,68,689
736,511,68,674
736,480,68,693
729,655,0,584
738,675,0,571
734,655,5,584
734,793,5,497
739,790,5,499
739,525,69,666
739,529,69,663
739,505,69,678
739,487,69,689
736,523,69,667
736,487,69,689
734,527,69,664
730,491,69,686
730,676,5,570
736,761,5,517
739,768,5,512
736,487,69,689
727,660,5,581
734,772,5,510
739,792,5,498
730,495,68,684
732,675,0,571
734,518,68,670
727,628,0,601
734,678,0,569
736,711,0,549
736,727,0,538
738,738,0,532
738,721,0,542
739,732,0,535
732,489,69,688
727,671,5,574
730,741,5,529
736,768,5,512
738,766,5,514
736,756,5,520
736,768,5,513
736,716,0,545
730,727,0,539
734,736,0,533
736,747,0,526
739,761,0,517
730,750,0,524
730,739,0,531
730,754,0,521
736,766,5,514
739,597,69,621
734,774,5,509
738,813,5,485
739,783,5,504
739,801,5,492
738,768,5,513
736,768,5,513
736,500,69,681
736,509,69,675
736,509,69,675
730,631,5,599
736,720,0,543
736,750,0,524
739,745,0,527
734,770,0,511
734,768,0,512
730,763,0,516
732,756,0,520
732,765,0,515
734,741,0,529
736,752,0,523
734,734,0,534
736,752,0,523
736,741,0,530
732,727,0,538
734,766,0,514
736,738,0,532
734,732,5,535
738,772,5,510
739,770,5,511
738,741,5,530
738,759,5,518
736,489,69,688
736,459,69,706
736,500,69,681
736,507,69,677
730,487,69,689
736,511,69,674
716,648,5,589
720,707,5,551
729,761,5,517
736,766,5,514
734,745,0,527
732,756,0,520
725,741,0,530
725,752,0,523
725,752,0,523
725,752,0,523
725,752,0,523
739,741,5,530
738,507,69,677
734,466,69,702
738,471,69,698
734,489,69,688
716,633,5,598
734,748,0,525
739,772,0,510
738,741,0,530
738,750,0,524
730,738,0,532
729,750,0,524
732,743,0,528
738,538,68,658
730,484,68,691
730,514,68,672
738,689,0,562
736,720,0,543
732,754,0,521
730,765,0,515
730,775,0,508
734,754,0,521
734,754,0,522
734,783,5,504
738,547,69,652
739,527,69,665
739,473,69,697
739,478,69,694
738,486,69,690
736,507,69,677
739,469,69,699
736,514,69,672
734,511,69,674
723,617,5,608
730,727,5,538
739,759,5,518
736,475,69,696
732,489,69,687
721,630,5,600
730,698,0,557
723,748,0,525
723,738,0,532
729,716,0,545
736,721,0,542
734,522,68,668
727,651,0,586
734,640,0,593
736,676,0,570
736,721,0,542
727,716,0,545
734,712,0,548
736,509,68,676
729,468,68,700
738,482,68,692
738,509,68,676
734,480,68,693
734,489,68,688
734,516,68,671
734,527,68,665
734,518,69,670
736,523,69,667
736,511,69,674
736,489,69,687
734,502,69,680
734,505,69,678
736,500,69,681
738,491,69,686
736,493,69,685
736,486,69,690
729,513,69,673
729,738,5,532
734,763,0,516
736,768,0,513
734,763,0,516
730,757,0,519
730,779,0,506
729,757,0,519
729,745,0,527
730,768,0,512
732,745,0,527
732,750,0,524
730,763,0,516
732,747,0,526
730,736,0,533
730,752,0,523
730,759,0,518
730,757,0,519
730,741,5,530
739,732,5,535
736,761,5,517
738,761,5,517
738,765,5,515
739,572,69,636
734,466,69,702
739,484,69,691
738,446,69,713
732,487,69,689
734,504,69,679
736,487,69,689
743,514,69,672
736,486,69,690
736,468,69,700
739,475,69,696
738,462,69,704
734,514,69,672
730,495,69,684
723,662,5,580
736,801,5,492
738,763,0,516
738,777,0,507
739,756,0,520
730,750,0,524
730,727,0,538
727,759,0,518
730,757,0,519
730,754,0,521
730,768,0,513
734,741,0,529
732,736,0,533
730,732,0,535
727,748,0,525
738,745,0,527
739,682,68,567
730,624,0,604
734,651,5,586
736,768,5,513
736,759,5,518
739,754,5,521
736,518,69,670
736,471,69,698
734,435,69,720
738,480,69,693
734,451,69,710
739,482,69,692
730,444,69,714
723,613,5,610
725,669,5,575
727,721,5,542
729,684,5,566
730,684,5,566
730,684,5,566
730,693,5,560
730,685,0,565
727,675,5,572
727,725,0,540
730,711,0,549
730,741,0,529
730,712,0,548
730,745,0,527
730,745,0,527
732,727,0,538
736,732,0,535
734,700,5,556
734,736,5,533
732,729,5,537
734,712,5,548
734,723,5,541
734,727,5,538
734,727,5,538
734,739,5,531
734,711,5,549
734,732,5,535
734,687,5,563
730,714,5,546
729,707,5,551
730,711,5,549
727,669,5,575
725,693,5,560
727,700,5,556
727,689,5,562
725,675,5,572
721,684,5,566
720,687,5,563
721,662,5,579
721,649,5,588
730,727,5,539
730,700,5,556
734,711,5,549
734,714,5,546
732,712,5,548
736,702,5,555
734,714,5,546
736,741,5,529
730,698,5,557
738,712,5,548
736,714,5,546
734,741,5,529
736,729,0,537
738,754,0,521
736,745,0,527
736,754,0,521
738,723,0,541
736,747,0,526
730,671,5,574
730,702,5,555
730,684,5,566
729,682,5,567
727,678,5,569
725,687,5,563
725,653,5,585
723,687,5,563
725,662,5,580
721,673,5,573
734,714,0,546
730,714,0,546
734,718,0,544
736,721,0,542
736,727,0,539
732,745,0,527
734,741,0,529
736,745,0,527
736,747,5,526
730,714,5,547
736,747,5,526
736,725,5,540
736,714,5,547
734,732,5,535
736,718,5,544
734,723,5,541
736,734,5,534
730,700,5,556
734,720,5,543
730,714,5,546
732,675,5,571
729,685,5,565
729,675,5,572
729,673,5,573
727,662,5,579
725,662,5,580
727,685,0,565
729,714,0,546
729,700,0,556
736,732,0,535
734,734,5,534
734,696,5,558
736,714,5,546
734,694,5,559
736,720,5,543
732,714,5,546
736,714,5,547
736,750,5,524
739,754,5,521
738,721,5,542
738,745,5,527
738,714,5,546
739,745,5,527
738,743,5,528
738,741,0,530
736,734,5,534
738,727,0,538
736,752,0,523
736,741,0,529
738,714,0,547
736,745,0,527
736,720,0,543
734,729,0,537
730,721,0,542
730,729,0,537
730,720,0,543
730,730,0,536
730,725,0,540
736,741,5,530
736,738,5,532
734,738,5,532
732,754,5,522
736,723,0,541
729,462,68,704
734,705,0,552
736,716,0,545
736,748,0,525
729,727,0,539
736,759,0,518
736,734,0,534
739,743,0,528
734,729,0,537
738,738,0,532
739,761,0,517
736,725,0,540
734,756,0,520
730,727,0,539
738,747,5,526
738,752,5,523
730,741,5,530
736,707,5,551
736,725,5,540
739,705,5,552
734,693,5,560
732,732,5,535
732,696,5,558
734,696,5,558
734,729,5,537
727,702,5,554
732,694,5,559
732,705,5,552
732,718,5,544
732,675,5,571
730,716,5,545
734,727,0,538
734,687,0,563
734,700,0,556
729,736,0,533
734,739,0,531
730,752,0,523
725,723,0,541
730,729,0,537
734,761,0,517
738,732,0,535
732,757,0,519
738,730,0,536
734,757,0,519
736,765,0,515
732,768,0,512
736,761,0,517
736,741,0,529
738,756,5,520
736,768,5,513
736,448,69,712
734,419,69,729
729,475,69,696
734,766,5,514
736,747,5,526
739,450,69,711
732,466,69,702
729,770,5,511
734,752,5,523
738,734,5,534
725,745,5,527
736,732,5,535
734,741,5,530
734,736,5,533
736,739,5,531
734,714,0,546
736,741,0,529
730,707,0,551
732,720,0,543
734,700,0,556
734,698,0,557
730,709,0,550
732,725,0,540
734,702,0,554
732,723,0,541
736,734,0,534
738,738,0,532
734,694,5,559
734,682,5,567
734,736,0,533
738,759,0,518
734,729,0,537
734,761,5,517
736,768,5,512
736,745,5,527
738,770,5,511
739,747,5,526
738,765,5,515
736,437,69,719
732,439,69,718
739,482,69,692
732,433,69,721
727,628,5,601
729,759,5,518
739,761,5,517
732,747,5,526
738,792,5,498
727,741,0,529
738,763,0,516
738,736,0,533
729,768,0,513
739,558,68,645
734,649,0,587
734,691,0,561
736,540,68,657
732,612,0,612
739,662,0,579
738,685,0,565
736,732,0,535
738,745,0,527
734,725,5,540
738,721,5,542
734,705,5,552
732,738,5,532
732,711,5,549
730,691,5,561
727,714,5,546
730,720,5,543
730,714,5,547
730,721,5,542
725,716,5,545
730,714,5,547
734,682,5,567
718,630,0,600
716,617,0,608
716,594,0,623
716,622,0,605
732,741,5,529
734,727,5,538
738,734,5,534
738,770,5,511
739,754,5,521
736,763,5,516
730,750,5,524
739,768,5,513
730,649,0,587
729,702,0,554
732,759,0,518
736,745,0,527
736,478,68,694
732,666,0,577
730,714,0,547
730,754,0,522
730,741,0,529
734,750,0,524
730,504,68,679
736,633,0,598
739,552,68,649
729,617,0,608
736,682,5,567
739,797,5,495
736,493,69,685
734,489,69,687
734,460,69,705
736,462,69,704
738,480,69,693
734,460,69,705
730,475,69,696
727,612,5,612
730,698,5,557
736,745,5,527
736,738,5,532
739,745,5,527
739,747,5,526
730,460,69,705
730,725,5,540
736,721,5,542
738,730,5,536
736,496,69,683
723,712,5,548
730,727,5,538
736,723,0,541
736,752,0,523
725,712,0,548
725,682,5,567
727,721,0,542
732,702,0,554
730,723,0,541
730,736,0,533
732,725,0,540
734,748,0,525
729,732,0,535
734,741,0,530
738,743,0,528
734,725,0,540
736,752,0,523
739,743,0,528
730,648,0,589
732,711,0,549
738,738,0,532
738,757,0,519
736,763,5,516
738,766,5,514
739,786,5,501
730,471,69,698
734,469,69,699
736,446,69,713
732,441,69,716
736,491,69,686
734,491,69,686
727,604,5,616
730,709,5,550
736,779,5,506
739,750,5,524
730,457,69,707
730,464,69,703
718,633,5,598
734,750,5,524
736,734,5,534
738,759,5,518
738,739,5,531
739,734,5,534
727,714,5,547
734,747,5,526
734,745,5,527
736,747,0,526
736,723,0,541
736,754,0,522
739,720,0,543
730,705,5,552
730,700,5,556
734,707,5,551
734,700,5,556
730,689,5,562
734,714,5,547
734,714,5,547
736,718,5,544
734,752,5,523
738,732,5,535
736,727,5,539
738,721,5,542
738,720,5,543
738,765,5,515
729,426,69,725
732,721,5,542
729,734,5,534
736,754,5,522
734,759,5,518
736,455,68,708
727,714,5,547
736,734,0,534
739,775,5,508
730,439,68,718
739,595,0,622
738,662,0,580
734,700,0,556
736,745,0,527
739,718,0,544
739,750,0,524
738,716,0,545
738,727,0,539
736,727,5,539
736,718,5,544
734,691,5,561
732,714,5,546
732,685,5,565
730,718,5,544
730,700,5,556
729,702,5,555
727,685,5,565
727,685,5,565
727,709,5,550
730,676,5,570
730,669,5,575
727,707,5,551
729,667,5,576
721,673,5,573
729,678,0,569
730,702,0,555
730,696,0,558
732,691,0,561
732,675,0,572
732,680,0,568
732,711,0,549
727,694,0,559
730,702,0,555
732,720,0,543
734,711,0,549
736,730,0,536
727,711,0,549
734,727,0,539
732,747,0,526
734,763,0,516
734,741,0,529
732,727,0,538
734,741,0,529
736,738,5,532
739,718,5,544
732,736,5,533
736,745,5,527
734,714,5,547
738,729,5,537
736,736,5,533
734,727,5,538
736,741,5,529
736,700,5,556
736,714,5,547
732,716,5,545
734,723,5,541
734,684,5,566
734,702,5,555
729,705,5,552
734,721,0,542
732,693,0,560
734,732,0,535
730,718,0,544
732,729,0,537
734,723,0,541
734,727,0,539
734,743,0,528
732,718,0,544
734,743,0,528
736,718,0,544
734,714,0,547
732,694,5,559
730,716,5,545
734,691,5,561
732,700,5,556
730,714,5,546
729,680,5,568
725,711,5,549
725,684,5,566
729,687,5,563
730,707,5,551
727,709,5,550
730,725,0,540
734,730,0,536
730,702,0,554
730,741,0,530
730,729,0,537
732,741,0,530
734,730,0,536
736,712,0,548
729,691,5,561
727,720,5,543
732,691,5,561
734,702,5,554
736,696,5,558
734,720,5,543
738,716,5,545
732,707,5,551
736,714,5,547
734,703,5,553
738,705,5,552
736,727,5,538
736,743,5,528
736,741,5,529
738,712,0,548
736,714,0,547
736,732,0,535
736,736,0,533
732,729,0,537
734,723,0,541
736,714,0,546
736,748,0,525
734,748,0,525
734,721,0,542
730,711,0,549
730,714,0,546
730,739,0,531
730,738,0,532
727,675,5,572
730,676,5,570
725,712,5,548
721,689,5,562
725,702,5,555
725,673,5,573
723,678,5,569
725,675,5,571
721,680,5,568
723,707,5,551
725,707,5,551
729,660,5,581
727,662,5,580
725,673,5,573
725,675,0,571
727,696,5,558
730,712,5,548
727,709,5,550
734,707,0,551
736,747,0,526
734,714,0,546
730,718,0,544
723,729,0,537
734,730,0,536
730,714,0,546
736,754,0,522
734,754,0,522
736,732,0,535
732,716,0,545
734,720,0,543
734,738,0,532
729,747,0,526
736,720,0,543
732,756,0,520
734,727,5,538
736,761,5,517
734,718,5,544
736,716,5,545
736,714,5,546
732,725,5,540
734,705,5,552
734,730,5,536
730,727,5,538
732,709,5,550
730,685,5,565
730,684,5,566
729,702,5,554
727,687,5,563
730,694,5,559
727,698,5,557
727,687,5,563
725,671,5,574
723,662,5,580
727,673,0,573
727,687,0,564
729,671,0,574
729,684,0,566
730,732,0,535
734,702,0,554
730,741,0,530
729,739,0,531
730,738,0,532
736,721,0,542
730,727,0,539
732,736,0,533
734,748,5,525
736,756,5,520
736,747,5,526
736,736,5,533
738,741,5,530
739,770,5,511
736,421,69,728
734,453,69,709
725,694,5,559
734,730,5,536
736,450,69,711
723,718,5,544
730,750,5,524
736,720,0,543
730,736,5,533
734,720,0,543
723,727,0,539
729,689,0,562
727,694,0,559
723,689,0,562
732,711,0,549
730,694,0,559
734,693,0,560
734,703,0,553
734,698,0,557
730,729,0,537
734,741,0,529
730,709,0,550
734,707,0,551
730,682,5,567
732,678,5,569
730,682,5,567
727,689,5,562
730,714,5,546
732,714,5,547
729,714,5,546
729,687,5,563
730,696,5,558
727,691,5,561
730,687,5,563
730,673,5,573
729,691,0,561
729,702,0,554
