727,725,5,540
725,703,5,553
727,703,5,553
723,700,5,556
739,725,1,540
711,678,5,569
712,694,5,559
718,702,5,554
725,624,1,604
725,644,1,591
725,635,1,597
725,631,1,599
725,653,1,585
725,664,1,578
725,673,1,573
723,675,1,572
721,673,1,573
721,676,1,570
720,675,1,571
716,612,1,611
702,673,5,573
705,680,5,568
707,684,5,566
721,673,1,573
720,684,1,566
718,678,1,569
716,682,1,567
716,682,1,567
716,684,1,566
714,684,1,566
714,685,1,565
712,682,1,567
712,685,1,565
703,673,5,573
705,682,5,567
712,705,5,552
716,630,1,600
716,630,1,600
716,649,1,588
716,657,1,583
714,658,1,582
718,619,1,607
718,671,1,574
718,669,1,575
716,669,1,575
716,669,1,575
714,671,1,574
714,669,1,575
698,685,5,565
709,684,1,566
716,635,1,597
716,644,1,591
714,646,1,590
714,655,1,584
712,667,1,576
711,678,1,569
709,678,1,569
685,615,5,609
682,621,5,606
712,698,5,557
698,682,5,567
727,729,5,537
684,599,5,620
680,597,5,621
678,599,5,619
678,601,5,618
711,644,1,591
709,639,1,594
709,631,1,599
709,649,1,588
711,657,1,583
711,669,1,575
712,682,1,567
687,610,5,613
707,673,1,573
707,673,1,573
707,673,1,573
707,675,1,571
709,675,1,571
709,675,1,571
709,678,1,569
711,682,1,567
711,684,1,566
702,685,5,565
711,673,1,573
709,675,1,571
709,675,1,571
709,675,1,572
709,675,1,571
709,675,1,571
707,676,1,570
676,608,5,614
676,608,5,614
712,651,1,586
725,702,5,554
725,696,5,558
707,676,1,570
707,676,1,570
682,608,5,614
680,610,5,613
682,610,5,613
684,612,5,612
684,612,5,611
682,615,5,609
684,622,5,605
685,621,5,606
698,678,5,569
698,685,5,565
703,684,1,566
703,685,1,565
705,684,1,566
721,709,0,550
705,684,0,566
707,691,0,561
694,604,5,616
693,603,5,617
712,689,0,562
712,678,1,569
712,675,1,571
712,680,1,568
716,682,1,567
718,687,0,564
718,687,0,563
718,687,0,564
718,676,0,570
718,694,0,559
716,694,0,559
716,689,0,562
716,691,0,561
718,696,0,558
711,682,0,567
711,687,0,564
718,705,0,552
723,711,0,549
718,694,0,559
718,696,0,558
694,597,5,621
696,685,0,565
696,682,0,567
698,685,0,565
676,577,5,633
727,581,69,631
712,687,0,564
712,689,0,562
712,687,0,564
712,685,0,565
712,685,0,565
714,687,0,564
716,689,0,562
718,675,0,572
720,682,1,567
721,698,1,557
714,702,5,554
712,696,0,558
712,696,0,558
711,694,0,559
711,689,0,562
703,612,5,611
682,603,5,617
707,687,0,564
709,689,0,562
709,689,0,562
709,687,0,564
709,687,0,563
711,687,0,563
711,689,0,562
712,698,0,557
694,608,5,614
691,610,5,613
691,610,5,613
689,604,5,616
714,644,1,591
711,673,1,573
709,667,1,576
709,669,1,575
709,660,1,581
707,675,0,571
707,675,0,571
730,687,69,563
725,480,68,693
689,675,0,571
691,678,0,569
693,684,0,566
689,678,1,569
689,678,1,569
689,676,1,570
685,676,1,570
689,684,1,566
689,680,1,568
694,689,1,562
694,691,1,561
696,698,1,557
696,694,1,559
736,671,1,574
732,615,1,609
743,720,0,543
743,720,1,543
745,720,1,543
723,693,1,560
723,691,1,561
721,687,1,563
725,599,0,620
725,599,0,619
725,594,0,623
736,732,0,535
738,734,0,534
727,720,0,543
730,702,1,555
730,702,1,554
725,711,0,549
729,705,0,552
727,703,0,553
727,702,0,554
725,702,0,555
725,705,0,552
727,703,0,553
730,547,69,652
729,703,0,553
734,707,0,551
730,709,0,550
730,711,0,549
729,711,0,549
732,711,0,549
732,711,0,549
732,712,0,548
736,538,68,658
711,655,1,584
711,657,1,583
712,662,1,579
734,727,0,538
698,624,0,603
700,626,0,602
703,628,0,601
703,631,0,599
707,631,0,599
734,520,69,669
739,554,69,648
738,565,68,641
741,563,68,642
739,559,68,644
739,559,68,644
730,675,0,571
736,687,0,564
739,581,68,631
732,563,68,642
734,567,68,640
739,577,68,633
739,469,100,699
734,570,68,638
743,574,68,635
734,468,100,700
743,570,68,638
732,468,69,700
739,572,69,637
739,466,101,702
734,466,101,702
730,478,69,694
741,567,69,640
738,464,100,703
738,457,100,707
738,453,100,709
732,552,68,649
736,558,68,646
736,552,68,649
734,549,68,651
729,702,0,555
730,703,0,553
730,709,1,550
730,714,1,547
730,714,1,547
698,635,0,597
698,635,0,597
700,635,0,597
700,637,0,596
700,642,0,592
741,676,68,570
734,538,68,658
730,538,68,658
730,536,68,659
729,538,68,658
734,775,0,508
736,541,69,656
729,538,69,658
739,547,69,652
730,505,68,678
730,500,68,681
729,743,1,528
712,532,68,661
716,509,69,675
709,538,68,658
709,552,1,649
714,640,1,593
716,644,1,591
711,540,69,657
712,538,68,658
711,541,68,655
725,489,101,687
720,673,1,573
712,543,69,654
716,648,1,589
712,527,69,665
709,538,68,658
716,495,69,684
718,509,68,676
721,527,69,664
709,514,69,672
712,518,69,670
711,522,69,668
712,520,69,669
716,520,69,669
712,527,68,665
716,532,68,661
716,540,68,657
716,545,68,653
720,516,68,671
721,567,68,640
709,511,68,674
716,513,68,673
716,577,1,633
720,570,69,638
721,565,69,641
712,543,69,654
712,547,69,652
716,552,69,649
718,556,68,647
718,558,68,646
721,558,68,645
721,558,68,645
725,558,68,646
718,468,100,701
714,466,68,702
718,543,68,654
721,558,68,645
716,558,68,646
723,559,69,644
729,473,101,697
725,464,101,703
718,459,101,706
721,459,101,706
714,459,101,706
718,523,69,667
720,549,69,651
725,552,68,649
721,460,100,705
723,460,100,705
720,462,100,704
716,459,100,706
716,511,68,674
721,541,68,656
718,543,68,654
709,529,69,663
712,491,69,686
711,498,69,682
711,520,1,669
716,505,68,678
718,509,68,676
720,509,68,676
712,511,68,674
716,507,68,677
725,419,100,729
714,415,100,731
721,520,68,669
729,417,100,730
721,509,69,675
725,405,100,737
716,403,100,738
711,450,68,711
714,637,1,595
721,520,69,669
711,577,1,633
718,660,1,581
721,622,68,605
712,491,69,686
714,489,69,687
714,630,0,600
712,491,68,686
711,491,68,686
716,631,0,599
712,624,0,603
720,694,0,559
718,675,0,571
712,624,0,603
720,694,0,559
718,675,0,571
720,660,0,581
720,648,69,589
721,509,69,676
718,475,69,696
716,473,69,697
718,478,69,694
718,520,1,669
712,500,0,681
718,493,68,685
716,545,0,653
714,518,0,670
712,500,0,681
718,489,68,688
718,491,68,686
723,487,69,689
718,693,1,560
720,568,69,639
718,529,68,663
721,509,69,676
721,410,100,734
718,412,100,733
716,601,1,618
716,410,100,734
712,484,69,691
709,495,68,684
718,705,1,552
712,648,1,589
718,698,0,557
711,561,1,643
714,475,69,696
718,500,69,681
716,563,0,642
711,507,0,677
712,453,69,709
716,509,1,675
716,513,1,673
711,441,69,716
718,559,1,644
709,455,1,708
720,655,68,584
711,468,0,701
709,493,1,685
714,529,1,663
718,572,1,637
716,527,0,665
711,491,0,686
712,538,0,658
730,552,0,649
734,586,0,627
734,613,0,610
736,621,0,606
736,622,1,605
741,723,0,541
718,675,0,571
718,640,0,593
711,444,68,714
721,552,68,649
718,694,0,559
720,678,0,569
718,691,0,561
718,685,0,565
718,671,0,574
711,532,1,661
709,554,1,648
712,473,69,697
712,637,1,596
718,478,69,694
718,477,69,695
711,468,69,700
718,468,69,701
712,464,69,703
718,574,1,635
712,653,0,585
721,631,68,599
716,468,68,700
718,495,68,684
720,644,0,591
712,475,68,696
712,487,68,689
716,491,68,686
709,489,68,687
709,489,68,687
716,559,1,644
711,500,69,681
712,523,1,667
712,507,69,677
720,541,68,656
709,518,0,670
716,514,68,672
716,511,68,674
718,522,68,668
718,520,68,669
721,520,68,669
720,520,68,669
721,505,68,678
725,509,68,676
718,599,0,619
709,480,68,693
721,554,68,648
718,498,68,682
716,504,68,679
716,671,0,574
716,480,68,693
720,531,68,662
723,532,68,661
725,536,68,659
727,448,100,712
729,442,100,715
730,437,100,719
730,439,101,718
732,437,101,719
730,433,101,721
730,437,101,719
730,433,101,721
732,433,101,721
730,433,101,721
730,433,101,721
732,433,101,721
729,433,101,721
730,432,100,722
712,527,68,665
718,648,1,589
709,525,69,666
712,522,69,668
716,525,69,666
720,684,1,566
716,559,0,644
711,493,68,685
711,496,68,683
714,505,68,678
709,509,68,676
711,509,68,676
716,513,68,673
711,509,69,675
716,612,1,612
716,513,69,673
723,648,69,589
712,513,69,673
720,606,1,615
716,511,68,674
716,514,68,672
711,520,68,669
714,516,68,671
718,513,68,673
714,518,68,670
716,520,68,669
718,516,68,671
714,513,68,673
716,516,68,671
720,516,69,671
718,516,69,671
721,518,69,670
725,516,69,671
712,509,69,676
721,513,69,673
725,516,69,671
721,516,69,671
725,513,68,673
725,514,69,672
721,511,68,674
718,509,68,675
718,509,68,675
721,504,68,679
718,500,68,681
718,496,68,683
718,489,69,687
718,480,69,693
718,493,68,685
718,610,0,613
709,505,0,678
711,541,1,655
720,511,69,674
720,505,69,678
712,507,69,677
712,509,68,676
716,509,68,675
718,509,68,675
720,511,68,674
721,509,68,676
723,511,68,674
721,513,68,673
723,511,68,674
720,408,101,735
714,509,69,676
721,509,69,676
721,507,69,677
721,507,69,677
725,507,69,677
712,495,69,684
714,505,69,678
718,504,69,679
721,502,69,680
716,502,68,680
718,500,68,681
716,496,68,683
718,491,68,686
721,489,68,687
721,489,68,688
720,487,69,689
709,462,68,704
712,468,68,701
718,482,68,692
714,471,69,698
723,469,69,699
725,468,69,701
711,480,68,693
721,520,69,669
711,491,69,686
716,489,69,687
720,576,69,634
712,527,0,665
709,491,68,686
720,590,1,625
709,486,1,690
709,477,69,695
709,478,0,694
718,653,0,585
716,489,68,688
720,622,0,605
712,480,1,693
712,498,1,682
711,491,1,686
721,639,68,594
716,511,68,674
716,516,68,671
716,513,68,673
718,514,68,672
721,511,68,674
727,477,100,695
714,410,100,734
725,511,68,674
716,410,100,734
716,509,69,675
721,511,69,674
720,541,69,655
723,543,69,654
725,541,101,655
712,480,69,693
720,540,69,657
721,444,100,714
712,511,68,674
718,538,68,658
721,541,68,656
721,540,68,657
714,437,100,719
725,538,68,658
727,439,100,717
716,435,101,720
725,536,69,659
716,435,101,720
716,484,69,691
725,439,101,717
712,489,69,687
725,531,69,662
716,432,101,722
723,529,68,663
712,478,68,694
720,525,68,666
718,523,68,667
720,520,68,669
721,516,68,671
711,552,0,649
712,525,69,666
716,527,69,664
709,527,69,665
716,613,1,610
714,525,68,666
720,523,68,667
711,516,68,671
720,516,68,671
716,649,0,587
712,514,68,672
718,518,68,670
721,685,68,565
714,523,68,667
712,489,68,687
712,516,0,671
716,504,68,679
714,505,68,678
709,509,68,676
712,511,68,674
712,513,68,673
711,513,69,673
712,513,69,673
711,518,69,670
716,523,69,667
712,523,69,667
716,525,69,666
720,525,68,666
718,527,68,664
718,527,68,664
718,527,68,664
720,511,68,674
720,518,68,670
723,520,68,669
718,520,68,669
721,523,68,667
721,523,68,667
721,424,100,726
720,527,69,665
718,430,101,723
720,534,69,660
795,797,1,495
797,793,1,497
797,792,1,498
799,793,1,497
799,793,1,497
797,784,1,502
799,793,1,497
799,793,1,497
797,784,1,502
799,788,0,500
799,788,0,500
797,790,0,499
797,788,0,500
741,502,100,680
745,502,100,680
718,525,69,666
718,529,69,663
718,532,68,661
716,538,68,658
714,538,68,658
711,541,68,655
711,541,68,655
712,541,68,656
709,540,0,657
712,543,68,654
712,549,68,651
716,547,68,652
714,550,68,650
718,552,68,649
718,558,69,646
718,469,101,699
718,469,101,699
716,426,100,725
720,538,68,658
720,538,68,658
718,543,69,654
720,541,69,655
720,543,69,654
721,541,69,656
720,541,68,656
741,471,100,698
739,469,100,699
739,464,101,703
736,507,100,677
736,509,101,676
736,509,101,675
741,507,100,677
743,509,100,675
741,507,100,677
738,507,100,677
721,480,100,693
718,478,100,694
716,532,68,661
716,552,68,649
712,552,68,649
712,552,68,649
716,554,68,648
714,561,68,643
716,561,68,643
718,567,68,640
718,570,69,638
720,581,69,631
727,502,101,680
720,493,101,685
718,541,69,656
725,558,69,646
725,504,101,679
721,496,101,683
720,451,101,710
720,480,100,693
709,531,68,662
711,554,68,648
712,570,68,638
727,473,101,697
734,475,101,696
727,475,101,696
727,477,101,695
730,473,101,697
725,471,100,698
730,468,100,701
720,489,100,688
716,538,68,658
721,570,69,638
732,471,100,698
729,471,101,698
729,469,100,699
721,469,100,699
723,568,68,639
725,574,68,635
723,491,100,686
723,487,100,689
725,489,100,687
723,491,100,686
725,491,101,686
723,565,68,641
723,568,68,639
725,574,68,635
723,491,100,686
723,487,100,689
725,489,100,687
723,491,100,686
725,491,101,686
721,439,101,718
720,433,1,721
721,439,101,718
718,441,101,716
716,444,101,714
712,504,68,679
741,459,101,706
738,455,101,708
736,451,100,710
768,756,0,520
743,464,100,703
745,464,100,703
743,462,100,704
741,462,101,704
739,460,101,705
738,459,101,706
739,455,101,708
739,451,101,710
738,450,101,711
743,448,100,712
772,759,0,518
745,469,101,699
741,468,101,700
743,468,101,700
739,468,101,701
739,464,101,703
727,450,100,711
730,460,100,705
727,464,100,703
712,480,68,693
725,439,100,718
725,441,100,716
748,471,101,698
747,469,101,699
747,464,101,703
734,441,100,716
736,446,100,713
730,453,100,709
727,459,101,706
725,464,101,703
754,462,100,704
747,464,101,703
730,442,100,715
727,446,100,713
723,450,100,711
720,455,101,708
718,462,101,704
718,462,101,704
718,468,101,701
743,462,100,704
741,462,100,704
739,464,101,703
736,462,101,704
736,464,101,703
734,462,101,704
734,460,100,705
727,460,100,705
727,457,100,707
721,459,100,706
716,545,68,653
720,541,68,655
716,473,68,697
709,504,69,679
721,547,69,652
727,451,100,710
721,441,101,716
725,446,100,713
721,450,100,711
727,448,100,712
725,460,100,705
716,460,100,705
730,453,100,709
730,453,101,709
730,450,100,711
725,450,100,711
723,450,100,711
725,446,100,713
721,444,100,714
720,442,100,715
716,498,68,682
714,543,68,654
721,450,100,711
721,448,100,712
721,446,100,713
718,446,100,713
721,444,100,714
721,444,100,714
721,442,100,715
723,442,100,715
711,538,68,658
712,541,68,655
716,538,68,658
716,540,68,657
716,541,68,655
716,549,68,651
718,550,69,650
720,550,69,650
727,460,101,705
721,459,101,706
720,439,101,717
723,435,100,720
729,435,100,720
721,442,100,715
714,491,68,686
714,523,68,667
718,543,68,654
718,549,68,651
720,558,68,645
747,457,100,707
747,457,100,707
745,451,100,710
739,450,100,711
720,464,100,703
716,439,68,718
712,455,68,708
712,453,68,709
716,460,68,705
718,489,69,687
718,493,69,685
712,478,69,694
716,482,69,692
714,489,69,687
712,498,68,682
721,502,68,680
723,491,68,686
721,383,100,749
718,405,100,737
721,388,100,746
716,507,0,677
714,608,0,614
721,482,68,692
716,482,68,692
716,484,68,691
714,493,68,685
714,489,69,688
712,511,1,674
709,493,69,685
714,493,69,685
711,504,69,679
709,502,69,680
721,507,68,677
718,405,100,737
725,417,101,730
727,419,100,729
723,426,100,725
725,424,100,726
718,500,69,681
727,502,101,680
723,439,101,717
716,439,101,717
716,439,101,718
716,441,101,716
723,547,68,652
723,444,100,714
725,446,100,713
727,442,100,715
723,444,100,714
725,442,100,715
727,439,100,717
729,442,100,715
729,444,101,714
725,439,101,717
729,439,101,717
729,444,101,714
734,442,101,715
734,442,101,715
736,439,101,717
732,441,101,716
734,439,101,717
734,439,101,717
734,439,100,718
736,437,100,719
734,435,100,720
720,554,68,648
723,558,68,646
712,448,68,712
720,559,68,644
725,444,101,714
718,559,69,644
721,453,101,709
714,552,69,649
725,563,100,642
716,450,100,711
727,451,101,710
723,451,101,710
721,523,68,667
716,527,68,665
716,536,69,659
729,455,100,708
725,451,100,710
718,437,101,719
730,435,101,720
711,496,69,683
712,453,69,709
723,477,100,695
718,477,100,695
718,475,101,696
718,473,101,697
725,444,100,714
727,441,100,716
721,437,100,719
718,433,100,721
716,432,100,722
712,480,68,693
716,513,69,673
718,527,69,664
725,527,69,665
712,541,68,656
720,669,0,575
711,541,68,656
709,543,68,654
711,554,68,648
714,558,69,646
716,561,69,643
721,563,69,642
716,559,69,644
716,561,69,643
716,563,69,642
716,561,68,643
725,561,68,643
718,543,68,654
721,570,68,638
725,478,100,694
725,477,100,695
720,477,101,695
718,473,101,697
718,473,101,697
721,473,100,697
721,471,100,698
743,464,101,703
743,459,101,706
734,457,100,707
712,522,68,668
712,545,69,653
712,554,69,648
720,558,69,645
720,469,101,699
712,522,68,668
738,478,100,694
730,482,100,692
725,477,100,695
721,466,100,702
721,468,100,700
721,462,100,704
721,459,100,706
718,455,100,708
721,453,100,709
723,531,68,662
723,439,100,718
718,439,100,717
718,439,100,717
716,487,69,689
716,487,69,689
721,536,69,659
721,442,101,715
718,441,101,716
716,439,101,718
716,469,69,699
723,540,68,657
723,541,68,656
727,460,100,705
723,432,100,722
718,428,100,724
718,428,100,724
720,423,100,727
718,419,100,729
711,489,68,688
725,527,68,665
723,432,100,722
716,428,100,724
712,525,68,666
720,540,68,657
725,540,68,657
718,433,101,721
761,747,0,526
757,741,0,529
757,700,69,556
714,412,101,733
725,678,1,569
712,552,1,649
711,505,0,678
709,489,68,687
709,504,0,679
718,631,0,599
720,504,68,679
709,482,68,692
718,651,0,586
712,527,68,664
721,669,68,575
709,536,69,659
718,545,69,653
723,549,69,651
720,550,69,650
720,558,69,645
716,554,69,648
721,552,69,649
721,549,68,651
721,552,68,649
721,552,68,649
716,536,68,659
716,531,68,662
712,538,68,658
714,540,69,657
716,545,69,653
720,550,69,650
725,550,69,650
720,439,101,718
718,549,69,651
723,540,68,657
721,437,100,719
727,444,101,714
729,444,101,714
729,444,101,714
729,446,101,713
727,446,101,713
729,444,101,714
723,554,69,648
721,558,68,645
725,455,100,708
723,448,100,712
723,450,100,711
721,446,100,713
716,534,68,660
721,536,68,659
720,532,68,661
727,466,101,702
720,439,101,718
712,568,0,639
712,531,68,662
716,527,68,665
716,531,68,662
716,534,68,660
721,536,68,659
720,532,68,661
727,466,101,702
720,439,101,718
721,437,101,719
720,439,101,718
721,439,101,718
721,441,101,716
718,446,100,713
718,441,100,716
720,442,100,715
721,441,100,716
718,442,100,715
720,442,100,715
725,450,101,711
718,448,101,712
720,448,101,712
718,423,100,727
723,415,101,731
721,412,101,733
718,412,101,733
716,415,101,731
718,415,101,731
716,495,69,684
718,520,68,669
718,523,68,667
725,527,68,664
716,529,68,663
721,532,68,661
714,468,68,701
720,549,68,651
725,554,69,648
716,444,101,714
716,444,101,714
716,531,69,662
718,563,69,642
725,563,69,642
725,567,68,640
729,455,100,708
721,444,100,714
725,444,100,714
727,444,100,714
721,446,100,713
730,439,101,717
721,439,100,718
709,437,1,719
718,671,0,574
721,498,69,682
718,608,1,614
718,610,0,613
712,531,0,662
711,498,68,682
711,516,68,671
714,523,68,667
718,527,68,665
720,637,0,596
720,534,68,660
718,534,68,660
721,534,68,660
718,529,69,663
721,531,69,662
721,442,101,715
712,514,69,672
721,534,69,660
723,532,69,661
727,428,101,724
718,489,68,688
716,558,1,645
716,613,0,610
714,478,69,694
718,523,68,667
712,493,68,685
721,549,68,651
712,586,0,627
718,450,100,711
721,509,68,675
723,464,100,703
721,457,101,707
718,457,101,707
718,457,101,707
718,457,101,707
718,455,100,708
718,450,100,711
721,509,68,675
723,464,100,703
721,457,101,707
718,457,101,707
718,457,101,707
718,457,101,707
718,455,100,708
718,459,100,706
718,457,100,707
720,459,100,706
720,457,100,707
721,459,100,706
721,459,100,706
720,457,100,707
720,455,100,708
721,457,100,707
721,453,100,709
721,457,100,707
725,457,101,707
721,455,101,708
720,455,101,708
721,450,101,711
718,444,101,714
723,448,101,712
718,444,100,714
712,489,68,688
720,525,68,666
721,446,100,713
718,437,100,719
716,457,100,707
716,455,100,708
718,453,100,709
716,451,100,710
716,453,100,709
716,457,100,707
716,455,100,708
718,457,100,707
716,462,100,704
718,511,69,674
720,541,69,656
725,466,101,702
721,462,101,704
725,460,101,705
721,459,101,706
727,459,100,706
727,460,100,705
727,462,100,704
727,462,100,704
723,462,100,704
725,457,100,707
727,462,100,704
727,462,100,704
730,460,100,705
730,459,100,706
734,457,101,707
734,455,101,708
736,457,101,707
734,459,101,706
730,455,101,708
727,453,101,709
729,451,101,710
730,450,101,711
730,446,100,713
727,451,100,710
730,450,100,711
723,450,100,711
721,450,100,711
721,444,100,714
718,439,100,717
714,439,100,717
718,523,69,667
709,504,69,679
709,552,1,649
718,651,0,586
718,532,68,661
709,498,68,682
709,568,0,639
712,606,0,615
720,662,0,580
712,516,68,671
707,554,0,648
714,511,69,674
712,507,69,677
711,505,68,678
709,504,68,679
709,559,0,644
720,583,69,630
716,505,69,678
707,525,1,666
714,619,1,607
718,534,69,660
709,523,1,667
716,624,0,604
712,491,69,686
714,505,1,678
721,568,69,639
712,583,1,630
716,520,69,669
714,545,1,653
714,527,68,664
721,527,69,664
720,527,69,665
723,529,69,663
720,527,69,664
725,529,69,663
721,527,69,665
723,527,68,664
723,532,68,661
720,532,68,661
716,534,68,660
720,532,68,661
721,532,68,661
721,534,68,660
748,711,1,549
747,716,1,545
747,714,1,546
716,583,1,630
716,487,68,689
714,498,68,682
716,507,68,677
716,523,68,667
718,527,68,665
718,531,69,662
718,531,69,662
721,538,69,658
725,540,69,657
723,541,69,656
725,532,69,661
720,451,101,710
718,504,69,679
725,455,100,708
725,451,100,710
716,455,100,708
716,451,100,710
725,513,68,673
725,457,100,707
716,451,100,710
716,451,100,710
725,513,68,673
725,457,100,707
716,451,100,710
727,448,100,712
723,450,100,711
720,450,101,711
721,509,68,676
718,527,68,665
721,531,68,662
721,523,68,667
721,527,68,665
716,448,100,712
718,527,68,665
718,527,68,665
723,532,68,661
714,451,100,710
721,439,100,718
729,457,100,707
718,455,100,708
714,509,68,676
725,547,68,652
721,453,100,709
720,451,100,710
721,451,101,710
721,451,101,710
718,450,101,711
721,446,101,713
720,446,101,713
720,446,101,713
716,442,101,715
725,439,100,718
721,439,100,718
718,437,100,719
716,432,100,722
716,430,100,723
716,509,68,676
721,516,68,671
718,421,100,728
721,513,68,673
716,426,100,725
711,570,0,638
716,644,0,591
720,678,0,569
718,471,68,698
721,511,68,674
718,464,69,703
707,464,1,703
714,608,1,614
718,637,1,596
720,520,69,669
720,678,69,569
718,635,1,597
716,639,1,594
709,468,1,701
716,462,69,704
718,678,0,569
709,466,0,702
720,552,69,649
716,509,1,675
698,451,1,710
725,687,0,563
725,658,0,582
723,648,0,589
718,684,1,566
709,469,1,699
718,684,1,566
709,469,1,699
718,496,69,683
720,696,1,558
718,673,0,573
711,527,0,664
712,478,68,694
718,541,0,655
711,502,68,680
718,673,0,573
714,522,68,668
712,617,1,608
712,495,68,684
716,538,68,658
721,538,68,658
727,538,100,658
716,532,69,661
718,531,68,662
718,531,68,662
720,531,68,662
720,531,68,662
725,532,68,661
725,536,68,659
709,426,68,725
709,469,0,699
709,455,0,708
718,450,69,711
709,432,69,722
720,563,1,642
718,660,1,581
716,498,0,682
714,576,1,634
711,478,0,694
707,459,0,706
711,441,68,716
718,621,0,606
714,572,0,637
720,673,0,573
716,590,0,625
711,498,0,682
712,444,68,714
718,631,0,599
709,487,1,689
720,658,1,582
718,669,1,575
714,525,1,666
711,538,1,658
712,453,69,709
718,572,0,636
716,640,0,593
718,687,0,564
716,633,0,598
720,657,68,583
716,606,0,615
711,451,68,710
718,689,0,562
720,687,0,564
712,513,0,673
707,442,1,715
718,586,1,627
716,658,1,582
712,469,1,699
709,577,1,633
718,486,69,690
718,649,1,588
714,621,1,606
716,482,68,692
718,669,1,575
718,505,0,678
711,603,0,617
720,630,0,600
716,565,0,641
703,471,0,698
718,552,0,649
727,606,0,615
727,504,0,679
729,468,68,701
734,469,68,699
738,687,0,563
721,658,0,582
718,658,0,582
734,691,0,561
736,518,68,670
732,694,0,559
732,520,68,669
727,489,68,687
734,493,68,685
736,714,0,546
729,484,68,691
734,714,0,547
727,489,68,687
734,493,68,685
736,714,0,546
729,484,68,691
730,698,0,557
736,720,0,543
738,714,0,547
723,617,5,608
725,687,5,563
734,721,5,542
730,511,69,674
730,707,5,551
736,720,5,543
729,624,0,603
730,687,0,563
730,599,0,619
725,709,5,550
727,714,5,546
730,714,5,546
732,718,5,544
736,720,5,543
734,655,0,584
732,586,0,627
730,590,0,625
725,538,0,658
738,723,0,541
729,678,5,569
736,698,5,557
738,727,0,539
727,684,0,566
727,486,68,690
734,500,68,681
734,613,5,610
720,702,5,554
723,712,5,548
723,711,5,549
725,709,0,550
739,711,68,549
730,639,0,594
730,639,0,594
730,637,0,595
730,639,0,594
730,624,0,603
732,669,0,575
721,633,0,598
720,637,0,595
718,617,0,608
725,685,0,565
725,685,0,565
725,682,0,567
723,682,0,567
739,720,0,543
734,691,0,561
725,669,0,575
721,675,0,571
718,675,0,571
738,714,0,547
734,720,0,543
736,730,0,536
721,694,5,559
738,721,0,542
736,720,0,543
720,550,0,650
736,723,0,541
729,709,0,550
736,709,5,550
736,727,0,539
739,694,68,559
734,536,68,659
738,723,68,541
727,712,5,548
732,711,5,549
720,673,0,573
720,653,0,585
718,649,0,587
718,621,0,606
723,712,5,548
721,714,5,546
729,714,0,546
730,716,0,545
721,712,5,548
712,707,5,551
712,703,5,553
711,702,5,554
712,702,5,554
711,702,5,555
716,702,0,554
727,702,0,555
727,705,0,552
730,707,0,551
732,714,0,546
732,712,0,548
732,712,0,548
734,718,0,544
736,720,0,543
738,721,0,542
738,721,1,542
738,720,1,543
739,721,1,542
739,723,1,541
741,723,0,541
736,707,0,551
738,664,68,578
730,702,0,554
734,711,0,549
734,711,0,549
736,714,0,547
720,702,5,554
716,703,5,553
716,703,5,553
693,633,5,598
691,637,5,595
694,644,5,591
691,644,5,591
698,671,0,574
709,689,0,562
712,691,0,561
712,693,0,560
712,682,0,567
712,682,0,567
712,676,0,570
712,653,0,585
720,702,5,554
727,736,5,533
725,565,0,641
736,729,0,537
730,649,0,588
725,509,0,675
716,723,0,541
703,684,5,566
718,714,0,546
714,705,0,552
707,496,68,683
714,703,0,553
723,702,0,555
725,707,0,551
718,644,0,591
712,669,0,575
707,675,5,571
712,675,5,571
711,675,5,571
707,673,5,573
718,707,0,551
712,666,0,577
718,705,0,552
720,574,68,635
718,687,0,564
716,702,0,555
718,698,0,557
709,624,0,604
716,705,0,552
702,649,5,587
700,649,5,587
698,649,5,587
700,649,5,587
707,649,5,588
700,649,5,587
700,651,5,586
698,651,5,586
698,653,5,585
703,653,5,585
718,711,0,549
703,664,5,578
703,660,5,581
721,702,0,554
725,705,0,552
718,700,0,556
718,691,0,561
703,579,0,632
718,702,0,554
714,545,68,653
714,541,68,655
718,711,0,549
712,684,0,566
712,669,0,575
718,705,0,552
716,694,0,559
709,622,0,605
711,671,0,574
718,702,0,555
702,682,5,567
700,684,5,566
702,680,5,568
703,676,5,570
707,678,5,569
705,682,5,567
716,678,0,569
709,487,68,689
718,680,0,568
718,689,0,562
712,691,0,561
714,520,68,669
716,702,0,555
711,675,0,571
712,500,68,681
718,702,0,554
711,637,0,596
711,453,68,709
712,666,0,577
711,448,68,712
716,698,0,557
707,444,68,714
712,480,69,693
712,667,5,576
716,552,69,649
707,538,69,658
707,606,5,615
718,682,5,567
712,541,69,655
709,540,69,657
720,684,0,566
714,547,68,652
711,543,68,654
712,541,68,656
707,541,68,655
709,538,68,658
709,534,68,660
718,540,68,657
709,536,69,659
716,534,68,660
709,649,5,587
718,693,5,560
712,536,69,659
714,531,69,662
711,527,69,665
712,531,69,662
714,523,68,667
709,644,5,591
716,716,5,545
711,529,69,663
711,714,5,547
712,531,69,662
707,525,69,666
721,635,68,597
711,527,68,665
709,525,68,666
709,527,68,664
712,621,0,606
712,540,68,657
711,536,68,659
714,541,69,656
714,540,69,657
718,541,69,655
721,541,69,655
716,448,101,712
714,540,69,657
714,543,68,654
712,541,68,656
716,540,68,657
716,540,68,657
716,540,68,657
718,540,68,657
721,540,68,657
716,536,68,659
718,534,68,660
716,534,68,660
718,532,69,661
716,531,69,662
721,531,69,662
721,527,69,665
721,439,101,718
709,518,69,670
712,522,68,668
741,723,0,541
711,428,68,724
707,478,68,694
718,520,69,669
716,518,69,670
716,514,68,672
718,538,68,658
716,540,68,657
718,538,68,658
718,536,68,659
712,536,68,659
709,534,69,660
712,662,5,580
716,558,69,645
714,545,69,653
712,541,69,655
716,549,69,651
716,550,69,650
718,547,69,652
721,543,68,654
716,545,68,653
721,549,68,651
721,550,68,650
709,484,68,691
743,727,1,538
743,727,1,538
741,727,1,539
712,540,68,657
712,541,68,656
716,541,68,656
718,547,68,652
718,549,68,651
718,549,68,651
718,545,69,653
723,545,69,653
721,459,101,706
712,457,101,707
712,498,69,682
716,522,69,668
718,541,69,656
718,545,69,653
718,545,68,653
718,547,68,652
718,541,68,655
718,547,68,652
718,599,68,619
707,473,68,697
734,721,1,542
736,716,1,545
718,545,69,653
714,536,68,659
716,534,68,660
714,536,68,659
714,532,68,661
709,615,0,609
709,617,0,608
709,572,0,636
709,527,68,665
707,527,68,665
707,525,68,666
714,516,69,671
714,518,69,670
707,678,5,569
711,685,5,565
718,577,68,633
711,480,69,693
709,478,69,694
716,563,69,642
712,529,69,663
709,529,69,663
712,529,69,663
709,531,69,662
711,534,68,660
712,534,68,660
711,538,68,658
711,536,68,659
709,540,68,657
718,685,0,565
707,538,68,658
716,543,68,654
709,540,68,657
714,541,68,656
711,648,5,589
718,581,69,631
712,541,69,656
712,540,69,657
709,538,69,658
709,538,69,658
720,588,68,626
707,558,68,646
714,558,68,646
709,561,68,643
709,568,68,639
709,568,68,639
712,552,68,649
711,556,68,647
712,558,68,645
716,554,68,648
716,554,68,648
712,558,68,645
716,554,68,648
716,554,68,648
716,552,69,649
714,558,69,645
714,559,69,644
718,549,68,651
716,527,68,664
712,523,68,667
712,523,68,667
714,612,0,612
707,532,68,661
716,534,68,660
711,532,68,661
709,534,68,660
711,536,68,659
712,531,68,662
712,531,68,662
711,529,69,663
712,531,69,662
716,527,69,664
718,529,69,663
712,547,68,652
718,545,68,653
716,457,100,707
716,455,100,708
705,547,0,652
711,541,69,656
711,658,5,582
707,549,68,651
709,547,68,652
709,547,68,652
711,554,68,648
711,558,68,645
720,576,68,634
711,558,68,646
707,558,68,646
712,558,68,645
709,552,68,649
711,550,68,650
709,558,68,646
712,558,69,646
714,554,69,648
712,556,69,647
714,556,69,647
718,554,69,648
718,558,69,646
720,558,68,646
716,558,68,645
712,556,68,647
709,552,68,649
712,552,68,649
711,550,68,650
712,549,68,651
709,549,68,651
709,547,68,652
711,547,68,652
709,543,69,654
718,707,5,551
709,538,69,658
709,540,69,657
709,541,68,656
714,545,68,653
712,543,68,654
709,545,68,653
709,545,68,653
709,549,68,651
712,552,68,649
711,552,68,649
716,554,68,648
718,558,68,646
718,558,68,645
720,554,68,648
718,558,69,646
721,558,69,646
721,558,69,645
721,558,69,646
720,558,69,646
720,556,69,647
721,558,68,645
720,554,68,648
712,547,69,652
711,543,68,654
709,541,68,655
707,549,68,651
709,550,68,650
707,552,68,649
714,552,68,649
709,550,68,650
709,558,68,646
712,558,68,645
712,651,0,586
707,545,68,653
712,552,69,649
712,669,5,575
718,608,69,614
711,558,69,645
709,561,68,643
712,568,68,639
712,568,68,639
709,568,68,639
714,565,68,641
720,552,68,649
709,550,68,650
711,552,69,649
711,558,69,646
711,558,69,645
712,556,69,647
712,559,68,644
712,552,68,649
709,554,68,648
712,558,69,646
712,556,69,647
712,558,69,646
712,558,69,646
716,558,68,646
721,576,68,634
707,649,5,587
716,675,5,572
716,559,69,644
712,558,69,645
712,559,68,644
712,563,68,642
714,567,68,640
705,513,0,673
712,633,0,598
711,619,0,607
696,606,5,615
712,516,68,671
712,513,68,673
720,516,68,671
718,529,69,663
718,527,69,664
721,527,69,665
721,527,69,664
720,527,68,665
721,525,68,666
721,520,68,669
720,520,68,669
721,522,68,668
720,450,101,711
718,448,101,712
718,448,101,712
718,448,101,712
718,448,101,712
720,541,69,655
721,540,69,657
721,541,68,655
721,545,68,653
721,550,68,650
721,550,68,650
721,556,68,647
723,466,100,702
721,464,100,703
723,468,100,701
723,468,100,701
723,468,100,701
723,466,101,702
725,468,101,701
725,468,101,700
725,469,101,699
725,466,101,702
727,468,101,701
729,469,100,699
727,469,100,699
725,469,100,699
727,473,100,697
729,469,100,699
729,469,100,699
729,469,100,699
729,468,100,701
727,466,100,702
730,468,100,701
730,464,101,703
718,451,100,710
721,451,100,710
716,444,100,714
716,439,100,717
720,455,100,708
720,451,100,710
718,451,100,710
718,448,100,712
718,451,100,710
718,453,100,709
718,448,100,712
718,446,101,713
718,448,101,712
718,451,100,710
716,451,100,710
716,453,100,709
718,451,100,710
716,450,100,711
716,453,100,709
716,453,100,709
720,550,68,650
721,550,69,650
721,552,69,649
721,552,69,649
721,550,69,650
721,466,100,702
721,466,100,702
720,466,100,702
720,464,100,703
720,460,100,705
720,464,100,703
718,464,100,703
721,466,100,702
721,468,100,701
721,468,100,701
723,466,100,702
723,464,100,703
725,462,101,704
725,466,101,702
725,464,101,703
725,468,101,701
727,464,101,703
721,471,100,698
727,448,101,712
727,450,101,711
727,448,101,712
725,444,101,714
725,442,101,715
725,446,101,713
725,442,101,715
725,439,100,717
723,439,100,717
723,439,100,718
721,439,100,717
721,439,100,717
721,439,100,717
725,439,100,717
725,441,100,716
725,439,101,717
727,439,101,718
725,435,101,720
721,475,100,696
721,480,100,693
729,464,100,703
725,464,100,703
723,464,100,703
721,466,100,702
721,464,100,703
721,473,100,697
721,477,100,695
721,475,100,696
721,480,100,693
723,480,100,693
723,484,100,691
725,486,100,690
725,489,101,688
725,489,101,687
721,464,101,703
721,466,101,702
721,468,101,700
723,468,101,700
725,468,101,700
725,468,100,700
725,469,101,699
727,471,100,698
727,469,100,699
727,468,100,700
727,473,100,697
727,466,100,702
727,468,100,701
729,466,100,702
727,464,100,703
730,462,101,704
729,462,101,704
729,462,101,704
729,462,101,704
730,457,101,707
730,460,101,705
730,460,101,705
732,462,101,704
732,462,100,704
734,460,100,705
732,459,100,706
732,457,100,707
734,455,100,708
730,451,100,710
729,453,100,709
720,471,100,698
720,473,100,697
721,477,100,695
725,478,100,694
725,477,100,695
725,473,100,697
716,477,100,695
718,482,100,692
721,487,100,689
723,493,100,685
721,464,101,703
721,484,100,691
723,486,101,690
725,484,101,691
725,486,101,690
730,471,100,698
730,471,100,698
730,468,100,700
729,468,100,701
727,468,100,701
729,466,100,702
727,468,101,700
727,473,101,697
725,475,101,696
727,477,101,695
725,480,100,693
723,480,100,693
723,484,100,691
721,486,100,690
723,484,100,691
718,468,100,701
718,471,100,698
718,469,100,699
720,469,100,699
720,471,100,698
718,473,100,697
720,475,100,696
721,477,101,695
723,471,101,698
723,471,101,698
723,471,101,698
723,473,101,697
721,469,101,699
721,469,100,699
720,471,100,698
718,471,100,698
721,477,100,695
721,471,100,698
721,469,100,699
721,471,100,698
721,471,100,698
721,468,100,701
721,468,100,701
723,468,101,700
725,469,101,699
725,468,101,700
725,468,101,701
725,468,101,701
725,466,101,702
725,462,100,704
721,462,100,704
723,459,100,706
727,459,100,706
727,459,100,706
725,459,100,706
727,459,100,706
729,460,100,705
730,460,101,705
730,460,101,705
729,455,101,708
730,455,101,708
730,453,101,709
729,453,101,709
730,450,101,711
729,450,101,711
730,450,101,711
729,448,101,712
730,446,100,713
727,444,100,714
720,448,100,712
718,451,100,710
718,453,101,709
720,459,101,706
720,459,101,706
718,460,101,705
718,462,100,704
718,466,100,702
718,466,100,702
718,468,100,700
727,468,101,701
727,464,100,703
723,464,100,703
723,468,100,701
723,468,100,701
725,473,100,697
725,475,100,696
727,477,100,695
727,473,100,697
729,471,100,698
729,475,100,696
720,453,101,709
718,453,100,709
718,453,100,709
718,455,100,708
732,462,101,704
732,464,101,703
718,451,100,710
720,451,100,710
720,459,100,706
721,457,100,707
721,453,100,709
721,459,100,706
723,460,101,705
725,462,101,704
727,460,101,705
727,457,100,707
727,450,100,711
732,464,100,703
732,466,101,702
732,464,101,703
734,468,101,701
734,468,101,701
734,468,101,701
734,468,101,701
734,466,101,702
734,466,100,702
734,466,100,702
734,466,100,702
730,552,68,649
730,559,68,644
732,558,68,645
730,561,69,643
734,567,69,640
734,484,101,691
734,480,101,693
734,484,101,691
734,486,101,690
734,487,100,689
734,487,100,689
734,487,100,689
745,473,101,697
745,471,101,698
743,468,101,701
736,484,100,691
736,487,100,689
736,487,100,689
736,491,100,686
739,495,101,684
739,493,101,685
739,491,101,686
745,453,101,709
743,451,101,710
738,478,100,694
738,478,100,694
736,482,100,692
736,482,100,692
736,486,100,690
729,480,100,693
730,484,100,691
730,484,101,691
734,567,68,640
734,484,100,691
732,484,101,691
732,484,101,691
732,480,101,693
732,480,101,693
732,480,101,693
734,480,101,693
730,482,100,692
730,484,100,691
730,489,100,687
732,484,100,691
739,468,101,701
739,468,101,700
738,471,101,698
736,478,100,694
734,484,100,691
734,480,100,693
732,482,100,692
734,480,100,693
734,484,100,691
734,486,100,690
734,487,100,689
734,491,100,686
743,469,101,699
741,469,101,699
734,486,100,690
745,471,100,698
745,471,100,698
745,469,100,699
745,466,100,702
743,464,100,703
745,468,100,701
747,468,100,700
747,469,101,699
747,469,101,699
727,468,100,701
727,459,100,706
727,460,100,705
727,462,100,704
729,466,100,702
727,468,100,701
730,471,100,698
730,473,101,697
734,471,101,698
736,475,101,696
736,457,101,707
734,464,101,703
734,464,101,703
734,466,101,702
732,469,100,699
732,473,100,697
730,477,100,695
732,480,100,693
732,482,100,692
732,480,100,693
734,484,100,691
732,487,100,689
736,487,100,689
734,491,100,686
738,489,100,687
730,486,100,690
730,487,100,689
732,487,100,689
732,486,100,690
730,484,100,691
730,484,100,691
730,487,101,689
734,487,101,689
736,489,101,688
730,473,100,697
730,478,100,694
732,482,100,692
734,482,100,692
734,482,100,692
734,484,100,691
736,487,100,689
736,489,101,687
738,491,101,686
745,477,101,695
743,477,101,695
730,468,100,701
730,466,100,702
730,468,100,701
732,469,100,699
732,471,100,698
732,471,100,698
734,471,101,698
734,469,101,699
734,473,101,697
734,473,101,697
736,477,101,695
736,475,101,696
736,475,100,696
736,477,100,695
736,473,100,697
736,475,100,696
736,477,100,695
739,478,101,694
739,473,101,697
739,475,100,696
739,477,100,695
738,477,100,695
741,469,100,699
739,469,100,699
730,469,100,699
730,469,100,699
730,475,100,696
730,477,100,695
729,451,100,710
729,453,100,709
734,462,100,704
734,468,100,701
734,466,100,702
734,464,100,703
734,464,100,703
734,466,100,702
734,468,101,701
734,468,101,700
736,471,101,698
736,473,101,697
736,469,100,699
736,473,101,697
736,471,100,698
736,469,100,699
734,459,100,706
734,460,100,705
736,469,100,699
736,471,100,698
734,475,100,696
736,473,101,697
736,469,101,699
736,471,101,698
736,469,101,699
718,441,100,716
718,442,100,715
718,446,100,713
716,448,100,712
718,448,100,712
718,451,100,710
718,455,100,708
720,459,100,706
720,462,100,704
721,462,100,704
725,448,101,712
725,455,101,708
723,459,100,706
723,462,100,704
723,468,100,700
725,441,101,716
721,444,100,714
720,448,100,712
718,448,100,712
718,446,100,713
718,448,100,712
716,450,100,711
718,451,100,710
718,450,100,711
716,448,100,712
718,448,100,712
716,450,100,711
716,455,100,708
720,457,101,707
721,457,101,707
721,455,101,708
723,457,101,707
721,459,101,706
712,459,100,706
716,457,100,707
716,464,100,703
718,464,100,703
718,464,101,703
720,462,101,704
718,460,101,705
718,459,101,706
718,459,101,706
720,466,101,702
718,457,100,707
718,462,100,704
720,460,100,705
720,459,100,706
718,451,100,710
718,459,101,706
718,459,101,706
718,460,100,705
718,459,100,706
716,457,100,707
716,464,100,703
716,459,100,706
716,457,100,707
714,464,100,703
716,464,100,703
716,468,100,701
718,468,100,701
718,468,100,701
718,464,100,703
718,457,100,707
718,460,100,705
718,460,100,705
716,455,101,708
716,455,100,708
716,455,100,708
716,464,100,703
716,468,100,701
718,466,100,702
718,468,100,701
712,455,100,708
712,451,100,710
712,453,101,709
712,455,101,708
714,455,101,708
714,459,101,706
714,459,100,706
714,464,100,703
712,459,100,706
714,459,100,706
712,459,100,706
720,448,100,712
721,451,100,710
720,455,100,708
720,457,101,707
720,464,101,703
721,466,101,702
720,464,101,703
721,468,100,701
721,469,100,699
712,450,100,711
712,453,100,709
712,453,100,709
712,457,101,707
712,464,101,703
716,464,101,703
716,464,101,703
716,466,100,702
716,466,101,702
716,468,100,701
716,471,100,698
716,469,100,699
716,477,100,695
716,468,100,701
716,468,100,701
716,466,100,702
711,468,101,701
711,466,100,702
711,468,101,701
712,468,101,701
712,469,101,699
716,471,101,698
716,469,101,699
716,477,100,695
716,478,100,694
716,478,100,694
716,466,100,702
716,464,100,703
716,464,100,703
716,464,100,703
714,466,100,702
714,477,100,695
712,469,100,699
714,473,100,697
716,478,100,694
716,473,100,697
716,475,100,696
716,478,100,694
718,478,101,694
718,475,101,696
718,478,101,694
721,459,101,706
721,459,101,706
721,459,101,706
716,462,100,704
714,464,100,703
716,500,100,681
714,468,100,700
714,468,100,700
716,469,101,699
718,468,101,700
716,468,101,700
716,468,101,701
716,464,100,703
716,464,100,703
714,460,100,705
716,468,100,701
716,468,100,701
716,464,100,703
727,466,100,702
729,466,100,702
727,464,100,703
716,466,100,702
721,464,100,703
723,451,100,710
721,453,100,709
721,457,100,707
721,457,100,707
720,459,100,706
720,462,100,704
721,464,100,703
720,466,100,702
720,466,100,702
720,466,100,702
721,464,100,703
720,462,101,704
718,468,100,701
718,466,100,702
716,459,101,706
716,457,101,707
716,453,101,709
718,457,101,707
716,455,100,708
716,457,100,707
716,455,100,708
716,457,100,707
718,469,100,699
718,468,100,701
718,466,100,702
718,466,101,702
718,466,101,702
720,468,100,700
720,468,100,700
718,471,101,698
721,468,101,700
725,455,100,708
721,459,100,706
720,468,100,700
720,473,100,697
720,473,100,697
721,477,100,695
725,482,100,692
716,469,100,699
716,473,100,697
714,475,100,696
716,475,100,696
712,464,100,703
712,468,100,701
716,469,100,699
714,469,101,699
716,473,101,697
716,475,101,696
718,477,101,695
718,475,100,696
718,482,100,692
718,482,100,692
718,484,100,691
720,486,100,690
721,489,100,687
730,471,100,698
730,471,100,698
718,466,100,702
718,466,100,702
718,460,100,705
718,459,100,706
718,455,100,708
718,453,100,709
718,451,100,710
720,455,101,708
721,455,101,708
725,469,100,699
725,468,100,700
721,468,100,701
721,468,100,700
721,468,100,700
723,464,100,703
721,468,100,701
725,468,100,701
723,469,100,699
723,450,100,711
721,451,100,710
721,455,100,708
721,462,100,704
721,460,100,705
721,462,100,704
720,466,100,702
727,453,100,709
725,459,100,706
725,464,100,703
721,453,100,709
720,457,100,707
720,457,100,707
720,459,100,706
718,455,100,708
718,460,100,705
718,462,100,704
725,451,101,710
723,453,100,709
723,453,100,709
721,457,100,707
721,462,100,704
723,464,100,703
721,468,100,701
721,466,100,702
721,468,100,701
721,468,100,700
721,468,100,700
721,464,100,703
718,446,100,713
716,450,100,711
718,446,100,713
716,450,100,711
716,453,100,709
716,455,101,708
718,459,101,706
718,464,101,703
720,466,101,702
718,469,100,699
718,471,100,698
718,439,100,717
718,442,100,715
718,446,100,713
718,442,100,715
718,446,100,713
718,451,101,710
720,457,101,707
720,460,101,705
721,464,101,703
720,468,100,700
714,433,100,721
716,437,100,719
716,441,100,716
716,442,100,715
716,450,100,711
718,448,101,712
720,451,101,710
718,455,100,708
718,457,100,707
718,459,100,706
718,462,100,704
718,464,100,703
716,462,100,704
718,471,100,698
718,468,100,701
720,471,100,698
720,468,100,700
718,453,100,709
718,457,100,707
718,457,101,707
720,459,101,706
721,462,101,704
721,459,101,706
721,464,100,703
718,453,100,709
716,453,100,709
716,455,101,708
716,455,101,708
718,460,101,705
718,464,101,703
720,468,100,701
720,468,100,701
718,469,100,699
721,469,100,699
725,448,100,712
721,450,100,711
718,457,100,707
718,457,100,707
716,453,100,709
718,462,100,704
720,466,100,702
720,466,100,702
720,468,100,701
721,469,100,699
712,455,101,708
714,455,101,708
714,459,101,706
714,460,101,705
714,464,101,703
712,468,100,701
714,468,100,701
716,466,100,702
712,468,100,701
716,468,100,700
714,459,100,706
714,462,100,704
714,459,100,706
714,462,100,704
716,462,101,704
716,468,101,701
718,469,101,699
718,471,101,698
720,477,101,695
714,466,100,702
712,468,101,701
714,464,101,703
714,468,101,701
716,466,101,702
716,468,100,701
718,471,100,698
718,468,100,700
718,471,100,698
718,469,100,699
721,468,100,701
721,468,100,700
709,532,68,661
707,538,68,658
709,540,69,657
714,464,100,703
712,464,101,703
714,466,101,702
716,468,101,701
718,466,101,702
718,464,101,703
718,466,101,702
720,466,100,702
718,464,100,703
718,468,100,701
718,468,100,701
718,464,100,703
718,464,100,703
716,460,100,705
716,466,100,702
718,466,100,702
718,464,100,703
718,462,101,704
716,459,101,706
716,455,101,708
712,464,100,703
714,460,100,705
714,462,100,704
714,464,100,703
716,466,100,702
714,464,100,703
716,466,100,702
716,468,100,701
716,468,101,700
716,471,101,698
718,473,101,697
720,475,101,696
712,464,100,703
714,468,100,701
714,468,100,701
716,477,100,695
716,473,100,697
718,477,101,695
720,477,101,695
720,480,101,693
729,462,100,704
727,460,100,705
725,459,100,706
723,459,100,706
723,459,100,706
716,448,100,712
718,462,101,704
720,464,101,703
723,450,100,711
721,451,100,710
720,455,100,708
721,457,100,707
720,457,100,707
718,460,100,705
718,462,100,704
718,464,100,703
718,468,100,701
718,460,100,705
718,462,100,704
718,464,100,703
718,468,100,701
720,468,100,701
714,460,100,705
714,464,100,703
714,466,100,702
714,466,100,702
716,468,100,700
716,469,100,699
716,471,101,698
718,477,101,695
720,477,101,695
720,477,101,695
714,550,68,650
712,478,100,694
711,469,100,699
709,475,100,696
709,473,100,697
720,475,100,696
716,471,101,698
716,466,101,702
716,469,100,699
716,473,100,697
714,475,100,696
714,469,100,699
712,466,100,702
714,471,100,698
716,469,100,699
716,473,100,697
716,475,100,696
716,471,100,698
716,471,101,698
718,473,101,697
718,471,101,698
718,469,101,699
720,473,101,697
721,473,101,697
720,475,100,696
720,473,100,697
718,468,100,700
718,468,100,700
720,469,100,699
718,468,100,701
718,466,100,702
718,468,100,701
720,464,100,703
721,464,100,703
720,464,101,703
716,435,100,720
716,439,101,718
718,437,101,719
718,437,101,719
718,437,101,719
718,433,101,721
718,432,101,722
718,430,100,723
716,428,100,724
716,428,100,724
716,428,100,724
712,439,100,718
711,439,100,718
711,439,100,718
712,439,100,718
711,439,100,718
711,439,100,718
712,441,101,716
712,444,101,714
712,448,101,712
712,444,101,714
714,446,100,713
712,444,100,714
712,448,100,712
714,451,100,710
716,448,100,712
711,451,100,710
712,451,100,710
712,451,100,710
725,439,101,717
721,439,101,717
721,441,101,716
721,442,100,715
718,444,100,714
720,444,100,714
718,451,101,710
718,453,101,709
716,460,101,705
716,462,101,704
716,466,100,702
716,469,100,699
718,473,100,697
718,475,100,696
736,491,100,686
736,489,100,687
721,457,100,707
720,459,101,706
739,496,100,683
739,498,100,682
743,495,100,684
741,493,100,685
741,491,101,686
739,489,101,688
739,487,101,689
739,486,101,690
739,486,101,690
734,489,100,687
734,489,100,687
734,489,100,687
736,491,100,686
734,489,100,687
734,489,100,688
734,487,101,689
736,489,101,687
736,487,101,689
718,457,100,707
716,462,100,704
716,462,100,704
718,457,100,707
716,462,100,704
716,462,100,704
718,462,101,704
718,466,101,702
720,468,101,700
712,441,100,716
712,450,100,711
716,460,101,705
718,464,101,703
721,468,101,701
712,459,100,706
716,462,100,704
716,466,100,702
712,459,100,706
716,462,100,704
716,466,100,702
716,468,101,701
718,469,101,699
720,475,101,696
721,473,101,697
721,480,100,693
721,480,100,693
707,464,69,703
711,491,69,686
714,493,69,685
716,414,101,732
712,403,101,738
709,455,100,708
716,462,100,704
716,460,100,705
716,462,100,704
716,460,100,705
716,460,100,705
716,462,100,704
716,460,100,705
718,459,101,706
718,441,100,716
716,444,100,714
718,448,100,712
718,444,100,714
718,444,100,714
718,446,100,713
718,444,101,714
720,442,101,715
705,496,69,683
705,498,69,682
705,496,69,683
705,502,69,680
707,500,68,681
705,498,68,682
703,500,68,681
703,489,69,687
703,489,69,687
702,489,69,688
703,489,69,688
703,489,69,688
702,489,69,688
703,489,68,687
700,489,68,687
700,493,68,685
700,489,68,688
702,675,0,571
707,693,0,560
705,619,5,607
709,666,5,577
707,487,69,689
702,482,69,692
702,477,69,695
700,478,68,694
698,478,68,694
698,480,68,693
700,664,0,578
707,682,0,567
709,698,0,557
705,489,68,687
703,489,68,688
703,489,68,688
702,487,68,689
700,486,68,690
700,597,5,621
700,475,68,696
696,507,0,677
703,685,0,565
705,489,69,688
709,496,69,683
709,496,69,683
709,495,69,684
709,493,69,685
703,493,68,685
703,493,68,685
703,495,68,684
736,457,100,707
736,459,100,706
734,453,100,709
734,453,100,709
734,522,68,668
739,554,68,648
741,568,68,639
743,568,68,639
745,572,69,637
745,568,69,639
743,486,101,690
741,480,101,693
739,475,101,696
734,655,5,584
739,667,5,576
736,545,69,653
738,541,69,655
738,541,69,656
738,541,68,655
736,543,68,654
736,541,68,655
736,541,68,656
736,541,68,655
738,541,68,655
736,543,68,654
736,541,68,655
736,541,68,656
736,541,68,655
736,543,68,654
734,543,68,654
738,721,0,542
738,727,0,539
729,572,0,636
736,685,0,565
736,711,0,549
736,714,0,546
741,574,68,635
734,534,68,660
732,531,68,662
730,531,68,662
730,529,68,663
730,529,68,663
729,595,5,622
732,649,5,587
736,673,5,573
739,698,5,557
739,543,69,654
736,534,69,660
732,527,69,664
730,525,69,666
730,523,68,667
730,525,68,666
730,527,68,664
732,667,0,576
739,714,0,547
736,534,68,660
732,529,68,663
738,675,5,571
739,532,69,661
734,525,69,666
730,520,68,669
729,513,68,673
730,687,0,563
739,712,0,548
739,723,0,541
730,527,69,664
730,527,69,664
730,525,69,666
729,523,69,667
736,644,5,591
738,675,5,571
739,532,69,661
734,525,69,666
730,520,68,669
729,513,68,673
730,687,0,563
739,712,0,548
739,723,0,541
732,511,68,674
732,511,69,674
736,714,0,547
734,624,5,604
736,671,5,574
736,694,5,559
736,700,5,556
736,711,0,549
738,711,0,549
736,712,0,548
739,712,0,548
732,721,0,542
730,505,68,678
712,610,5,613
714,648,5,589
716,673,5,573
718,687,0,563
718,691,0,561
