734,577,69,633
738,671,1,574
739,718,1,544
743,736,1,533
745,743,1,528
748,745,1,527
748,754,1,522
750,597,69,621
750,595,69,622
750,594,69,623
747,586,69,627
745,594,69,623
747,590,69,625
745,592,69,624
745,592,69,624
745,592,69,624
747,586,69,627
752,570,69,638
739,649,1,588
743,702,1,555
745,729,1,537
745,741,1,529
747,750,1,524
748,754,1,521
750,595,69,622
748,588,69,626
748,590,69,625
748,586,69,627
747,586,69,627
747,585,69,628
745,588,69,626
745,588,69,626
743,585,69,629
745,586,69,627
745,588,69,626
745,592,69,624
745,586,69,627
745,588,69,626
745,586,69,627
745,590,69,625
747,590,69,625
747,592,69,624
750,590,69,625
752,588,69,626
752,586,69,627
752,585,69,628
750,583,69,630
750,583,69,630
748,579,69,632
747,579,69,632
743,568,69,639
743,568,69,639
743,568,69,639
743,570,69,638
743,568,69,639
743,570,69,638
741,572,69,637
743,572,69,637
743,568,69,639
743,572,69,637
743,572,69,637
739,572,69,637
739,574,69,635
741,572,69,636
739,574,69,635
741,576,69,634
743,579,69,632
745,577,69,633
745,576,69,634
743,583,69,630
743,577,69,633
743,579,69,632
745,583,69,630
745,577,68,633
741,741,0,529
741,743,0,528
745,748,0,525
748,750,0,524
748,680,68,568
748,576,68,634
745,576,68,634
743,574,68,635
741,572,68,637
743,576,68,634
743,576,68,634
743,581,68,631
745,581,68,631
745,585,68,629
747,577,69,633
748,581,69,631
747,579,69,632
748,585,69,629
748,585,69,629
750,585,69,629
750,583,69,630
748,586,69,627
750,585,69,629
748,583,69,630
748,585,69,629
747,576,69,634
747,577,69,633
743,585,68,629
741,586,68,627
743,586,69,627
745,590,69,625
743,585,69,628
743,590,69,625
745,594,69,623
745,595,69,622
745,597,69,621
745,599,69,620
745,599,69,620
748,599,69,620
748,601,69,618
750,604,69,616
750,604,69,616
752,604,69,616
752,604,69,616
752,606,69,615
752,604,69,616
752,608,69,614
754,610,69,613
754,608,69,614
754,502,101,680
756,459,101,706
757,459,101,706
754,457,101,707
754,455,101,708
756,457,101,707
754,451,101,710
750,446,101,713
747,442,101,715
745,439,101,717
743,437,101,719
741,547,69,652
739,576,69,634
741,576,69,634
741,574,69,635
747,583,69,630
745,588,69,626
747,588,69,626
748,588,69,626
748,585,69,628
747,585,69,628
745,590,69,625
748,586,69,627
748,588,69,626
748,588,69,626
750,588,69,626
748,588,69,626
748,588,69,626
748,588,69,626
750,588,69,626
750,590,69,625
750,588,69,626
750,588,69,626
752,588,69,626
752,588,69,626
752,585,69,629
743,721,1,542
745,729,1,537
747,732,1,535
748,739,1,531
748,745,1,527
748,743,1,528
748,750,1,524
752,595,69,622
750,594,69,623
748,592,69,624
748,595,69,622
748,597,69,621
750,594,69,623
748,597,69,621
750,599,69,619
752,599,69,620
754,601,68,618
754,603,69,617
756,457,101,707
756,455,101,708
756,453,101,709
756,453,101,709
754,453,101,709
754,451,101,710
754,451,101,710
754,451,101,710
750,450,101,711
748,448,101,712
748,450,101,711
747,446,101,713
745,446,101,713
745,444,101,714
745,444,101,714
745,442,101,715
747,444,100,714
747,441,100,716
748,441,101,716
748,439,100,717
745,437,101,719
745,435,101,720
747,432,101,722
748,586,69,627
748,586,69,627
748,592,69,624
745,590,69,625
745,594,69,623
748,597,69,621
748,599,69,620
752,599,69,620
752,601,68,618
752,601,69,618
754,599,68,619
754,601,68,618
754,603,69,617
756,466,100,702
756,451,100,710
754,453,100,709
752,455,100,708
752,450,101,711
752,450,101,711
748,444,101,714
745,446,101,713
745,446,101,713
743,441,101,716
739,558,69,645
739,588,69,626
745,594,69,623
747,592,69,624
748,594,69,623
750,592,69,624
750,590,69,625
752,588,69,626
752,586,68,627
750,583,69,630
748,576,68,634
747,572,68,636
745,576,69,634
745,577,69,633
743,579,69,632
743,576,69,634
743,577,69,633
745,581,69,631
745,579,69,632
745,577,69,633
745,579,69,632
743,577,69,633
745,576,68,634
745,576,69,634
745,576,68,634
745,579,68,632
745,576,68,634
748,631,69,599
748,570,69,638
745,572,69,636
741,574,69,635
741,574,69,635
739,574,69,635
739,646,1,590
745,716,1,545
748,743,1,528
748,586,68,627
748,586,68,627
745,585,68,628
745,586,68,627
747,585,68,628
748,588,68,626
747,588,68,626
747,588,69,626
748,592,69,624
748,590,69,625
750,590,69,625
748,592,69,624
750,588,69,626
750,595,69,622
750,588,69,626
750,594,69,623
748,588,69,626
748,590,69,625
748,586,69,627
748,585,68,628
748,585,69,628
748,588,69,626
752,588,69,626
752,585,68,628
752,585,69,628
752,585,68,629
748,585,68,629
747,583,68,630
745,585,69,629
747,585,69,629
747,586,69,627
745,585,69,628
747,586,69,627
748,588,69,626
745,592,69,624
748,594,69,623
750,595,69,622
748,592,69,624
748,597,69,621
752,599,69,620
752,597,69,621
754,597,69,621
752,597,69,621
752,599,69,619
754,599,69,619
754,601,68,618
754,603,68,617
756,457,100,707
754,453,101,709
754,451,101,710
752,451,101,710
752,450,101,711
748,450,101,711
750,448,101,712
748,446,101,713
748,446,101,713
747,442,101,715
747,441,101,716
745,439,101,718
743,437,101,719
741,547,69,652
741,579,69,632
743,579,69,632
745,577,69,633
745,576,68,634
743,574,68,635
734,590,68,625
734,595,68,622
736,451,100,710
736,451,100,710
734,448,100,712
734,446,100,713
732,450,100,711
729,448,100,712
725,448,101,712
727,451,101,710
727,448,101,712
725,453,101,709
725,455,101,708
727,453,101,709
725,459,101,706
730,459,101,706
732,460,101,705
734,464,101,703
734,466,101,702
734,464,101,703
734,462,100,704
732,464,100,703
736,459,100,706
734,459,100,706
736,457,101,707
734,455,101,708
734,453,101,709
732,448,101,712
730,444,101,714
729,442,101,715
730,441,101,716
730,437,101,719
730,437,101,719
729,433,101,721
729,430,101,723
727,428,101,724
727,428,101,724
727,424,101,726
727,619,0,607
729,671,0,574
727,568,68,639
727,572,68,637
729,568,68,639
730,660,0,581
730,703,0,553
721,675,0,571
727,712,0,548
730,583,69,630
732,576,69,634
734,577,101,633
730,426,101,725
730,426,101,725
730,428,101,724
730,428,101,724
727,432,101,722
727,439,100,718
725,437,100,719
725,437,100,719
725,435,100,720
725,435,100,720
725,433,100,721
725,432,100,722
725,433,100,721
727,435,100,720
729,437,100,719
727,439,100,718
727,437,100,719
725,437,101,719
725,437,101,719
725,439,101,718
727,439,101,717
729,437,101,719
729,439,101,718
729,439,101,717
727,442,101,715
727,441,101,716
727,439,100,717
727,437,100,719
725,437,100,719
725,437,100,719
725,437,100,719
725,435,100,720
725,437,100,719
727,437,100,719
727,432,100,722
727,432,101,722
729,430,101,723
729,432,101,722
730,430,101,723
730,430,101,723
730,428,101,724
727,424,101,726
725,423,101,727
729,610,1,613
730,558,69,646
727,565,69,641
727,565,69,641
725,561,68,643
725,648,0,589
725,685,0,565
747,585,68,628
743,585,68,628
743,585,68,628
743,590,68,625
745,592,68,624
745,594,68,623
743,590,68,625
745,594,68,623
747,595,68,622
748,595,68,622
750,595,68,622
750,599,68,620
752,599,68,619
752,601,68,618
752,601,68,618
752,604,69,616
756,457,101,707
752,451,101,710
754,457,101,707
756,453,101,709
756,457,101,707
754,455,101,708
752,451,101,710
750,448,101,712
748,450,101,711
748,451,101,710
748,450,101,711
748,448,101,712
747,446,101,713
745,441,101,716
743,441,101,716
743,439,101,718
743,570,69,638
743,585,68,629
745,745,0,527
748,754,0,522
750,612,68,611
750,592,69,624
750,590,69,625
748,594,69,623
752,594,69,623
752,595,69,622
752,595,69,622
750,601,69,618
752,603,69,617
752,606,69,615
754,608,69,614
756,464,101,703
754,459,101,706
756,457,101,707
750,459,101,706
748,457,101,707
747,459,101,706
748,460,101,705
752,459,101,706
752,460,100,705
750,459,101,706
747,459,101,706
745,459,101,706
747,457,101,707
747,457,101,707
745,453,101,709
745,453,101,709
743,451,101,710
743,451,101,710
743,448,101,712
741,541,69,656
739,585,69,628
743,586,69,627
743,586,69,627
745,585,69,628
750,599,68,619
752,601,68,618
752,604,69,616
750,608,69,614
752,608,69,614
752,610,69,613
754,612,69,612
754,613,69,610
756,480,101,693
756,469,101,699
757,471,101,698
756,471,101,698
757,473,101,697
757,473,101,697
754,471,101,698
752,471,101,698
750,469,101,699
750,473,101,697
748,471,101,698
748,471,101,698
748,469,101,699
747,468,100,700
747,468,101,701
747,468,101,700
747,466,101,702
747,464,101,703
745,460,101,705
747,459,101,706
748,457,101,707
745,453,101,709
745,448,101,712
745,446,101,713
745,442,101,715
745,439,101,717
745,439,101,718
743,435,101,720
741,511,69,674
734,572,68,636
730,572,69,636
732,576,68,634
734,577,69,633
734,574,68,635
736,576,68,634
734,581,68,631
736,585,68,629
738,585,69,629
739,581,69,631
741,583,69,630
739,581,69,631
738,579,69,632
738,579,69,632
739,583,69,630
739,612,69,611
739,615,69,609
739,624,69,604
743,630,69,600
743,628,69,601
743,637,69,595
743,644,69,591
745,493,101,685
739,495,101,684
739,498,101,682
736,495,101,684
736,498,101,682
736,500,101,681
736,502,101,680
734,504,101,679
734,505,101,678
734,504,100,679
736,507,100,677
736,511,100,674
736,509,100,676
736,505,100,678
736,509,101,675
736,509,101,676
736,505,101,678
739,507,101,677
743,507,101,677
745,507,101,677
745,507,101,677
745,505,101,678
741,502,101,680
738,498,101,682
736,498,101,682
736,495,101,684
736,491,100,686
732,486,100,690
730,583,68,630
734,619,68,607
739,624,68,604
739,622,68,605
743,622,68,605
745,491,100,686
743,480,101,693
741,478,101,694
741,478,101,694
739,475,101,696
739,475,101,696
738,637,1,595
736,655,5,584
738,671,1,574
741,714,1,546
743,736,1,533
743,745,1,527
743,747,1,526
743,747,0,526
730,561,69,643
729,586,69,627
732,595,69,622
736,601,69,618
738,604,69,616
739,601,69,618
743,601,69,618
739,603,69,617
738,599,69,619
739,462,101,704
736,464,101,703
732,468,101,701
732,597,69,621
734,621,69,606
739,630,69,600
739,624,69,604
741,626,69,602
743,633,69,598
743,486,100,690
741,487,101,689
738,486,100,690
739,489,101,688
738,484,100,691
736,489,101,688
734,489,101,688
736,487,101,689
736,489,101,688
734,487,101,689
738,489,101,688
734,487,101,689
734,489,101,687
736,489,101,687
736,489,101,688
736,487,101,689
736,487,101,689
736,489,101,688
734,489,101,688
739,486,101,690
736,482,101,692
736,482,101,692
734,478,101,694
736,477,101,695
736,473,101,697
736,473,101,697
738,469,101,699
736,468,101,700
730,601,68,618
734,599,68,620
734,604,68,616
736,612,68,612
738,612,68,611
739,612,68,611
743,612,68,611
743,610,68,613
739,612,68,612
741,608,68,614
743,619,68,607
745,475,100,696
743,468,100,700
743,466,100,702
743,468,100,701
743,468,100,700
743,468,100,701
739,468,100,701
739,468,100,701
738,466,100,702
738,466,100,702
738,462,100,704
736,462,100,704
738,460,100,705
743,583,68,630
739,583,68,630
738,585,68,628
736,594,68,623
738,597,68,621
736,601,68,618
736,606,68,615
739,610,68,613
739,613,68,610
738,613,68,610
738,615,68,609
739,619,68,607
736,619,68,607
736,622,68,605
739,624,68,604
738,621,68,606
739,626,68,602
741,624,68,603
741,631,68,599
743,633,68,598
743,628,68,601
743,633,68,598
743,541,100,656
743,489,100,688
738,486,100,690
738,484,100,691
736,484,100,691
736,487,100,689
734,484,100,691
734,482,100,692
732,486,100,690
734,487,100,689
738,487,100,689
741,489,100,688
741,486,100,690
741,487,100,689
743,487,100,689
743,484,100,691
743,484,100,691
741,482,100,692
743,480,100,693
743,478,100,694
739,477,100,695
739,469,100,699
739,468,100,700
739,466,100,702
738,462,100,704
743,592,68,624
739,595,68,622
734,599,68,620
736,603,68,617
734,604,68,616
734,608,68,614
734,613,68,610
734,617,68,608
736,626,68,602
739,622,68,605
739,624,68,603
739,633,68,598
741,635,68,597
741,637,68,595
743,642,68,592
745,498,100,682
747,491,100,686
745,489,100,688
739,637,68,595
741,498,100,682
732,495,100,684
736,495,100,684
736,498,100,682
734,498,100,682
739,496,100,683
741,498,100,682
743,500,100,681
745,498,100,682
747,498,100,682
748,498,100,682
748,502,100,680
747,500,100,681
743,498,100,682
743,500,100,681
743,495,100,684
739,495,100,684
739,491,100,686
739,489,100,687
739,487,100,689
739,486,100,690
743,486,100,690
743,482,100,692
743,480,100,693
743,477,100,695
743,475,100,696
743,473,100,697
743,469,100,699
743,468,100,700
741,466,100,702
738,633,0,598
736,687,0,563
736,709,0,550
738,736,0,533
738,585,0,629
738,700,0,556
739,732,0,535
739,747,0,526
748,754,0,521
747,754,0,521
748,756,0,520
748,756,0,520
750,619,68,607
752,615,68,609
752,615,68,609
752,617,68,608
752,619,68,607
752,615,68,609
747,613,68,610
748,622,68,605
748,624,68,603
750,619,68,607
752,619,68,607
750,621,68,606
748,621,68,606
748,628,68,601
752,622,68,605
750,617,68,608
745,617,68,608
745,619,68,607
741,615,68,609
743,622,68,605
747,622,68,605
750,624,68,604
752,617,68,608
748,613,68,610
748,612,68,611
747,613,68,610
750,613,68,610
752,604,68,616
748,597,68,621
745,601,68,618
745,599,68,619
748,608,68,614
748,603,68,617
748,601,68,618
748,599,68,620
745,599,68,619
745,604,68,616
745,603,68,617
747,603,68,617
747,603,68,617
747,606,68,615
745,603,68,617
747,601,68,618
748,603,68,617
747,603,68,617
748,601,68,618
747,599,68,620
748,601,68,618
747,599,68,619
745,599,68,620
741,750,0,524
743,748,0,525
743,747,0,526
743,748,0,525
745,750,0,524
745,750,0,524
745,754,0,522
745,754,0,521
745,754,0,521
745,756,0,520
745,757,0,519
745,759,0,518
745,759,0,518
747,765,0,515
748,766,0,514
750,628,68,601
748,613,68,610
745,612,68,612
745,615,68,609
748,615,68,609
750,621,68,606
750,624,68,604
754,622,68,605
754,621,68,606
752,615,68,609
748,619,68,607
750,619,68,607
748,619,68,607
752,622,68,605
750,613,68,610
743,610,68,613
741,612,68,612
743,608,68,614
745,608,68,614
745,608,68,614
747,604,68,616
748,599,68,619
747,597,68,621
747,592,68,624
747,590,68,625
747,585,68,628
745,768,0,512
747,779,0,506
743,781,0,505
739,784,0,503
738,784,0,503
736,774,0,509
734,770,0,511
734,768,0,512
736,766,0,514
736,759,0,518
736,763,0,516
734,759,0,518
736,759,0,518
739,759,0,518
743,761,0,517
745,766,0,514
748,768,0,512
748,770,0,511
748,775,0,508
745,777,0,507
743,784,0,503
743,784,0,502
743,797,0,495
743,797,0,495
743,804,0,490
745,808,0,488
745,804,0,490
745,820,0,480
747,828,0,476
748,819,0,481
748,815,68,484
754,678,68,569
757,534,100,660
756,527,100,664
754,523,100,667
750,520,100,669
748,522,100,668
748,525,100,666
748,522,100,668
748,522,100,668
745,514,100,672
743,511,100,674
743,511,100,674
743,513,100,673
745,511,100,674
745,509,100,676
745,505,100,678
745,502,100,680
739,552,68,649
738,644,0,591
743,709,0,550
743,736,0,533
738,754,0,521
736,772,0,510
736,783,0,504
739,784,0,502
745,786,0,501
748,784,0,502
752,783,0,504
752,781,0,505
752,781,0,505
752,779,0,506
754,671,68,574
752,673,68,573
770,858,0,457
766,860,0,456
765,858,0,457
766,858,0,457
765,858,0,458
766,860,0,456
770,864,0,454
770,865,0,453
770,865,0,453
772,865,0,453
772,867,0,452
772,871,0,450
772,876,0,447
772,876,0,447
770,878,0,446
772,878,0,446
775,882,0,444
775,883,0,442
770,867,0,452
772,869,0,451
772,871,0,450
772,876,0,447
774,876,0,447
772,878,0,446
774,880,0,445
772,883,0,442
774,882,0,444
775,883,0,443
775,887,0,440
777,891,0,438
777,892,0,437
779,900,0,433
779,898,0,434
779,894,0,436
779,894,0,436
779,894,0,436
781,898,0,434
757,747,100,526
761,748,100,525
761,748,100,525
763,754,100,522
763,752,100,523
763,754,100,521
763,754,100,522
763,754,100,521
763,754,100,522
763,754,100,521
763,754,100,521
763,752,100,523
766,714,100,546
766,718,100,544
766,725,100,540
766,732,100,535
766,727,100,539
770,738,100,532
770,743,100,528
770,747,100,526
766,750,100,524
763,752,100,523
765,754,100,522
765,756,100,520
765,756,100,520
765,756,100,520
763,759,100,518
763,766,100,514
763,763,100,516
763,766,100,514
763,763,100,516
765,768,100,512
766,770,100,511
766,779,100,506
768,772,100,510
770,777,100,507
772,775,100,508
774,775,100,508
774,774,100,509
772,775,100,508
770,772,100,510
770,774,100,509
770,768,100,512
770,772,100,510
770,770,100,511
768,768,100,512
766,763,100,516
766,756,100,520
763,754,100,521
763,752,100,523
763,750,100,524
763,743,100,528
765,741,100,529
765,736,100,533
