788,770,69,511
786,768,69,513
786,770,69,511
788,772,68,510
788,772,68,510
788,774,68,509
786,772,68,510
788,774,68,509
790,777,68,507
792,777,68,507
792,777,68,507
792,777,69,507
793,779,69,506
793,779,69,506
784,765,68,515
781,763,68,516
781,765,68,515
783,768,68,513
783,768,68,513
788,770,68,511
788,774,68,509
790,772,69,510
790,774,69,509
790,774,69,509
790,775,69,508
792,775,69,508
792,775,69,508
793,775,69,508
793,777,69,507
793,777,69,507
793,779,69,506
793,779,69,506
793,775,69,508
793,775,69,508
793,777,69,507
793,777,68,507
793,779,68,506
793,779,68,506
793,781,68,505
793,779,68,506
793,779,68,506
779,765,69,515
779,766,68,514
783,770,68,511
788,772,68,510
790,774,68,509
790,775,68,508
790,775,68,508
790,777,68,507
790,779,68,506
792,779,69,506
793,779,69,506
795,779,69,506
795,781,69,505
795,781,69,505
797,783,69,504
797,783,69,504
799,783,69,504
799,783,69,504
799,783,69,504
799,783,69,504
799,784,69,503
801,784,68,503
799,779,68,506
797,775,68,508
795,779,68,506
799,784,68,502
802,784,68,502
784,770,69,511
786,770,69,511
786,772,69,510
786,772,69,510
788,772,69,510
788,772,69,510
788,772,69,510
788,772,69,510
788,774,69,509
788,774,69,509
788,774,69,509
790,775,69,508
790,775,69,508
781,770,69,511
781,768,69,513
784,770,69,511
788,774,69,509
786,774,69,509
786,775,69,508
788,775,69,508
788,777,69,507
790,779,69,506
790,781,69,505
793,784,69,503
793,784,69,503
795,784,69,502
797,784,69,502
797,784,69,502
797,784,69,502
797,786,69,501
797,786,69,501
797,786,69,501
797,786,69,501
797,786,69,501
797,788,69,500
799,786,69,501
799,788,69,500
786,770,69,511
784,768,69,513
784,768,69,513
783,768,69,512
784,770,69,511
788,775,69,508
790,777,69,507
790,774,69,509
788,772,69,510
788,775,69,508
790,777,69,507
792,781,69,505
793,783,69,504
793,783,69,504
793,784,69,503
795,784,69,503
799,786,69,501
799,784,69,502
799,784,69,502
799,786,69,501
799,786,69,501
799,784,69,502
799,786,69,501
799,784,69,502
799,784,69,502
799,786,69,501
801,788,69,500
801,784,69,502
739,685,69,565
757,718,69,544
770,738,69,532
788,774,69,509
804,804,69,490
712,594,1,623
739,685,69,565
757,718,69,544
770,738,69,532
788,774,69,509
804,804,69,490
817,817,69,482
752,658,69,582
743,709,1,550
727,597,1,621
756,691,69,561
739,685,1,565
738,558,69,645
754,705,69,552
736,649,1,587
734,621,1,606
730,574,1,635
745,585,69,629
750,730,69,536
739,684,1,566
729,567,1,640
757,696,69,558
739,682,1,567
736,545,1,653
756,705,69,552
730,606,1,615
730,561,1,643
759,702,69,554
757,597,69,621
750,709,69,550
750,720,69,543
775,739,69,531
729,576,1,634
734,541,1,656
748,608,69,614
748,716,1,545
738,671,1,574
729,603,1,617
732,538,1,658
752,649,69,588
745,702,1,554
736,646,1,590
727,583,1,630
743,559,69,644
736,664,1,578
727,563,1,642
752,630,69,600
727,590,1,625
743,572,69,637
745,723,1,541
727,608,1,614
752,633,69,598
741,696,1,558
793,624,69,603
788,763,1,516
752,698,69,557
739,691,1,561
729,610,1,613
739,552,69,649
747,727,1,539
730,637,1,596
736,545,1,653
748,730,1,536
738,669,1,575
727,568,1,639
754,702,69,555
738,675,1,572
727,586,1,627
738,549,69,651
752,705,69,552
743,691,1,561
727,595,1,622
729,567,1,640
756,703,69,553
730,556,1,647
748,621,69,606
745,718,1,544
732,648,1,589
730,556,1,647
752,649,69,588
741,703,1,553
727,615,1,609
736,536,1,659
752,721,69,542
739,687,1,564
727,594,1,623
738,541,69,656
748,734,1,534
736,675,1,572
727,568,1,639
748,612,69,612
793,790,1,499
772,640,1,593
797,801,1,493
775,678,1,569
738,604,1,616
732,603,1,617
727,570,1,638
734,518,1,670
750,637,69,595
747,709,1,550
738,658,1,582
725,586,1,627
736,527,1,665
748,729,1,537
736,673,1,573
725,563,1,642
750,662,69,579
739,700,1,556
727,606,1,615
738,545,69,653
748,732,1,535
734,662,1,579
725,558,1,646
752,660,69,581
741,702,1,555
730,621,1,606
732,532,1,661
750,622,69,605
747,714,1,547
739,658,1,582
761,689,69,562
738,671,1,574
727,603,1,617
738,549,1,651
750,648,69,589
745,714,1,546
732,648,1,589
727,550,1,650
752,689,69,562
745,702,1,555
739,658,1,582
730,612,1,611
730,554,1,648
739,556,69,647
750,721,69,542
739,693,1,560
725,588,1,626
745,595,69,622
743,714,1,546
730,631,1,599
727,547,1,652
752,689,69,562
739,696,1,558
725,599,1,619
747,601,69,618
743,718,1,544
729,628,1,601
738,538,69,658
745,727,1,538
732,651,1,586
730,540,1,657
752,684,69,566
743,698,1,557
727,628,1,601
738,545,69,653
727,558,1,645
727,545,1,653
732,527,1,664
747,610,69,613
750,714,69,547
741,687,1,564
730,626,1,602
725,558,1,646
745,601,69,618
748,716,1,545
739,680,1,568
730,615,1,609
730,538,1,658
745,597,69,621
750,714,69,547
741,689,1,562
734,639,1,594
725,572,1,637
745,597,69,621
750,712,69,548
747,694,1,559
739,667,1,576
730,613,1,610
730,540,1,657
752,712,69,548
745,702,1,555
736,653,1,585
729,590,1,625
738,550,69,650
743,585,69,629
752,716,69,545
738,675,1,572
729,567,1,640
752,664,69,578
743,702,1,555
734,637,1,596
729,572,1,637
754,698,69,557
739,687,1,564
732,621,1,606
729,563,1,642
754,666,69,577
747,707,1,551
736,667,1,576
727,595,1,622
739,565,69,641
748,734,1,534
741,684,1,566
734,633,1,598
727,577,1,633
748,621,69,606
745,721,1,542
734,653,1,585
727,559,1,644
750,689,69,562
741,703,1,553
727,612,1,611
738,554,69,648
745,729,1,537
736,662,1,580
727,599,1,619
745,592,69,624
793,788,1,500
772,613,1,610
797,788,1,500
781,703,1,553
730,588,1,626
727,559,1,644
736,527,1,665
750,648,69,589
743,698,1,557
730,631,1,599
729,550,1,650
745,595,69,622
745,718,1,544
734,658,1,582
732,545,1,653
752,714,69,546
739,696,1,558
727,586,1,627
754,666,69,577
741,702,1,555
730,604,1,616
750,617,69,608
745,716,1,545
734,657,1,583
748,612,69,611
745,718,1,544
734,554,1,648
754,721,69,542
729,570,1,638
756,702,69,554
729,577,1,633
756,702,69,554
729,608,1,614
759,705,69,552
730,619,1,607
763,714,69,546
729,594,1,623
761,709,69,550
732,626,1,602
763,714,69,546
783,768,69,512
729,559,1,644
743,572,69,637
752,691,69,561
743,696,1,558
727,585,1,629
739,556,69,647
752,702,69,554
743,694,1,559
734,642,1,592
729,586,1,627
734,538,1,658
752,669,69,575
743,703,1,553
732,637,1,596
729,559,1,644
748,612,69,612
745,718,1,544
799,802,1,491
775,702,1,554
797,799,1,494
770,658,1,582
738,628,1,601
739,624,1,603
738,633,1,598
734,617,1,608
730,576,1,634
736,541,1,656
750,646,69,590
745,711,1,549
738,667,1,576
727,583,1,630
741,561,69,643
752,714,69,546
741,678,1,569
730,615,1,609
743,567,69,640
752,720,69,543
736,649,1,587
754,644,69,591
743,698,1,557
730,624,1,603
759,700,69,556
730,574,1,635
757,698,69,557
748,572,69,636
750,716,69,545
774,738,69,532
739,541,69,655
757,703,69,553
781,754,69,522
804,808,69,488
756,541,69,655
754,669,69,575
747,694,1,559
781,741,69,529
799,793,69,497
743,531,69,662
759,702,69,555
784,768,69,512
792,626,69,602
736,601,1,618
772,727,69,538
797,792,69,498
790,606,69,615
736,624,1,604
772,727,69,538
804,815,69,484
743,520,69,669
748,590,69,625
752,622,69,605
748,702,1,554
748,568,69,639
752,709,69,550
741,684,1,566
732,622,1,605
730,559,1,644
736,540,1,657
752,657,69,583
727,588,1,626
739,552,69,649
748,727,1,539
772,784,1,502
799,817,1,482
774,696,1,558
793,799,1,494
772,649,1,588
793,788,1,500
770,619,1,607
790,781,1,505
775,585,1,629
727,568,1,639
732,527,1,664
736,523,1,667
741,545,69,653
752,637,69,596
747,703,1,553
738,664,1,578
734,621,1,606
727,568,1,639
739,550,69,650
752,714,69,546
741,671,1,574
734,631,1,599
729,558,1,645
754,669,69,575
741,698,1,557
730,563,1,642
743,570,69,638
754,707,69,551
770,729,69,537
775,635,69,597
712,558,1,645
761,703,69,553
777,739,69,531
793,761,69,517
730,585,1,628
730,567,1,640
765,714,69,546
784,752,69,523
779,610,69,613
739,626,1,602
777,738,69,532
802,810,69,487
811,666,69,577
730,552,1,649
768,712,69,548
797,799,69,494
826,838,69,469
846,844,69,466
763,529,69,663
752,678,69,569
786,743,69,528
819,833,69,473
748,516,69,671
754,612,69,612
748,689,1,562
774,685,69,565
738,639,1,594
730,590,1,625
736,529,1,663
752,612,69,612
745,705,1,552
736,633,1,598
729,583,1,630
738,534,69,660
752,676,69,570
745,691,1,561
741,651,1,586
761,743,1,528
784,810,1,487
801,793,69,497
781,738,1,532
801,748,69,525
792,610,69,613
788,766,1,514
774,585,1,629
784,739,1,531
781,561,1,643
792,775,1,508
772,624,1,603
797,799,1,494
772,597,69,621
743,649,1,588
734,621,1,606
727,558,1,646
730,531,1,662
738,527,69,665
