784,588,69,626
783,595,69,622
788,597,69,621
790,594,69,623
790,595,69,622
792,597,69,621
793,599,69,620
793,599,69,620
793,597,69,621
797,597,69,621
795,597,69,621
793,595,69,622
792,599,69,620
790,595,69,622
788,595,69,622
779,595,69,622
781,597,69,621
783,597,69,621
790,599,69,619
793,599,69,619
795,599,69,620
797,597,69,621
799,599,69,619
793,601,69,618
793,601,69,618
792,599,69,620
793,599,69,620
790,599,69,620
779,585,69,628
779,585,69,628
779,585,69,628
777,585,69,628
777,585,69,628
775,592,69,624
775,592,69,624
777,590,69,625
777,590,69,625
781,595,69,622
781,595,69,622
784,595,69,622
784,595,69,622
786,595,69,622
786,595,69,622
788,597,69,621
788,597,69,621
790,595,69,622
790,595,69,622
790,597,69,621
790,597,69,621
790,597,69,621
790,597,69,621
790,597,69,621
790,597,69,621
792,597,69,621
792,597,69,621
793,594,69,623
793,594,69,623
793,595,69,622
783,572,69,637
784,590,69,625
786,595,69,622
786,597,69,621
788,601,69,618
788,601,69,618
788,608,69,614
788,608,69,614
788,610,69,613
792,612,69,612
795,613,69,610
797,615,69,609
799,619,69,607
799,613,69,610
802,615,69,609
804,617,69,608
806,619,69,607
806,615,69,609
806,613,69,610
804,615,69,609
802,612,69,612
802,610,69,613
801,612,69,612
801,606,69,615
804,604,69,616
808,599,69,619
783,599,69,620
788,599,69,619
792,599,69,619
793,601,69,618
797,604,69,616
799,603,69,617
799,606,69,615
799,603,69,617
799,603,69,617
799,603,69,617
797,601,69,618
774,572,69,637
779,572,69,636
781,572,69,636
784,572,69,636
788,572,69,637
788,574,69,635
786,576,69,634
784,576,69,634
783,572,69,637
763,558,69,645
770,561,69,643
772,567,69,640
774,568,69,639
772,572,69,636
777,579,69,632
774,579,69,632
779,585,69,629
784,585,69,629
786,583,69,630
783,586,69,627
784,585,69,628
786,585,69,629
790,585,69,629
793,588,69,626
792,586,69,627
790,585,69,628
790,585,69,628
788,586,69,627
784,585,69,628
788,585,69,629
788,585,69,629
792,585,69,629
779,579,69,632
781,577,69,633
783,576,69,634
779,574,69,635
763,570,69,638
768,572,69,637
768,572,69,636
777,581,69,631
783,583,69,630
783,583,69,630
781,586,69,627
779,586,69,627
775,586,69,627
784,594,69,623
790,592,69,624
795,590,69,625
797,590,69,625
797,595,69,622
793,590,69,625
790,594,69,623
797,590,69,625
799,590,69,625
799,590,69,625
799,586,69,627
797,586,69,627
802,590,69,625
799,586,69,627
793,585,69,628
792,583,69,630
788,581,69,631
754,554,69,648
759,558,69,646
763,558,69,645
766,567,69,640
766,568,69,639
766,570,69,638
768,570,69,638
766,572,69,636
766,577,69,633
768,577,69,633
770,581,69,631
774,579,69,632
777,581,69,631
779,585,69,629
781,583,69,630
784,585,69,629
788,581,69,631
784,583,69,630
793,585,69,629
799,583,69,630
799,579,69,632
797,579,69,632
799,579,69,632
799,577,69,633
788,574,69,635
788,572,69,636
790,574,69,635
788,572,69,636
765,567,69,640
766,568,69,639
766,572,69,637
766,572,69,636
766,576,69,634
770,579,69,632
775,579,69,632
775,577,69,633
779,581,69,631
775,581,69,631
781,583,69,630
784,585,69,629
788,579,69,632
788,581,69,631
788,583,69,630
784,579,69,632
784,583,69,630
781,577,69,633
781,577,69,633
781,574,69,635
781,572,69,637
786,572,69,636
788,576,69,634
788,579,69,632
790,583,69,630
793,585,69,629
792,586,69,627
793,590,69,625
793,594,69,623
797,595,69,622
799,594,69,623
801,599,69,620
802,599,69,620
802,601,69,618
804,603,69,617
806,603,69,617
806,604,69,616
808,604,69,616
808,601,69,618
808,599,69,619
808,599,69,619
810,599,69,620
806,599,69,620
806,599,69,620
801,597,69,621
797,595,69,622
795,590,69,625
790,586,69,627
784,572,69,637
783,574,69,635
781,576,69,634
781,576,69,634
779,585,69,629
784,585,69,628
788,588,69,626
784,588,69,626
784,588,69,626
786,595,69,622
788,594,69,623
788,597,69,621
786,595,69,622
784,595,69,622
788,595,69,622
786,603,69,617
788,603,69,617
795,603,69,617
797,601,69,618
797,599,69,619
799,601,69,618
797,603,69,617
795,599,69,620
797,599,69,619
799,601,69,618
801,603,69,617
801,601,69,618
797,599,69,620
799,599,69,620
799,599,69,620
797,595,69,622
799,590,69,625
797,590,69,625
797,583,69,630
774,570,69,638
774,574,69,635
779,572,69,636
779,579,69,632
781,579,69,632
781,585,69,629
783,586,69,627
783,586,69,627
781,590,69,625
783,594,69,623
784,590,69,625
795,597,69,621
797,599,69,620
799,599,69,620
799,599,69,620
799,599,69,619
797,599,69,620
801,599,69,620
801,599,69,620
802,599,69,619
802,597,69,621
801,599,69,620
799,599,69,619
797,599,69,620
793,594,69,623
795,588,69,626
795,590,69,625
795,585,69,628
793,585,69,628
770,565,69,641
770,568,69,639
772,572,69,637
770,572,69,637
772,574,69,635
774,577,69,633
779,576,69,634
779,579,69,632
781,581,69,631
783,581,69,631
781,586,69,627
781,586,69,627
781,594,69,623
786,594,69,623
792,595,69,622
793,592,69,624
793,597,69,621
792,594,69,623
792,595,69,622
788,597,69,621
790,592,69,624
792,592,69,624
793,594,69,623
792,594,69,623
790,588,69,626
790,588,69,626
788,585,69,628
788,583,69,630
786,585,69,629
784,579,69,632
768,556,69,647
766,559,69,644
772,565,69,641
775,568,69,639
775,570,69,638
774,572,69,636
774,576,69,634
774,576,69,634
774,581,69,631
774,585,69,629
774,586,69,627
775,588,69,626
781,592,69,624
783,592,69,624
788,590,69,625
786,595,69,622
788,597,69,621
790,595,69,622
797,599,69,620
799,597,69,621
797,599,69,620
799,597,69,621
799,597,69,621
801,599,69,620
797,597,69,621
797,597,69,621
797,597,69,621
799,595,69,622
797,590,69,625
795,588,69,626
793,588,69,626
790,586,69,627
792,585,69,629
793,583,69,630
781,572,69,637
781,574,69,635
781,579,69,632
781,579,69,632
781,579,69,632
784,583,69,630
788,585,69,628
792,585,69,628
792,585,69,628
793,586,69,627
797,585,69,628
799,588,69,626
793,592,69,624
797,590,69,625
795,588,69,626
793,586,69,627
792,586,69,627
790,585,69,628
790,585,69,628
790,585,69,629
788,581,69,631
788,579,69,632
788,577,69,633
766,567,69,640
766,570,69,638
766,572,69,637
766,572,69,637
766,572,69,636
766,579,69,632
768,577,69,633
766,581,69,631
768,579,69,632
772,581,69,631
774,577,69,633
777,577,69,633
777,579,69,632
779,581,69,631
779,581,69,631
779,579,69,632
781,581,69,631
783,577,69,633
784,576,69,634
775,574,69,635
779,577,69,633
779,579,69,632
781,585,69,629
784,585,69,629
786,585,69,628
788,576,69,634
788,585,69,629
790,585,69,628
795,586,69,627
795,588,69,626
793,585,69,628
792,579,69,632
790,585,69,629
790,585,69,628
790,585,69,628
788,585,69,628
790,585,69,629
788,583,69,630
786,583,69,630
788,581,69,631
788,572,69,637
784,574,69,635
783,577,69,633
781,576,69,634
779,581,69,631
781,583,69,630
786,585,69,628
790,588,69,626
788,590,69,625
793,590,69,625
795,592,69,624
795,592,69,624
797,595,69,622
797,594,69,623
797,594,69,623
795,595,69,622
793,595,69,622
793,597,69,621
795,594,69,623
795,594,69,623
799,588,69,626
797,588,69,626
795,585,69,628
793,585,69,629
793,585,69,629
792,583,69,630
779,570,69,638
779,572,69,637
777,572,69,636
779,577,69,633
784,579,69,632
784,585,69,629
788,585,69,628
788,590,69,625
790,592,69,624
793,595,69,622
799,597,69,621
801,594,69,623
802,599,69,619
801,599,69,620
801,599,69,620
801,599,69,619
801,597,69,621
799,599,69,620
799,597,69,621
797,597,69,621
797,595,69,622
797,595,69,622
795,590,69,625
795,590,69,625
793,586,69,627
792,585,69,628
774,559,69,644
774,567,69,640
774,574,69,635
775,583,69,630
777,585,69,628
783,585,69,628
786,590,69,625
788,590,69,625
788,590,69,625
788,597,69,621
786,599,69,620
793,599,69,619
799,601,69,618
797,604,69,616
792,604,69,616
797,608,69,614
797,606,69,615
792,604,69,616
790,603,69,617
792,606,69,615
788,604,69,616
790,603,69,617
790,603,69,617
790,599,69,619
797,604,69,616
797,603,69,617
799,601,69,618
799,599,69,619
797,597,69,621
790,594,69,623
795,588,69,626
779,590,69,625
781,579,69,632
784,585,69,629
784,590,69,625
786,588,69,626
784,592,69,624
790,595,69,622
790,599,69,620
790,599,69,619
790,601,69,618
797,603,69,617
802,606,69,615
808,604,69,616
806,610,69,613
810,612,69,612
811,612,69,612
811,612,69,612
810,612,69,611
811,612,69,612
808,612,69,612
808,608,69,614
806,606,69,615
808,608,69,614
806,606,69,615
811,606,69,615
811,604,69,616
810,603,69,617
810,599,69,619
808,599,69,620
804,597,69,621
804,590,69,625
801,588,69,626
799,583,69,630
799,579,69,632
799,577,69,633
799,570,69,638
790,568,69,639
790,570,69,638
792,574,69,635
788,579,69,632
792,581,69,631
795,585,69,628
797,586,69,627
797,594,69,623
797,595,69,622
799,599,69,620
801,599,69,619
802,601,69,618
801,603,69,617
802,604,69,616
801,604,69,616
802,606,69,615
801,612,69,612
801,610,69,613
799,612,69,612
806,612,69,612
804,612,69,612
808,610,69,613
810,610,69,613
811,608,69,614
811,606,69,615
810,604,69,616
808,603,69,617
806,601,69,618
806,601,69,618
808,599,69,620
808,595,69,622
806,595,69,622
802,592,69,624
795,590,69,625
804,585,69,629
781,568,69,639
781,570,69,638
781,572,69,636
781,576,69,634
781,576,69,634
781,583,69,630
781,581,69,631
784,585,69,629
784,588,69,626
786,588,69,626
795,588,69,626
799,592,69,624
799,594,69,623
799,597,69,621
801,594,69,623
799,594,69,623
797,590,69,625
793,592,69,624
793,592,69,624
793,590,69,625
790,592,69,624
790,588,69,626
790,592,69,624
792,590,69,625
795,588,69,626
795,590,69,625
797,586,69,627
793,586,69,627
795,585,69,629
781,570,69,638
779,572,69,636
779,577,69,633
779,579,69,632
779,579,69,632
779,583,69,630
779,585,69,629
779,586,69,627
783,594,69,623
784,592,69,624
788,595,69,622
793,599,69,620
793,599,69,620
793,597,69,621
790,599,69,620
792,597,69,621
792,597,69,621
792,599,69,620
790,599,69,620
790,595,69,622
788,597,69,621
788,597,69,621
788,594,69,623
786,592,69,624
784,594,69,623
783,592,69,624
783,590,69,625
788,588,69,626
788,585,69,628
775,561,69,643
775,565,69,641
775,568,69,639
775,570,69,638
775,576,69,634
772,579,69,632
774,581,69,631
772,586,69,627
772,586,69,627
786,588,69,626
788,590,69,625
792,592,69,624
797,592,69,624
797,594,69,623
793,597,69,621
799,599,69,620
801,599,69,620
804,595,69,622
802,597,69,621
801,597,69,621
797,597,69,621
797,599,69,620
797,597,69,621
795,594,69,623
795,594,69,623
792,592,69,624
788,592,69,624
790,588,69,626
790,588,69,626
788,585,69,629
790,583,69,630
784,576,69,634
784,579,69,632
784,583,69,630
781,586,69,627
783,585,69,628
790,588,69,626
795,592,69,624
799,585,69,628
802,590,69,625
806,595,69,622
806,599,69,620
804,595,69,622
802,599,69,620
802,599,69,620
799,595,69,622
799,586,69,627
797,592,69,624
797,590,69,625
788,586,69,627
784,586,69,627
784,586,69,627
788,585,69,629
786,585,69,628
781,585,69,628
772,576,69,634
772,577,69,633
775,579,69,632
774,585,69,629
775,586,69,627
775,586,69,627
774,588,69,626
775,592,69,624
779,595,69,622
783,595,69,622
786,595,69,622
788,597,69,621
788,595,69,622
786,594,69,623
788,597,69,621
790,595,69,622
792,597,69,621
786,595,69,622
784,592,69,624
783,592,69,624
783,590,69,625
781,588,69,626
783,585,69,628
781,585,69,628
784,585,69,629
784,583,69,630
781,579,69,632
779,579,69,632
765,565,69,641
765,570,69,638
765,572,69,637
765,576,69,634
766,583,69,630
766,583,69,630
770,585,69,628
770,586,69,627
772,588,69,626
774,594,69,623
775,595,69,622
781,595,69,622
784,601,69,618
788,601,69,618
790,601,69,618
792,599,69,619
795,603,69,617
795,603,69,617
795,603,69,617
795,603,69,617
793,601,69,618
793,601,69,618
793,599,69,619
790,599,69,620
790,599,69,620
792,597,69,621
793,595,69,622
793,595,69,622
790,590,69,625
790,590,69,625
795,586,69,627
797,583,69,630
795,583,69,630
765,561,69,643
765,565,69,641
765,570,69,638
763,572,69,636
763,577,69,633
766,581,69,631
768,585,69,628
770,588,69,626
770,592,69,624
772,594,69,623
772,597,69,621
775,599,69,619
775,601,69,618
781,604,69,616
784,603,69,617
784,606,69,615
784,604,69,616
784,604,69,616
784,604,69,616
790,606,69,615
793,606,69,615
797,606,69,615
797,610,69,613
797,610,69,613
797,608,69,614
799,606,69,615
799,608,69,614
799,603,69,617
801,601,69,618
799,601,69,618
797,599,69,619
797,597,69,621
793,595,69,622
792,592,69,624
795,588,69,626
793,585,69,629
784,559,69,644
783,563,69,642
779,568,69,639
781,572,69,636
783,579,69,632
784,583,69,630
784,586,69,627
784,592,69,624
784,595,69,622
786,599,69,619
786,601,69,618
786,604,69,616
788,606,69,615
786,612,69,612
790,615,69,609
788,621,69,606
793,621,69,606
802,624,69,603
810,628,69,601
811,626,69,602
811,626,69,602
811,624,69,603
811,626,69,602
811,626,69,602
811,630,69,600
813,628,69,601
811,628,69,601
811,626,69,602
811,624,69,604
815,622,69,605
813,619,69,607
811,619,69,607
811,615,69,609
811,612,69,612
811,610,69,613
811,610,69,613
810,604,69,616
811,601,69,618
808,597,69,621
806,594,69,623
806,586,69,627
802,583,69,630
799,581,69,631
799,572,69,636
797,568,69,639
775,559,69,644
775,563,69,642
775,568,69,639
777,572,69,636
779,579,69,632
779,585,69,629
781,586,69,627
781,585,69,628
784,595,69,622
788,599,69,619
793,604,69,616
793,610,69,613
793,610,69,613
797,613,69,610
797,619,69,607
799,621,69,606
801,624,69,604
802,626,69,602
808,628,69,601
811,630,69,600
815,635,69,597
817,633,69,598
817,633,69,598
820,635,69,597
819,635,69,597
817,631,69,599
817,633,69,598
817,633,69,598
819,633,69,598
820,633,69,598
820,633,69,598
820,633,69,598
822,628,69,601
822,628,69,601
817,622,69,605
817,624,69,604
824,617,69,608
824,615,69,609
822,612,69,612
819,608,69,614
820,603,69,617
811,595,69,622
808,590,69,625
802,586,69,627
799,585,69,629
797,572,69,637
788,583,69,630
786,585,69,629
788,585,69,628
788,585,69,629
790,586,69,627
790,588,69,626
790,594,69,623
790,595,69,622
790,599,69,620
790,603,69,617
792,604,69,616
799,604,69,616
799,610,69,613
801,612,69,612
801,613,69,610
802,613,69,610
808,615,69,609
811,617,69,608
811,621,69,606
808,619,69,607
813,619,69,607
815,624,69,604
815,619,69,607
822,615,69,609
822,613,69,610
820,615,69,609
819,612,69,612
815,612,69,612
815,610,69,613
811,606,69,615
808,604,69,616
808,608,69,614
808,601,69,618
804,595,69,622
806,595,69,622
806,590,69,625
806,586,69,627
811,583,69,630
810,579,69,632
784,570,69,638
788,574,69,635
775,583,69,630
775,585,69,629
770,583,69,630
770,585,69,629
775,585,69,628
779,588,69,626
772,586,69,627
772,586,69,627
770,585,69,628
772,588,69,626
770,586,69,627
770,585,69,628
770,585,69,628
766,585,69,628
783,583,69,630
783,583,69,630
777,583,69,630
774,585,69,629
774,585,69,629
774,586,69,627
772,586,69,627
774,588,69,626
781,590,69,625
784,588,69,626
784,590,69,625
784,590,69,625
786,592,69,624
783,594,69,623
784,594,69,623
786,592,69,624
786,590,69,625
784,588,69,626
784,588,69,626
777,570,69,638
777,574,69,635
775,576,69,634
775,574,69,635
775,579,69,632
777,581,69,631
784,581,69,631
788,581,69,631
788,581,69,631
788,581,69,631
788,583,69,630
786,579,69,632
790,581,69,631
757,563,69,642
761,567,69,640
761,570,69,638
763,574,69,635
763,568,69,639
763,563,69,642
765,576,69,634
765,579,69,632
765,579,69,632
766,583,69,630
768,588,69,626
772,585,69,628
779,577,69,633
781,579,69,632
786,585,69,628
790,594,69,623
792,594,69,623
792,586,69,627
790,585,69,628
792,583,69,630
790,583,69,630
790,585,69,628
790,585,69,628
788,585,69,628
781,574,69,635
781,581,69,631
783,585,69,629
783,586,69,627
784,590,69,625
784,595,69,622
788,597,69,621
788,599,69,620
786,601,69,618
786,603,69,617
788,604,69,616
788,610,69,613
790,610,69,613
795,610,69,613
797,612,69,612
797,612,69,612
797,612,69,612
797,610,69,613
797,612,69,611
797,613,69,610
799,613,69,610
801,612,69,612
801,613,69,610
802,612,69,611
802,613,69,610
802,613,69,610
802,612,69,612
802,608,69,614
799,610,69,613
797,608,69,614
797,606,69,615
799,601,69,618
799,599,69,620
799,597,69,621
799,595,69,622
801,592,69,624
802,588,69,626
799,583,69,630
790,576,69,634
788,576,69,634
788,579,69,632
788,581,69,631
786,585,69,629
783,588,69,626
783,592,69,624
784,590,69,625
786,595,69,622
788,599,69,620
790,599,69,620
790,599,69,619
788,603,69,617
788,604,69,616
792,610,69,613
799,610,69,613
799,610,69,613
799,610,69,613
797,612,69,612
802,612,69,612
799,612,69,612
799,612,69,611
799,613,69,610
802,612,69,611
802,612,69,612
799,612,69,612
802,610,69,613
799,610,69,613
799,610,69,613
799,608,69,614
799,606,69,615
797,603,69,617
797,599,69,619
793,599,69,619
795,597,69,621
792,592,69,624
790,597,69,621
795,588,69,626
775,572,69,636
777,576,69,634
779,581,69,631
779,577,69,633
783,583,69,630
781,585,69,628
788,585,69,628
784,585,69,628
784,588,69,626
784,590,69,625
784,594,69,623
783,597,69,621
783,594,69,623
786,601,69,618
790,601,69,618
793,603,69,617
797,603,69,617
799,601,69,618
801,601,69,618
799,604,69,616
801,604,69,616
801,604,69,616
802,606,69,615
802,604,69,616
801,604,69,616
802,601,69,618
802,601,69,618
802,601,69,618
799,599,69,620
797,597,69,621
799,595,69,622
797,595,69,622
797,594,69,623
793,588,69,626
793,586,69,627
795,583,69,630
784,581,69,631
781,583,69,630
783,586,69,627
784,588,69,626
788,592,69,624
788,590,69,625
788,592,69,624
788,595,69,622
786,597,69,621
786,597,69,621
788,601,69,618
790,604,69,616
792,603,69,617
795,603,69,617
795,606,69,615
793,610,69,613
797,608,69,614
799,610,69,613
801,610,69,613
801,608,69,614
802,608,69,614
802,608,69,614
802,608,69,614
802,608,69,614
802,606,69,615
802,604,69,616
801,603,69,617
801,604,69,616
799,603,69,617
799,599,69,620
797,599,69,620
797,599,69,620
797,597,69,621
799,597,69,621
799,595,69,622
799,592,69,624
795,588,69,626
797,585,69,628
793,581,69,631
793,576,69,634
793,574,69,635
790,574,69,635
788,572,69,636
777,577,69,633
777,577,69,633
777,583,69,630
779,583,69,630
779,585,69,628
781,588,69,626
788,592,69,624
786,594,69,623
784,595,69,622
784,592,69,624
784,597,69,621
786,603,69,617
786,603,69,617
788,604,69,616
790,610,69,613
793,612,69,612
797,612,69,612
799,612,69,612
801,612,69,611
802,612,69,612
802,612,69,612
801,608,69,614
801,610,69,613
799,610,69,613
799,608,69,614
802,612,69,612
801,608,69,614
802,608,69,614
804,608,69,614
801,601,69,618
797,595,69,622
797,599,69,620
795,599,69,620
795,594,69,623
793,590,69,625
799,590,69,625
799,588,69,626
797,585,69,628
797,583,69,630
793,577,69,633
774,567,69,640
775,576,69,634
779,581,69,631
779,583,69,630
781,585,69,628
783,586,69,627
784,594,69,623
786,594,69,623
788,597,69,621
788,601,69,618
790,599,69,619
790,603,69,617
790,606,69,615
792,604,69,616
793,610,69,613
795,599,69,620
795,603,69,617
799,608,69,614
799,608,69,614
799,610,69,613
799,601,69,618
799,604,69,616
799,604,69,616
797,604,69,616
799,603,69,617
797,601,69,618
797,595,69,622
797,597,69,621
797,594,69,623
793,590,69,625
790,590,69,625
793,585,69,629
774,574,69,635
774,577,69,633
775,579,69,632
772,581,69,631
772,585,69,629
775,585,69,629
775,585,69,628
775,588,69,626
777,590,69,625
777,590,69,625
777,592,69,624
775,595,69,622
777,599,69,620
779,599,69,620
781,599,69,620
783,601,69,618
784,601,69,618
784,599,69,619
786,599,69,619
788,601,69,618
786,599,69,620
790,599,69,620
790,597,69,621
792,599,69,620
792,595,69,622
792,595,69,622
790,590,69,625
790,590,69,625
790,592,69,624
790,590,69,625
788,586,69,627
792,586,69,627
793,583,69,630
777,572,69,636
777,577,69,633
777,583,69,630
777,585,69,629
779,585,69,629
779,588,69,626
781,595,69,622
784,595,69,622
788,595,69,622
788,601,69,618
792,601,69,618
790,604,69,616
790,604,69,616
792,603,69,617
792,604,69,616
793,604,69,616
795,610,69,613
797,604,69,616
797,604,69,616
793,603,69,617
792,601,69,618
790,601,69,618
790,599,69,620
790,597,69,621
784,595,69,622
784,594,69,623
786,590,69,625
784,588,69,626
784,585,69,628
775,565,69,641
775,568,69,639
775,572,69,636
775,574,69,635
775,579,69,632
774,574,69,635
775,581,69,631
775,583,69,630
777,585,69,628
777,588,69,626
777,585,69,628
777,585,69,629
781,588,69,626
781,585,69,628
781,586,69,627
783,586,69,627
783,588,69,626
781,585,69,628
783,583,69,630
784,583,69,630
784,585,69,628
784,588,69,626
783,592,69,624
783,585,69,628
783,579,69,632
781,577,69,633
781,576,69,634
783,579,69,632
783,574,69,635
775,581,69,631
777,583,69,630
779,585,69,628
779,586,69,627
779,588,69,626
779,592,69,624
779,594,69,623
777,595,69,622
775,595,69,622
774,599,69,620
781,599,69,619
788,601,69,618
790,603,69,617
792,601,69,618
790,604,69,616
799,601,69,618
804,601,69,618
806,595,69,622
804,599,69,620
806,597,69,621
806,595,69,622
806,594,69,623
802,597,69,621
806,597,69,621
799,599,69,620
797,595,69,622
793,592,69,624
790,588,69,626
784,585,69,629
788,579,69,632
781,574,69,635
783,576,69,634
784,579,69,632
786,583,69,630
784,585,69,628
786,588,69,626
786,588,69,626
788,590,69,625
788,594,69,623
788,595,69,622
788,599,69,620
788,599,69,619
790,599,69,619
797,601,69,618
797,599,69,619
795,599,69,620
795,599,69,620
795,599,69,619
792,599,69,619
793,599,69,619
793,599,69,620
793,597,69,621
788,597,69,621
790,595,69,622
788,590,69,625
786,588,69,626
790,588,69,626
790,588,69,626
788,585,69,629
790,579,69,632
790,581,69,631
788,577,69,633
793,565,69,641
790,568,69,639
788,572,69,636
788,576,69,634
790,574,69,635
790,576,69,634
790,577,69,633
790,583,69,630
788,585,69,628
788,588,69,626
790,588,69,626
793,588,69,626
793,592,69,624
793,594,69,623
793,597,69,621
790,599,69,620
792,599,69,619
795,599,69,619
797,603,69,617
799,597,69,621
801,595,69,622
802,601,69,618
802,599,69,619
801,601,69,618
799,599,69,619
799,597,69,621
797,597,69,621
797,599,69,620
797,597,69,621
792,595,69,622
793,590,69,625
795,590,69,625
793,585,69,628
793,583,69,630
792,581,69,631
790,579,69,632
790,574,69,635
781,572,69,637
781,574,69,635
781,581,69,631
779,585,69,629
781,585,69,628
788,585,69,628
793,590,69,625
797,590,69,625
797,594,69,623
797,595,69,622
797,592,69,624
797,595,69,622
797,594,69,623
795,599,69,619
793,599,69,620
795,599,69,619
799,597,69,621
799,597,69,621
799,599,69,619
799,601,69,618
799,597,69,621
797,597,69,621
797,592,69,624
795,594,69,623
793,588,69,626
793,588,69,626
793,588,69,626
795,588,69,626
793,585,69,628
793,585,69,629
790,583,69,630
786,579,69,632
784,577,69,633
792,576,69,634
792,572,69,637
790,558,69,645
793,558,69,645
793,563,69,642
793,576,69,634
795,577,69,633
797,583,69,630
797,585,69,628
797,586,69,627
797,590,69,625
797,590,69,625
797,594,69,623
797,592,69,624
799,592,69,624
804,594,69,623
806,594,69,623
801,595,69,622
799,594,69,623
799,595,69,622
804,592,69,624
806,592,69,624
806,595,69,622
806,595,69,622
808,595,69,622
810,594,69,623
811,594,69,623
811,594,69,623
808,590,69,625
806,588,69,626
802,585,69,629
802,583,69,630
792,579,69,632
793,581,69,631
793,581,69,631
797,576,69,634
802,572,69,637
802,567,69,640
793,572,69,636
793,576,69,634
790,581,69,631
793,585,69,629
795,585,69,628
797,588,69,626
799,592,69,624
801,592,69,624
802,595,69,622
802,597,69,621
804,599,69,619
804,601,69,618
806,604,69,616
808,603,69,617
806,608,69,614
802,610,69,613
802,612,69,612
802,613,69,610
802,612,69,611
802,612,69,611
806,613,69,610
806,615,69,609
808,613,69,610
811,613,69,610
808,613,69,610
808,613,69,610
806,612,69,611
806,612,69,611
806,610,69,613
810,608,69,614
810,608,69,614
811,608,69,614
811,603,69,617
808,599,69,619
804,599,69,620
804,592,69,624
801,590,69,625
790,586,69,627
788,577,69,633
784,577,69,633
779,572,69,636
775,570,69,638
779,570,69,638
779,565,69,641
792,568,69,639
793,572,69,637
792,576,69,634
790,579,69,632
790,579,69,632
790,585,69,628
790,586,69,627
790,588,69,626
790,590,69,625
788,595,69,622
788,597,69,621
792,599,69,620
797,599,69,619
799,601,69,618
799,610,69,613
801,606,69,615
801,612,69,612
797,615,69,609
797,612,69,612
799,613,69,610
802,612,69,611
802,612,69,611
804,612,69,611
804,615,69,609
806,612,69,612
808,613,69,610
808,612,69,611
808,612,69,612
808,612,69,612
806,610,69,613
806,608,69,614
808,603,69,617
806,601,69,618
806,601,69,618
799,599,69,620
806,599,69,619
801,597,69,621
802,595,69,622
811,590,69,625
815,585,69,628
811,579,69,632
806,572,69,636
806,570,69,638
804,567,69,640
802,567,69,640
799,567,69,640
795,559,69,644
792,559,69,644
790,558,69,645
784,561,69,643
784,561,69,643
799,568,69,639
797,577,69,633
793,579,69,632
793,579,69,632
797,585,69,629
797,588,69,626
797,594,69,623
797,595,69,622
797,599,69,620
797,599,69,619
799,601,69,618
797,604,69,616
797,606,69,615
797,608,69,614
801,608,69,614
804,610,69,613
808,610,69,613
804,615,69,609
810,615,69,609
811,615,69,609
815,615,69,609
817,619,69,607
815,617,69,608
813,619,69,607
813,619,69,607
813,619,69,607
811,621,69,606
813,619,69,607
811,617,69,608
810,617,69,608
811,615,69,609
811,613,69,610
808,612,69,611
808,610,69,613
808,608,69,614
806,604,69,616
802,601,69,618
808,597,69,621
799,581,69,631
797,576,69,634
797,577,69,633
797,579,69,632
797,579,69,632
793,574,69,635
795,579,69,632
797,583,69,630
799,585,69,628
799,588,69,626
799,590,69,625
799,599,69,619
799,599,69,619
799,601,69,618
799,603,69,617
799,603,69,617
799,606,69,615
797,610,69,613
793,612,69,611
797,615,69,609
802,615,69,609
808,622,69,605
810,624,69,604
808,622,69,605
808,624,69,604
810,624,69,604
813,624,69,604
811,622,69,605
811,622,69,605
817,624,69,604
810,621,69,606
813,619,69,607
817,617,69,608
815,617,69,608
815,613,69,610
815,613,69,610
815,606,69,615
815,601,69,618
810,601,69,618
811,601,69,618
808,599,69,620
811,597,69,621
815,592,69,624
808,588,69,626
808,588,69,626
802,585,69,629
788,570,69,638
788,572,69,637
786,572,69,637
784,576,69,634
784,577,69,633
784,581,69,631
784,585,69,629
784,585,69,629
784,586,69,627
784,590,69,625
790,599,69,619
797,595,69,622
799,595,69,622
799,588,69,626
797,585,69,628
793,594,69,623
795,603,69,617
801,601,69,618
806,603,69,617
806,603,69,617
808,606,69,615
808,610,69,613
806,610,69,613
806,612,69,612
806,608,69,614
808,608,69,614
806,610,69,613
808,608,69,614
806,606,69,615
806,601,69,618
804,601,69,618
802,599,69,619
801,599,69,619
799,599,69,620
797,597,69,621
801,594,69,623
802,588,69,626
797,588,69,626
801,583,69,630
801,579,69,632
802,572,69,636
799,576,69,634
797,572,69,637
793,572,69,636
790,572,69,636
790,572,69,637
790,568,69,639
790,561,69,643
793,567,69,640
795,570,69,638
793,572,69,637
792,576,69,634
790,579,69,632
790,579,69,632
792,583,69,630
793,586,69,627
797,588,69,626
797,588,69,626
795,588,69,626
795,588,69,626
793,592,69,624
793,597,69,621
793,599,69,620
790,599,69,620
797,601,69,618
802,604,69,616
799,612,69,611
801,612,69,612
802,612,69,611
802,613,69,610
802,612,69,612
801,612,69,611
806,613,69,610
808,613,69,610
808,612,69,611
802,612,69,612
802,612,69,612
802,610,69,613
802,608,69,614
804,608,69,614
804,604,69,616
804,601,69,618
802,594,69,623
799,590,69,625
797,590,69,625
797,588,69,626
797,583,69,630
797,579,69,632
799,577,69,633
799,572,69,636
797,572,69,637
790,563,69,642
786,559,69,644
784,559,69,644
783,554,69,648
779,559,69,644
777,558,69,645
779,567,69,640
799,567,69,640
799,572,69,637
802,574,69,635
799,572,69,636
802,576,69,634
802,581,69,631
799,581,69,631
793,583,69,630
793,583,69,630
790,585,69,629
790,590,69,625
793,595,69,622
793,595,69,622
799,599,69,620
802,601,69,618
804,601,69,618
801,604,69,616
804,608,69,614
802,610,69,613
801,608,69,614
806,606,69,615
810,612,69,612
811,610,69,613
815,612,69,612
815,613,69,610
815,612,69,612
811,613,69,610
813,612,69,611
815,613,69,610
811,613,69,610
817,610,69,613
817,608,69,614
817,603,69,617
811,599,69,620
811,599,69,619
811,601,69,618
811,599,69,620
810,599,69,620
801,594,69,623
799,588,69,626
802,583,69,630
802,576,69,634
799,572,69,636
801,572,69,636
799,572,69,637
797,572,69,637
795,567,69,640
793,568,69,639
790,563,69,642
788,558,69,645
786,558,69,645
784,556,69,647
795,574,69,635
793,574,69,635
795,576,69,634
795,579,69,632
793,581,69,631
793,585,69,629
795,583,69,630
795,588,69,626
797,594,69,623
799,595,69,622
802,597,69,621
804,599,69,619
801,599,69,619
802,601,69,618
804,604,69,616
808,610,69,613
806,610,69,613
808,612,69,612
808,612,69,611
806,613,69,610
808,613,69,610
806,615,69,609
804,617,69,608
806,615,69,609
808,619,69,607
808,615,69,609
806,613,69,610
808,613,69,610
806,613,69,610
808,610,69,613
808,606,69,615
806,599,69,620
801,595,69,622
799,597,69,621
799,592,69,624
799,590,69,625
797,588,69,626
795,585,69,629
790,581,69,631
788,574,69,635
790,568,69,639
788,567,69,640
790,565,69,641
777,572,69,637
783,572,69,636
784,577,69,633
790,577,69,633
788,585,69,629
790,583,69,630
788,583,69,630
786,585,69,629
784,586,69,627
784,586,69,627
781,583,69,630
781,590,69,625
788,594,69,623
792,595,69,622
797,599,69,620
801,599,69,620
799,599,69,620
806,599,69,619
811,599,69,619
811,599,69,619
808,601,69,618
802,601,69,618
806,601,69,618
801,599,69,619
797,599,69,620
799,597,69,621
801,597,69,621
802,595,69,622
802,595,69,622
799,588,69,626
799,585,69,628
799,585,69,628
797,585,69,629
793,583,69,630
792,579,69,632
792,576,69,634
793,572,69,636
797,572,69,637
797,576,69,634
797,572,69,636
795,572,69,637
779,559,69,644
779,563,69,642
781,574,69,635
781,572,69,636
781,570,69,638
781,572,69,637
781,574,69,635
779,581,69,631
781,583,69,630
784,586,69,627
783,585,69,628
788,585,69,628
792,586,69,627
792,585,69,629
790,588,69,626
792,588,69,626
792,590,69,625
790,588,69,626
793,588,69,626
797,586,69,627
795,586,69,627
797,585,69,628
797,585,69,629
797,585,69,628
775,568,69,639
772,577,69,633
777,583,69,630
781,583,69,630
783,585,69,629
784,586,69,627
786,588,69,626
790,588,69,626
790,590,69,625
792,588,69,626
795,588,69,626
792,588,69,626
793,588,69,626
793,585,69,628
795,585,69,628
793,585,69,629
795,583,69,630
793,581,69,631
786,577,69,633
786,577,69,633
786,579,69,632
784,581,69,631
784,583,69,630
788,585,69,629
788,585,69,628
788,586,69,627
790,588,69,626
792,592,69,624
792,595,69,622
790,595,69,622
788,597,69,621
790,595,69,622
790,595,69,622
797,597,69,621
793,597,69,621
799,595,69,622
801,597,69,621
799,595,69,622
802,595,69,622
802,594,69,623
802,594,69,623
801,597,69,621
801,595,69,622
799,594,69,623
795,592,69,624
795,588,69,626
793,588,69,626
797,585,69,628
795,583,69,630
793,583,69,630
792,583,69,630
790,581,69,631
784,568,69,639
788,576,69,634
788,579,69,632
784,577,69,633
786,579,69,632
786,579,69,632
784,585,69,629
790,585,69,629
790,583,69,630
790,585,69,629
788,585,69,628
788,590,69,625
788,592,69,624
788,594,69,623
788,595,69,622
786,599,69,620
788,597,69,621
790,597,69,621
793,599,69,620
792,599,69,620
795,597,69,621
797,597,69,621
799,597,69,621
797,599,69,620
797,595,69,622
795,597,69,621
793,597,69,621
793,594,69,623
792,594,69,623
790,592,69,624
790,594,69,623
788,592,69,624
788,586,69,627
788,585,69,628
786,583,69,630
783,585,69,629
783,583,69,630
783,577,69,633
790,572,69,636
793,576,69,634
795,572,69,637
795,570,69,638
793,568,69,639
790,572,69,637
786,568,69,639
788,567,69,640
788,579,69,632
784,583,69,630
790,581,69,631
788,583,69,630
788,586,69,627
788,592,69,624
788,590,69,625
786,590,69,625
792,595,69,622
793,597,69,621
790,599,69,619
792,601,69,618
793,599,69,619
792,601,69,618
793,603,69,617
797,603,69,617
797,604,69,616
799,604,69,616
806,606,69,615
806,606,69,615
806,606,69,615
808,608,69,614
806,606,69,615
806,608,69,614
806,606,69,615
806,603,69,617
808,603,69,617
808,601,69,618
808,599,69,619
808,599,69,620
806,597,69,621
804,590,69,625
806,588,69,626
797,585,69,628
799,583,69,630
802,579,69,632
802,576,69,634
801,577,69,633
799,576,69,634
799,579,69,632
793,570,69,638
792,568,69,639
788,572,69,637
788,570,69,638
788,570,69,638
788,570,69,638
795,577,69,633
795,581,69,631
793,583,69,630
793,585,69,628
792,586,69,627
793,586,69,627
792,590,69,625
790,594,69,623
792,597,69,621
790,599,69,620
793,599,69,619
790,601,69,618
788,599,69,619
790,601,69,618
792,603,69,617
793,604,69,616
797,606,69,615
797,606,69,615
806,606,69,615
808,608,69,614
808,606,69,615
808,608,69,614
808,606,69,615
808,606,69,615
806,599,69,619
806,601,69,618
806,604,69,616
804,601,69,618
802,599,69,620
804,599,69,620
806,592,69,624
804,592,69,624
804,585,69,628
766,568,69,639
768,572,69,637
766,572,69,637
766,572,69,636
770,576,69,634
774,576,69,634
781,576,69,634
781,572,69,637
783,574,69,635
783,576,69,634
784,576,69,634
781,574,69,635
781,572,69,637
774,577,69,633
774,577,69,633
772,579,69,632
774,581,69,631
775,581,69,631
777,581,69,631
777,585,69,629
777,585,69,629
779,585,69,628
779,585,69,628
779,585,69,628
781,585,69,628
786,586,69,627
788,586,69,627
788,588,69,626
788,581,69,631
788,586,69,627
790,586,69,627
792,588,69,626
793,585,69,628
792,588,69,626
792,586,69,627
792,585,69,629
790,583,69,630
788,581,69,631
788,579,69,632
786,576,69,634
779,574,69,635
779,576,69,634
777,579,69,632
775,583,69,630
777,583,69,630
779,583,69,630
779,585,69,629
779,585,69,628
779,586,69,627
779,588,69,626
779,588,69,626
779,592,69,624
779,594,69,623
781,597,69,621
784,595,69,622
788,597,69,621
790,599,69,619
792,601,69,618
797,599,69,619
797,597,69,621
797,595,69,622
797,599,69,620
797,597,69,621
797,595,69,622
797,594,69,623
797,594,69,623
799,590,69,625
799,590,69,625
799,588,69,626
797,585,69,628
793,583,69,630
777,579,69,632
779,579,69,632
781,581,69,631
781,583,69,630
781,585,69,629
781,585,69,628
781,586,69,627
779,588,69,626
781,588,69,626
781,590,69,625
781,594,69,623
786,595,69,622
792,595,69,622
793,597,69,621
793,597,69,621
793,595,69,622
793,595,69,622
793,595,69,622
792,590,69,625
790,590,69,625
793,595,69,622
797,592,69,624
797,590,69,625
797,585,69,628
795,585,69,629
793,585,69,629
783,565,69,641
784,568,69,639
784,570,69,638
786,572,69,636
784,577,69,633
786,577,69,633
788,581,69,631
790,581,69,631
788,583,69,630
788,585,69,628
790,585,69,629
792,583,69,630
793,583,69,630
792,583,69,630
790,581,69,631
790,583,69,630
792,581,69,631
790,583,69,630
793,581,69,631
793,581,69,631
792,579,69,632
790,579,69,632
788,576,69,634
788,574,69,635
784,572,69,636
784,572,69,636
783,572,69,637
784,572,69,637
768,561,69,643
770,567,69,640
770,568,69,639
770,572,69,637
772,574,69,635
774,574,69,635
774,576,69,634
775,581,69,631
775,588,69,626
779,590,69,625
784,594,69,623
788,599,69,620
790,599,69,619
790,601,69,618
797,599,69,619
799,601,69,618
801,601,69,618
799,601,69,618
799,601,69,618
799,601,69,618
799,601,69,618
799,601,69,618
799,601,69,618
799,597,69,621
797,595,69,622
797,594,69,623
793,592,69,624
793,592,69,624
793,588,69,626
793,586,69,627
790,586,69,627
788,585,69,629
788,583,69,630
786,577,69,633
792,572,69,636
792,572,69,636
775,565,69,641
774,568,69,639
772,570,69,638
775,570,69,638
775,572,69,636
779,576,69,634
779,576,69,634
779,577,69,633
779,581,69,631
779,585,69,629
781,585,69,628
784,586,69,627
786,590,69,625
784,594,69,623
784,597,69,621
790,599,69,620
793,601,69,618
792,599,69,619
797,594,69,623
799,597,69,621
802,595,69,622
802,595,69,622
802,595,69,622
802,595,69,622
804,594,69,623
802,590,69,625
801,586,69,627
799,585,69,628
799,583,69,630
799,577,69,633
797,577,69,633
793,576,69,634
779,567,69,640
779,563,69,642
777,572,69,636
779,577,69,633
781,577,69,633
783,581,69,631
784,579,69,632
784,585,69,629
786,585,69,628
786,586,69,627
783,588,69,626
784,590,69,625
788,590,69,625
784,592,69,624
792,594,69,623
795,592,69,624
797,590,69,625
795,590,69,625
793,588,69,626
793,590,69,625
793,590,69,625
795,588,69,626
793,585,69,629
792,585,69,629
790,581,69,631
790,574,69,635
784,574,69,635
784,576,69,634
784,577,69,633
784,579,69,632
784,583,69,630
779,585,69,629
784,585,69,629
784,586,69,627
784,585,69,628
781,588,69,626
781,588,69,626
788,588,69,626
790,585,69,628
792,590,69,625
790,590,69,625
792,590,69,625
792,588,69,626
793,588,69,626
797,585,69,628
797,586,69,627
779,576,69,634
779,576,69,634
779,576,69,634
779,579,69,632
779,583,69,630
779,583,69,630
779,583,69,630
779,585,69,628
784,586,69,627
788,588,69,626
792,586,69,627
792,588,69,626
788,590,69,625
788,592,69,624
788,588,69,626
793,588,69,626
793,588,69,626
793,585,69,628
793,581,69,631
792,579,69,632
790,577,69,633
788,576,69,634
788,572,69,636
786,570,69,638
786,568,69,639
768,568,69,639
770,568,69,639
768,572,69,637
770,574,69,635
772,572,69,636
772,577,69,633
774,579,69,632
775,577,69,633
779,572,69,636
779,567,69,640
779,565,69,641
779,563,69,642
775,565,69,641
775,563,69,642
774,567,69,640
774,572,69,636
775,572,69,636
775,572,69,637
774,568,69,639
779,565,69,641
779,572,69,637
781,572,69,637
781,572,69,636
781,576,69,634
781,581,69,631
781,583,69,630
784,585,69,629
784,585,69,629
784,590,69,625
784,590,69,625
788,588,69,626
790,588,69,626
790,588,69,626
792,592,69,624
793,590,69,625
795,588,69,626
795,590,69,625
793,590,69,625
793,588,69,626
793,586,69,627
793,586,69,627
792,588,69,626
793,585,69,628
793,585,69,629
797,583,69,630
795,581,69,631
793,579,69,632
783,576,69,634
781,576,69,634
783,577,69,633
786,581,69,631
790,583,69,630
790,583,69,630
790,585,69,628
790,585,69,628
790,586,69,627
790,588,69,626
790,590,69,625
788,592,69,624
784,594,69,623
792,595,69,622
797,597,69,621
799,597,69,621
801,597,69,621
799,597,69,621
799,592,69,624
799,585,69,629
797,583,69,630
795,588,69,626
793,588,69,626
777,577,69,633
777,577,69,633
777,577,69,633
775,579,69,632
777,576,69,634
781,586,69,627
783,585,69,628
784,585,69,629
784,590,69,625
792,594,69,623
793,594,69,623
793,594,69,623
795,594,69,623
799,595,69,622
799,595,69,622
799,595,69,622
797,595,69,622
797,595,69,622
795,595,69,622
795,594,69,623
793,585,69,629
793,577,69,633
777,572,69,637
779,572,69,636
779,574,69,635
779,574,69,635
779,574,69,635
781,576,69,634
781,579,69,632
781,583,69,630
781,585,69,629
779,586,69,627
781,586,69,627
788,586,69,627
788,586,69,627
790,588,69,626
790,588,69,626
792,590,69,625
795,588,69,626
795,586,69,627
795,585,69,628
793,585,69,628
793,583,69,630
792,583,69,630
792,579,69,632
788,577,69,633
792,576,69,634
793,572,69,637
779,567,69,640
779,567,69,640
779,568,69,639
777,572,69,636
777,576,69,634
779,577,69,633
777,577,69,633
779,579,69,632
779,583,69,630
779,583,69,630
777,583,69,630
781,585,69,628
784,586,69,627
788,585,69,628
790,585,69,628
788,585,69,628
792,588,69,626
792,588,69,626
790,590,69,625
790,590,69,625
793,590,69,625
793,588,69,626
793,585,69,628
793,585,69,628
792,585,69,628
790,586,69,627
790,585,69,629
779,572,69,636
779,572,69,636
777,577,69,633
777,579,69,632
777,581,69,631
777,581,69,631
779,585,69,629
779,585,69,628
779,583,69,630
775,590,69,625
777,581,69,631
779,585,69,629
783,585,69,629
784,583,69,630
784,586,69,627
786,588,69,626
786,588,69,626
784,588,69,626
786,590,69,625
788,590,69,625
788,588,69,626
788,585,69,629
788,581,69,631
784,581,69,631
786,577,69,633
784,576,69,634
784,579,69,632
784,574,69,635
774,568,69,639
774,568,69,639
774,570,69,638
772,572,69,637
772,572,69,637
772,572,69,636
772,574,69,635
772,576,69,634
775,579,69,632
777,577,69,633
779,581,69,631
781,583,69,630
783,586,69,627
786,585,69,629
784,585,69,629
784,585,69,629
784,583,69,630
784,583,69,630
786,583,69,630
786,581,69,631
784,576,69,634
783,576,69,634
783,576,69,634
781,572,69,636
781,572,69,636
781,568,69,639
781,572,69,636
781,572,69,636
783,572,69,636
781,574,69,635
781,579,69,632
781,579,69,632
781,583,69,630
781,577,69,633
781,579,69,632
781,576,69,634
781,577,69,633
781,581,69,631
781,576,69,634
781,572,69,636
779,572,69,636
765,559,69,644
766,558,69,645
765,561,69,643
766,559,69,644
770,563,69,642
772,565,69,641
775,565,69,641
775,565,69,641
774,565,69,641
774,565,69,641
772,561,69,643
772,563,69,642
772,559,69,644
770,558,69,646
759,558,69,645
765,559,69,644
768,559,69,644
770,559,69,644
770,561,69,643
750,550,69,650
752,556,69,647
756,563,69,642
761,565,69,641
763,570,69,638
766,570,69,638
766,572,69,637
770,572,69,637
774,572,69,637
763,572,69,637
765,572,69,637
763,568,69,639
763,570,69,638
761,568,69,639
763,567,69,640
761,565,69,641
754,563,69,642
761,568,69,639
763,572,69,637
766,574,69,635
763,568,69,639
766,572,69,636
766,572,69,636
768,574,69,635
770,574,69,635
770,574,69,635
772,574,69,635
770,568,69,639
766,572,69,636
750,541,69,655
756,547,69,652
757,547,69,652
761,547,69,652
757,547,69,652
763,547,69,652
763,547,69,652
743,541,69,656
747,541,69,655
752,545,69,653
754,543,69,654
754,549,69,651
757,550,69,650
761,549,69,651
759,550,69,650
761,554,69,648
763,550,69,650
761,549,69,651
757,543,69,654
761,543,69,654
747,545,69,653
747,547,69,652
748,552,69,649
748,554,69,648
748,558,69,645
748,558,69,645
754,559,69,644
754,559,69,644
756,563,69,642
750,563,69,642
756,565,69,641
763,561,69,643
763,559,69,644
765,558,69,645
765,559,69,644
763,556,69,647
752,540,69,657
747,541,69,655
748,545,69,653
748,549,69,651
745,549,69,651
756,554,69,648
763,554,69,648
765,554,69,648
766,556,69,647
763,558,69,645
765,556,69,647
761,558,69,645
765,558,69,645
766,556,69,647
772,558,69,645
770,558,69,646
772,556,69,647
770,554,69,648
743,545,69,653
748,547,69,652
748,552,69,649
750,550,69,650
754,556,69,647
752,554,69,648
752,556,69,647
748,558,69,645
757,552,69,649
759,554,69,648
761,554,69,648
757,552,69,649
761,552,69,649
759,552,69,649
743,541,69,656
743,545,69,653
743,552,69,649
743,550,69,650
745,556,69,647
748,558,69,646
752,558,69,646
757,558,69,645
757,558,69,645
759,558,69,646
761,558,69,645
761,554,69,648
761,558,69,646
757,554,69,648
759,550,69,650
