720,588,5,626
727,675,5,571
720,588,5,626
727,675,5,571
730,455,69,708
779,462,69,704
777,464,69,703
777,464,69,703
775,464,69,703
781,451,69,710
779,453,69,709
779,453,69,709
718,426,69,725
716,669,5,575
727,736,5,533
736,446,69,713
721,424,69,726
716,565,5,641
727,682,5,567
734,437,69,719
716,500,5,681
727,633,5,598
734,439,69,718
730,430,69,723
734,428,69,724
734,424,69,726
734,423,69,727
730,419,69,729
730,417,69,730
729,415,69,731
727,414,69,732
772,752,1,523
772,752,1,523
772,750,1,524
775,750,1,524
774,748,1,525
766,437,69,719
765,430,69,723
765,426,69,725
763,424,69,726
761,424,69,726
761,423,69,727
761,424,69,726
759,423,69,727
759,423,69,727
756,423,69,727
754,423,69,727
734,403,69,738
716,541,5,655
718,628,5,601
732,439,69,717
732,421,69,728
730,417,69,730
730,417,69,730
730,414,69,732
725,414,69,732
725,415,69,731
725,414,69,732
725,415,69,731
725,417,69,730
725,417,69,730
729,419,69,729
725,419,69,729
725,419,69,729
730,421,69,728
730,421,69,728
730,424,69,726
788,489,69,688
770,477,69,695
770,464,69,703
756,460,69,705
750,459,69,706
745,451,69,710
739,450,69,711
739,462,69,704
741,473,69,697
743,487,69,689
743,480,69,693
743,487,69,689
748,495,69,684
743,478,69,694
748,478,69,694
748,477,69,695
784,468,69,701
765,460,69,705
754,455,69,708
750,450,69,711
743,448,69,712
743,464,69,703
741,469,69,699
745,486,69,690
745,468,69,701
747,462,69,704
745,473,69,697
752,489,69,688
748,475,69,696
747,473,69,697
747,471,69,698
745,468,69,701
745,466,69,702
745,464,69,703
743,468,69,701
748,477,69,695
752,489,69,688
748,468,69,700
745,455,69,708
745,475,69,696
750,478,69,694
748,468,69,700
747,469,69,699
748,480,69,693
748,462,69,704
745,460,69,705
766,446,69,713
754,437,69,719
745,435,69,720
741,435,69,720
739,448,69,712
739,457,69,707
747,459,69,706
750,457,69,707
745,466,69,702
752,468,69,700
745,471,69,698
752,473,69,697
788,471,69,698
772,460,69,705
756,439,69,717
752,448,69,712
748,444,69,714
747,441,69,716
743,455,69,708
750,464,69,703
757,459,69,706
750,469,69,699
754,464,69,703
756,468,69,701
745,457,69,707
745,468,69,701
752,469,69,699
750,475,69,696
754,471,69,698
747,462,69,704
766,451,69,710
752,446,69,713
745,439,69,717
743,448,69,712
741,455,69,708
754,455,69,708
752,455,69,708
748,471,69,698
750,477,69,695
750,477,69,695
748,471,69,698
781,466,69,702
759,453,69,709
745,450,69,711
754,471,69,698
747,459,69,706
783,464,69,703
765,451,69,710
752,450,69,711
747,448,69,712
743,448,69,712
741,457,69,707
756,468,69,700
741,457,69,707
754,469,69,699
754,477,69,695
750,475,69,696
752,473,69,697
748,468,69,700
743,466,69,702
747,477,69,695
754,478,69,694
745,475,69,696
752,478,69,694
745,466,69,702
750,475,69,696
748,466,69,702
745,460,69,705
743,464,69,703
747,468,69,700
748,466,69,702
752,464,69,703
788,817,1,483
788,819,1,481
790,822,1,479
792,824,1,478
786,826,1,477
765,477,69,695
752,466,69,702
770,471,69,698
768,471,69,698
752,459,69,706
748,450,69,711
747,446,69,713
743,462,69,704
745,468,69,700
743,466,69,702
739,446,69,713
736,468,69,701
743,469,69,699
743,469,69,699
738,464,69,703
741,466,69,702
739,473,69,697
743,475,69,696
741,468,69,701
739,480,69,693
736,477,69,695
734,478,69,694
734,487,69,689
739,502,69,680
738,486,69,690
739,486,69,690
736,491,69,686
738,496,69,683
738,491,69,686
739,495,69,684
738,496,69,683
739,491,69,686
739,493,69,685
774,493,69,685
761,478,69,694
757,473,69,697
754,468,69,700
747,466,69,702
