729,628,68,601
732,549,69,651
739,648,68,589
768,727,1,538
768,727,1,538
768,727,1,538
768,727,1,539
768,723,1,541
736,491,101,686
732,642,0,592
734,612,68,611
736,624,0,603
732,615,68,609
736,637,0,595
734,617,68,608
730,619,68,607
739,657,68,583
729,619,68,607
734,622,68,605
730,624,0,604
736,624,68,604
729,622,0,605
730,626,68,602
734,628,68,601
729,676,5,570
734,734,5,534
739,741,5,529
730,628,69,601
730,707,5,551
739,734,5,534
732,626,68,602
730,624,68,604
739,649,0,588
730,635,68,597
730,633,68,598
730,635,68,597
730,635,68,597
739,667,68,576
732,637,68,596
730,637,68,596
730,633,68,598
729,630,68,600
739,631,68,599
732,630,68,600
732,626,69,602
730,628,69,601
730,626,69,602
734,727,5,538
739,633,69,598
734,624,69,603
734,624,69,604
730,626,69,602
730,624,0,604
734,624,68,603
730,622,68,605
730,621,68,606
739,651,0,586
732,619,68,607
729,617,68,608
734,624,68,604
729,622,68,605
736,624,68,604
729,619,68,607
734,622,68,605
729,619,69,607
730,727,5,539
736,732,5,535
739,730,5,536
739,729,5,537
739,675,69,571
738,621,69,606
734,619,69,607
729,619,68,607
736,621,68,606
750,691,0,561
756,721,0,542
759,738,0,532
761,743,0,528
761,747,0,526
763,750,0,524
763,750,0,524
765,750,0,524
766,748,0,525
766,748,0,525
766,748,0,525
768,748,1,525
770,747,1,526
770,745,1,527
770,745,1,527
772,743,1,528
772,743,1,528
772,741,0,529
770,741,0,530
770,739,0,531
770,739,0,531
770,738,0,532
770,736,0,533
770,734,0,534
770,734,0,534
770,734,0,534
770,732,0,535
770,732,0,535
768,729,0,537
770,727,0,538
741,489,100,687
730,613,5,610
732,723,5,541
734,729,5,537
734,729,5,537
736,732,5,535
739,736,5,533
739,617,68,608
734,606,68,615
730,610,68,613
736,624,68,603
732,621,68,606
730,621,68,606
732,624,0,603
732,626,68,602
739,657,68,583
734,628,68,601
732,628,68,601
730,626,0,602
732,631,68,599
730,626,68,602
729,630,69,600
730,734,5,534
739,741,5,529
734,628,69,601
730,628,69,601
730,716,5,545
739,642,68,592
730,624,68,603
730,624,68,604
739,658,68,582
732,633,68,598
730,637,68,596
730,633,68,598
739,658,0,582
734,631,68,599
732,631,68,599
729,631,68,599
738,651,0,586
732,630,68,600
738,651,0,586
730,626,69,602
736,729,5,537
736,628,69,601
730,624,69,604
730,707,5,551
739,633,69,598
729,619,69,607
738,730,5,536
734,619,69,607
739,621,68,606
736,613,68,610
732,622,68,605
739,655,68,584
729,626,68,602
734,622,68,605
739,628,68,601
736,639,0,594
729,619,68,607
730,619,68,607
736,617,68,608
736,642,0,592
729,709,5,550
736,734,5,534
739,739,5,531
730,624,69,604
752,702,1,554
761,727,1,538
763,741,0,529
763,750,0,524
766,754,0,521
766,756,0,520
766,759,0,518
768,759,0,518
770,759,0,518
770,761,0,517
772,759,0,518
772,759,0,518
772,757,0,519
774,757,0,519
774,757,0,519
775,756,0,520
775,756,1,520
777,754,1,521
777,754,1,521
779,754,1,521
779,754,1,521
779,754,1,522
779,754,0,522
779,754,0,522
779,754,0,522
779,754,0,522
779,754,0,522
779,752,0,523
779,754,0,522
779,754,0,522
748,509,100,676
734,502,100,680
732,586,68,627
732,624,68,604
730,624,68,604
730,622,68,605
730,624,69,603
730,624,69,603
729,664,5,578
732,734,5,534
739,653,68,585
730,619,68,607
734,619,68,607
736,621,68,606
736,624,68,604
734,635,0,597
730,628,68,601
739,648,0,589
734,628,68,601
729,630,0,600
734,626,68,602
730,628,68,601
729,630,68,600
738,633,68,598
734,631,68,599
734,631,68,599
734,630,68,600
730,630,69,600
730,628,69,601
734,630,69,600
734,630,69,600
736,628,69,601
734,628,69,601
736,626,68,602
729,631,68,599
736,631,68,599
734,628,68,601
732,626,68,602
730,630,68,600
739,658,0,582
734,626,68,602
730,624,68,603
738,630,68,600
730,626,68,602
730,624,68,603
738,631,68,599
734,624,68,604
732,621,69,606
730,622,69,605
729,662,5,580
734,727,5,538
739,729,5,537
736,619,69,607
734,613,69,610
730,612,69,612
732,624,0,604
734,624,68,604
736,639,0,594
732,613,68,610
734,628,0,601
730,615,68,609
730,613,68,610
739,649,0,587
732,612,68,612
729,612,68,612
736,613,68,610
748,676,0,570
754,709,1,550
757,721,1,542
761,727,1,538
763,730,1,536
763,738,1,532
765,739,1,531
766,748,1,525
768,750,0,524
770,743,0,528
770,741,0,529
770,741,0,530
770,741,0,529
770,736,0,533
772,730,0,536
772,729,0,537
772,725,0,540
772,727,0,538
770,723,0,541
770,721,0,542
770,718,0,544
770,714,0,546
770,714,1,547
770,711,1,549
770,711,1,549
770,707,1,551
768,709,0,550
768,707,0,551
766,702,0,554
766,702,0,554
736,477,100,695
736,576,0,634
730,599,68,620
738,626,0,602
729,599,68,619
739,626,68,602
730,599,68,619
738,626,0,602
730,599,68,620
738,628,0,601
730,595,68,622
739,633,0,598
727,658,5,582
727,714,5,546
729,720,5,543
730,723,5,541
739,720,0,543
729,585,68,628
739,640,68,593
732,597,0,621
732,599,68,620
736,630,0,600
729,595,68,622
738,615,68,609
732,603,0,617
736,604,68,616
734,613,0,610
734,599,68,619
736,622,0,605
730,599,68,620
738,628,0,601
730,597,68,621
729,675,5,571
727,716,5,545
729,716,5,545
725,718,5,544
711,721,5,542
718,725,5,540
721,714,5,546
721,711,5,549
730,709,0,550
739,702,0,554
730,649,0,587
738,669,0,575
739,671,0,574
732,613,0,610
738,648,0,589
739,685,0,565
739,664,0,578
732,633,0,598
736,684,0,566
739,707,0,551
734,653,5,585
725,718,5,544
725,723,5,541
727,725,5,540
727,725,5,540
725,723,5,541
725,714,5,546
725,711,5,549
725,714,5,547
723,718,5,544
721,610,0,613
720,606,1,615
720,604,1,616
720,604,1,616
698,687,5,564
694,689,5,562
694,693,5,560
694,694,5,559
696,694,5,559
703,689,0,562
709,667,0,576
712,653,0,585
714,644,0,591
714,649,0,588
714,640,0,593
716,646,0,590
714,664,0,578
714,664,0,578
716,662,0,579
718,671,0,574
718,687,0,564
711,702,5,554
702,709,5,550
703,714,5,547
707,714,5,546
709,718,5,544
712,723,5,541
712,725,5,540
714,727,5,538
718,727,0,539
727,714,0,546
730,712,0,548
734,712,0,548
734,714,0,547
736,714,0,546
736,720,0,543
738,723,0,541
739,721,0,542
730,610,0,613
734,662,0,580
736,702,0,554
736,716,0,545
725,725,5,540
727,723,5,541
727,729,5,537
729,730,5,536
730,732,5,535
732,732,5,535
729,725,5,540
729,721,5,542
730,718,5,544
730,716,5,545
730,727,5,539
730,727,5,539
730,729,5,537
732,730,5,536
734,594,69,623
727,705,5,552
736,714,0,547
732,594,68,623
736,664,0,578
738,687,0,563
727,703,5,553
723,714,5,546
725,720,5,543
725,723,5,541
694,680,5,568
691,684,5,566
691,685,5,565
691,687,5,563
691,694,5,559
691,698,5,557
693,702,5,555
705,680,0,568
709,664,0,578
709,669,0,575
712,673,0,573
714,666,0,577
716,660,0,581
716,664,0,578
718,669,0,575
718,675,0,571
720,684,0,566
721,691,0,561
721,691,0,561
711,718,5,544
709,720,5,543
712,727,5,539
714,727,5,539
718,732,5,535
718,734,5,534
720,736,5,533
723,732,5,535
725,736,5,533
727,732,5,535
736,727,0,538
730,738,5,532
739,727,0,538
732,604,0,616
739,684,0,566
736,635,0,597
729,606,68,615
739,662,0,580
734,617,0,608
736,612,68,611
725,725,5,540
729,730,5,536
732,732,5,535
734,732,5,535
736,730,5,536
736,720,5,543
736,716,5,545
734,716,5,545
734,721,5,542
734,727,5,538
734,727,5,539
734,727,5,538
739,727,0,538
730,577,0,633
739,653,0,585
734,601,0,618
738,644,0,591
739,673,0,573
734,612,0,611
716,644,0,591
714,642,0,592
712,646,0,590
712,642,0,592
712,644,0,591
711,644,0,591
712,642,0,592
712,631,0,599
700,682,5,567
696,687,5,563
694,693,5,560
696,698,5,557
698,702,5,554
700,705,5,552
702,707,5,551
703,712,5,548
711,703,0,553
716,682,0,567
718,675,0,571
721,673,0,573
723,675,0,572
725,678,0,569
727,682,0,567
729,685,0,565
730,689,0,562
732,696,0,558
734,702,0,554
734,705,0,552
730,748,5,525
727,736,5,533
729,739,5,531
730,739,5,531
734,741,5,530
734,734,5,534
734,729,5,537
734,727,5,539
734,734,5,534
738,738,5,532
739,739,0,531
734,610,68,613
736,646,0,590
732,608,68,614
734,637,0,596
732,612,68,612
734,624,0,604
734,603,68,617
734,624,0,603
736,599,68,619
734,615,0,609
729,721,5,542
730,727,5,538
734,727,5,539
734,727,5,538
734,727,5,539
734,716,5,545
734,714,5,546
734,725,5,540
736,727,5,538
736,723,5,541
732,586,68,627
734,630,0,600
738,613,68,610
712,649,0,588
712,648,0,589
714,644,0,591
716,635,0,597
716,630,0,600
716,626,0,602
709,640,0,593
712,637,0,596
714,642,0,592
718,642,0,592
718,669,5,575
707,703,5,553
707,707,5,551
709,714,5,547
711,716,5,545
712,723,5,541
718,727,5,538
720,727,5,538
721,730,5,536
723,732,5,535
725,736,5,533
738,721,0,542
732,617,68,608
736,653,0,585
736,653,68,585
730,617,0,608
739,673,0,573
734,622,0,605
730,613,68,610
734,624,0,603
732,613,68,610
725,732,5,535
730,738,5,532
734,741,5,529
738,743,5,528
739,739,5,531
739,626,69,602
734,606,69,615
729,664,5,578
730,739,5,531
736,734,5,534
736,608,68,614
729,601,0,618
736,622,68,605
732,608,0,614
734,606,68,615
732,612,0,612
739,667,0,576
732,610,0,613
734,599,68,619
734,617,0,608
732,720,5,543
734,727,5,539
734,729,5,537
736,732,5,535
738,732,5,535
739,720,5,543
736,718,5,544
736,723,5,541
736,727,5,539
736,680,1,568
720,703,5,553
716,709,5,550
714,709,5,550
714,709,5,550
714,711,5,549
714,711,5,549
716,714,5,547
730,703,0,553
736,696,0,558
739,694,0,559
730,601,68,618
736,653,0,585
732,608,68,614
739,646,0,590
734,617,0,608
730,612,68,612
739,662,0,580
734,626,0,602
730,613,68,610
727,727,5,539
729,734,5,534
734,741,5,529
738,743,5,528
739,748,5,525
734,617,69,608
730,615,69,609
727,729,5,537
739,711,68,549
734,624,68,603
730,615,68,609
736,648,0,589
734,626,68,602
730,624,68,603
730,624,68,604
729,624,0,604
736,628,68,601
730,624,68,603
730,624,68,603
734,628,68,601
730,626,69,602
727,714,5,547
739,738,5,532
736,630,69,600
734,628,69,601
730,615,69,609
730,612,69,612
730,612,69,612
734,729,0,537
734,615,69,609
730,608,68,614
730,610,0,613
736,612,68,612
729,604,68,616
739,660,0,581
730,610,68,613
739,646,68,590
730,610,68,613
736,639,0,594
732,610,68,613
734,655,0,584
729,721,5,542
732,727,5,539
734,725,5,540
734,723,5,541
734,727,5,539
736,723,5,541
748,727,1,539
754,727,1,539
757,725,1,540
757,723,1,541
756,721,0,542
756,720,0,543
754,718,0,544
754,716,0,545
754,716,0,545
754,714,0,547
754,712,0,548
754,711,0,549
752,711,0,549
752,709,0,550
752,705,1,552
752,705,1,552
752,702,1,554
745,694,0,559
745,691,0,561
745,691,0,561
745,689,0,562
730,603,0,617
739,649,0,588
739,671,0,574
739,678,0,569
730,707,5,551
725,718,5,544
727,721,5,542
730,725,5,540
734,727,5,538
732,729,5,537
736,730,5,536
736,734,5,534
739,628,68,601
734,610,68,613
729,612,68,611
739,646,0,590
732,619,68,607
730,619,68,607
729,621,0,606
736,631,68,599
730,622,68,605
738,655,0,584
732,626,68,602
730,631,0,599
736,630,69,600
732,624,69,603
729,624,69,603
730,628,69,601
729,729,5,537
747,543,101,654
732,558,69,645
730,738,5,532
739,633,69,598
736,621,68,606
736,621,68,606
736,631,68,599
736,631,68,599
736,630,68,600
734,633,68,598
736,633,68,598
736,628,68,601
736,628,68,601
736,628,68,601
736,622,68,605
732,621,68,606
732,622,69,605
730,622,69,605
730,727,5,539
741,658,69,582
730,619,69,607
732,723,5,541
739,727,5,539
736,615,69,609
730,612,69,612
730,669,5,575
739,624,68,604
730,610,68,613
734,640,0,593
734,608,68,614
734,626,0,602
732,613,68,610
732,624,0,604
736,613,68,610
729,612,68,612
738,622,68,605
727,662,5,580
739,691,1,561
747,712,1,548
748,723,1,541
750,727,1,538
752,729,1,537
752,729,1,537
754,729,1,537
754,727,0,538
754,727,0,539
754,725,0,540
754,723,0,541
754,720,0,543
754,720,0,543
754,718,0,544
754,718,0,544
754,716,0,545
754,714,0,546
754,714,0,546
754,714,0,547
754,714,1,547
757,712,1,548
757,712,1,548
757,711,1,549
756,711,1,549
756,709,1,550
756,709,1,550
754,707,1,551
754,705,0,552
754,705,0,552
752,703,0,553
730,549,0,651
739,628,0,601
730,603,0,617
738,651,0,586
730,601,68,618
736,648,0,589
736,612,68,611
730,606,0,615
739,648,0,589
730,603,68,617
725,714,5,546
729,723,5,541
732,729,5,537
734,734,5,534
738,736,5,533
741,624,69,604
736,613,69,610
730,721,5,542
738,619,68,607
736,617,68,608
734,624,68,604
730,624,68,604
730,624,68,604
729,624,68,603
739,660,0,581
730,631,0,599
734,630,68,600
736,633,68,598
727,633,0,598
729,630,68,600
738,734,5,534
738,628,69,601
738,739,5,531
730,630,69,600
741,651,69,586
730,624,69,603
736,732,5,535
734,626,69,602
734,624,69,604
734,723,5,541
730,622,68,605
739,662,0,579
734,621,68,606
730,624,68,604
738,631,68,599
734,628,68,601
730,622,68,605
739,669,68,575
734,619,68,607
730,613,68,610
727,678,5,569
734,727,5,538
739,732,5,535
736,619,69,607
730,617,69,608
729,711,5,549
739,732,5,535
736,619,69,607
734,613,69,610
730,608,69,614
729,720,5,543
734,734,5,534
739,730,0,536
734,612,68,611
729,610,68,613
736,619,68,607
748,689,0,562
754,721,0,542
756,732,0,535
757,738,0,532
759,741,1,529
759,743,1,528
761,745,1,527
761,741,1,529
763,741,1,530
763,739,1,531
763,738,1,532
763,736,1,533
763,736,1,533
763,732,1,535
763,730,1,536
763,729,1,537
763,729,1,537
763,729,0,537
763,727,0,539
763,727,0,539
761,727,0,539
761,725,0,540
761,723,0,541
761,723,0,541
761,721,0,542
761,721,1,542
761,721,1,542
761,721,1,542
761,720,1,543
761,720,1,543
730,550,69,650
730,716,5,545
732,727,5,539
736,725,5,540
736,727,5,538
738,613,68,610
730,612,68,612
732,621,0,606
736,621,68,606
730,624,0,604
739,664,0,578
736,649,0,587
732,626,0,602
729,624,0,604
730,624,68,603
734,709,5,550
738,738,5,532
734,635,69,597
734,741,5,529
732,637,69,595
738,734,5,534
729,685,5,565
739,736,5,533
730,628,69,601
739,730,5,536
730,621,68,606
736,621,68,606
730,624,68,603
739,651,0,586
734,621,68,606
730,622,68,605
736,671,0,574
734,621,68,606
730,622,0,605
736,622,68,605
729,671,5,574
734,732,5,535
739,669,69,575
738,615,69,609
732,613,69,610
730,617,69,608
727,680,5,568
734,727,5,538
738,729,5,537
739,725,5,540
739,727,5,539
739,617,69,608
736,610,69,613
732,613,69,610
730,621,69,606
729,678,5,569
734,729,5,537
734,612,68,612
730,610,0,613
734,613,68,610
730,617,68,608
729,712,5,548
732,727,5,538
736,730,5,536
739,734,5,534
732,612,69,612
730,604,69,616
730,680,5,568
732,720,5,543
736,720,5,543
736,723,5,541
747,727,1,539
750,725,1,540
752,725,1,540
752,723,1,541
752,721,0,542
752,721,0,542
754,720,0,543
754,712,1,548
754,711,1,549
754,709,1,550
752,705,1,552
752,705,1,552
743,691,1,561
745,689,1,562
745,689,1,562
745,693,1,560
727,655,5,584
725,727,5,539
729,730,5,536
730,729,5,537
734,729,0,537
734,617,68,608
732,624,0,603
734,624,68,604
739,657,68,583
729,626,0,602
734,631,68,599
738,640,68,593
738,671,0,574
736,736,5,533
739,741,5,530
729,635,69,597
734,747,5,526
739,635,69,597
727,624,5,604
736,736,5,533
734,630,69,600
729,626,5,602
736,739,5,531
730,624,69,603
738,738,5,532
734,626,68,602
736,651,0,586
730,621,68,606
739,624,68,604
736,630,68,600
738,631,68,599
730,631,68,599
736,648,0,589
734,624,69,603
734,720,5,543
739,624,69,603
736,615,69,609
734,621,69,606
734,628,69,601
730,624,69,604
732,624,69,604
729,682,5,567
736,727,5,539
739,624,69,604
734,613,69,610
729,612,69,611
730,714,5,547
738,621,68,606
734,610,68,613
730,608,68,614
730,613,68,610
732,624,0,604
734,615,68,609
730,612,69,612
727,716,5,545
734,727,5,539
736,730,5,536
738,729,5,537
739,727,5,538
739,729,69,537
736,612,69,612
734,608,69,614
743,671,1,574
748,698,1,557
752,709,1,550
752,716,0,545
752,718,0,544
752,716,0,545
752,714,0,546
752,714,0,547
752,712,0,548
752,711,0,549
752,711,0,549
752,709,1,550
752,707,1,551
754,705,1,552
754,703,1,553
752,702,1,554
752,702,1,555
752,702,1,555
747,691,0,561
747,696,0,558
748,696,0,558
748,696,0,558
730,595,68,622
736,631,0,599
732,712,5,548
730,720,5,543
734,721,5,542
734,727,5,539
736,727,5,538
736,729,5,537
739,736,5,533
739,622,69,605
736,617,69,608
730,619,69,607
730,621,68,606
739,662,68,580
738,649,0,587
729,624,0,604
734,628,68,601
738,635,68,597
734,624,68,604
732,628,0,601
736,624,68,603
732,631,0,599
734,626,69,602
729,716,5,545
739,739,5,531
739,633,69,598
736,631,69,599
736,628,69,601
736,626,69,602
734,626,69,602
734,624,69,604
730,622,69,605
738,684,0,566
739,628,68,601
734,630,68,600
730,628,68,601
738,633,68,598
730,621,68,606
730,615,68,609
738,624,68,603
730,624,68,604
730,622,68,605
730,678,5,569
738,727,5,539
734,624,69,604
730,734,5,534
739,741,5,530
730,610,69,613
734,725,5,540
739,657,69,583
729,608,69,614
734,721,5,542
741,723,68,541
736,601,68,618
732,615,0,609
734,601,68,618
739,648,0,589
730,601,68,618
739,648,68,589
736,635,0,597
732,599,68,620
736,642,0,592
730,597,68,621
725,714,5,546
729,721,5,542
734,723,5,541
736,727,5,538
736,727,5,539
736,718,5,544
736,716,5,545
736,714,0,546
732,588,68,626
736,630,0,600
732,594,68,623
734,639,0,594
738,599,68,619
736,687,0,564
736,687,0,564
736,685,0,565
736,687,0,564
736,685,0,565
736,685,0,565
738,684,0,566
738,676,0,570
738,675,0,572
738,675,0,572
730,705,5,552
725,716,5,545
727,723,5,541
727,727,5,539
729,729,5,537
732,732,5,535
734,734,0,534
734,610,68,613
734,727,0,539
734,606,68,615
730,608,0,614
738,635,68,597
730,608,68,614
738,644,0,591
734,608,68,614
730,612,0,611
736,613,68,610
729,606,0,615
739,664,0,578
730,606,68,615
730,642,5,592
732,736,5,533
738,736,5,533
738,619,69,607
732,612,69,611
732,610,69,613
730,603,69,617
727,727,5,539
736,729,5,537
739,729,5,537
739,612,69,612
734,599,68,620
730,604,68,616
736,644,0,591
730,613,0,610
736,606,68,615
729,599,68,619
736,642,0,592
732,599,68,619
734,639,0,594
734,595,68,622
725,707,5,551
727,716,5,545
729,727,5,539
732,732,5,535
736,729,5,537
736,716,5,545
736,716,5,545
734,718,5,544
734,714,5,546
734,723,5,541
738,610,68,613
730,588,0,626
739,658,0,582
734,604,0,616
727,667,1,576
727,667,1,576
729,666,1,577
727,667,1,576
729,667,1,576
711,694,5,559
705,698,5,557
707,702,5,554
718,680,0,568
721,667,0,576
723,662,0,579
723,664,0,578
723,666,0,577
727,664,0,578
727,666,0,577
727,669,0,575
729,678,0,569
730,680,0,568
721,729,5,537
725,732,5,535
727,736,5,533
727,736,5,533
730,738,5,532
734,741,5,530
734,743,5,528
736,745,5,527
734,619,68,607
734,648,0,589
734,622,68,605
734,642,0,592
734,624,68,603
739,657,0,583
729,621,68,606
736,631,68,599
730,619,68,607
738,658,0,582
732,615,68,609
734,637,0,595
734,612,69,611
727,727,5,539
738,739,5,531
738,628,69,601
734,622,69,605
730,610,69,613
727,723,5,541
738,741,5,530
736,608,69,614
730,603,69,617
734,716,0,545
736,601,68,618
732,612,0,612
734,603,68,617
730,604,0,616
739,664,0,578
729,597,68,621
739,649,0,587
729,604,0,616
738,658,0,582
730,599,69,620
727,725,5,540
734,729,5,537
736,732,5,535
736,732,5,535
734,721,5,542
734,718,5,544
732,718,5,544
734,721,5,542
736,720,5,543
739,635,68,597
730,585,68,628
730,675,0,571
730,675,0,571
730,675,1,571
730,675,1,572
718,702,5,554
712,707,5,551
712,711,5,549
712,712,5,548
712,712,5,548
716,714,5,547
725,705,0,552
732,691,0,561
734,691,0,561
736,691,0,561
739,696,0,558
739,702,68,554
738,648,0,589
730,613,0,610
734,615,68,609
734,639,0,594
738,617,68,608
734,631,0,599
734,612,69,612
730,730,5,536
734,739,5,531
736,741,5,529
734,622,69,605
734,738,5,532
739,736,5,533
729,619,69,607
741,711,68,549
736,612,68,611
736,619,68,607
729,624,0,603
732,622,68,605
739,646,68,590
745,622,68,605
745,498,100,682
730,613,0,610
730,624,68,604
739,624,68,603
730,622,68,605
736,621,68,606
730,718,5,544
739,639,69,594
727,678,5,569
739,730,5,536
734,615,69,609
730,727,5,539
739,727,5,539
734,612,69,612
739,660,0,581
734,604,69,616
736,646,0,590
732,613,0,610
732,613,68,610
739,649,0,587
730,612,68,612
734,631,0,599
732,610,68,613
736,639,0,594
734,617,0,608
730,604,68,616
730,716,5,545
730,727,5,539
734,729,5,537
736,732,5,535
738,727,5,538
739,693,69,560
727,628,5,601
730,723,5,541
739,619,68,607
730,604,0,616
738,604,68,616
729,599,68,619
739,653,0,585
730,603,68,617
736,649,0,588
729,608,0,614
739,662,0,579
729,608,0,614
738,658,0,582
