721,723,5,541
727,730,5,536
718,500,69,681
727,738,5,532
718,732,5,535
718,468,69,701
725,745,5,527
718,734,5,534
718,451,69,710
734,745,5,527
734,453,69,709
725,450,69,711
718,729,5,537
727,448,69,712
721,734,5,534
725,451,69,710
714,714,5,547
730,459,69,706
718,450,69,711
725,739,5,531
723,448,69,712
725,736,5,533
721,444,5,714
734,741,5,530
741,738,5,532
709,669,5,575
730,727,69,539
714,716,5,545
721,723,5,541
725,720,5,543
725,718,5,544
727,716,5,545
727,714,5,546
727,714,5,547
727,707,5,551
727,711,5,549
725,709,5,550
727,707,5,551
727,707,5,551
725,702,5,554
725,700,5,556
725,700,5,556
725,702,5,555
723,700,5,556
723,698,5,557
723,696,5,558
721,691,5,561
721,698,5,557
723,702,5,555
723,702,5,555
721,698,5,557
721,694,5,559
720,689,5,562
718,685,5,565
718,685,5,565
716,684,5,566
714,680,5,568
712,680,5,568
711,678,5,569
711,678,5,569
709,678,5,569
716,703,5,553
718,709,5,550
721,714,5,546
725,720,5,543
727,725,5,540
721,513,69,673
723,727,5,539
720,453,69,709
725,729,5,537
720,527,69,665
725,738,5,532
716,725,5,540
729,734,69,534
727,741,5,529
721,738,5,532
716,718,5,544
718,462,69,704
730,606,69,615
727,743,5,528
723,736,5,533
718,732,5,535
714,689,5,562
720,455,69,708
729,738,5,532
725,732,5,535
718,727,5,539
718,491,69,686
727,732,5,535
718,716,5,545
727,727,5,538
714,702,5,555
727,723,5,541
712,693,5,560
725,721,5,542
714,666,5,577
725,720,5,543
718,469,69,699
721,714,5,546
729,718,5,544
716,691,5,561
725,714,5,547
727,709,5,550
729,702,5,554
718,709,5,550
718,711,5,549
720,711,5,549
725,712,5,548
727,714,5,547
729,714,5,546
716,513,5,673
723,711,5,549
729,714,5,546
720,711,5,549
725,714,5,547
727,712,5,548
729,716,5,545
718,498,69,682
721,707,5,551
725,712,5,548
727,707,5,551
727,707,5,551
727,705,5,552
727,702,5,555
727,700,5,556
725,696,5,558
725,693,5,560
723,694,5,559
723,691,5,561
721,691,5,561
721,687,5,564
720,684,5,566
718,684,5,566
718,678,5,569
718,676,5,570
716,675,5,572
714,673,5,573
703,698,5,557
705,696,5,558
703,694,5,559
705,694,5,559
705,691,5,561
703,685,5,565
703,687,5,564
703,687,5,564
703,684,5,566
703,684,5,566
702,682,5,567
700,678,5,569
700,676,5,570
700,675,5,571
698,673,5,573
698,671,5,574
698,671,5,574
696,667,5,576
696,666,5,577
694,664,5,578
721,696,5,558
723,694,5,559
723,694,5,559
721,689,5,562
723,689,5,562
725,685,5,565
723,685,5,565
723,685,5,565
723,682,5,567
721,678,5,569
721,676,5,570
721,673,5,573
718,666,5,577
716,664,5,578
712,662,5,580
712,660,5,581
727,711,5,549
727,707,5,551
721,439,69,718
721,694,5,559
729,700,5,556
723,698,5,557
723,698,5,557
721,694,5,559
723,694,5,559
723,691,5,561
721,689,5,562
721,691,5,561
721,689,5,562
721,687,5,564
720,682,5,567
720,678,5,569
720,676,5,570
718,675,5,572
718,669,5,575
716,667,5,576
716,666,5,577
716,662,5,579
712,660,5,581
727,718,5,544
729,714,69,546
712,703,5,553
723,714,5,546
727,716,5,545
729,716,5,545
703,666,5,577
720,714,5,547
725,714,5,547
727,714,5,547
729,712,5,548
727,709,5,550
729,705,5,552
729,702,5,554
729,702,5,555
727,700,5,556
727,698,5,557
727,698,5,557
727,694,5,559
727,693,5,560
727,689,5,562
725,687,5,563
725,687,5,563
725,685,5,565
723,685,5,565
723,684,5,566
721,684,5,566
716,709,5,550
716,711,5,549
718,707,5,551
718,707,5,551
718,709,5,550
721,709,5,550
721,707,5,551
721,702,5,555
721,702,5,555
721,700,5,556
721,696,5,558
721,694,5,559
721,689,5,562
721,687,5,563
721,685,5,565
720,685,5,565
718,682,5,567
718,682,5,567
718,678,5,569
718,678,5,569
716,675,5,571
716,676,5,570
716,675,5,571
714,675,5,572
712,673,5,573
712,669,5,575
712,669,5,575
711,666,5,577
709,666,5,577
707,666,5,577
716,729,5,537
718,732,5,535
721,732,5,535
723,732,5,535
725,734,5,534
727,734,5,534
727,518,69,670
716,723,5,541
725,732,5,535
727,527,69,664
718,723,5,541
727,729,5,537
721,491,69,686
721,723,5,541
727,723,5,541
709,675,5,572
721,714,5,546
725,718,5,544
727,718,5,544
727,712,5,548
727,694,5,559
725,691,5,561
725,689,5,562
725,687,5,563
723,680,5,568
721,676,5,570
720,673,5,573
718,669,5,575
716,666,5,577
712,664,5,578
714,714,5,546
716,716,5,545
718,720,5,543
720,716,5,545
721,721,5,542
721,716,5,545
721,716,5,545
723,714,5,546
725,714,5,546
725,714,5,547
725,712,5,548
725,712,5,548
727,711,5,549
727,712,5,548
727,702,5,554
727,703,5,553
727,703,5,553
725,693,5,560
725,694,5,559
725,689,5,562
721,687,5,563
721,687,5,564
720,684,5,566
718,687,5,564
718,511,69,674
730,550,69,650
721,516,68,671
725,637,0,595
725,527,68,664
718,522,68,668
730,574,68,635
721,523,68,667
720,637,0,595
727,531,68,662
718,525,68,666
721,527,68,664
721,766,5,514
725,527,69,665
720,765,5,515
725,522,69,668
725,673,0,573
721,518,68,670
729,684,0,566
718,507,68,677
730,563,68,642
721,644,0,591
725,496,68,683
727,658,0,582
718,639,5,594
727,487,69,689
729,759,5,518
718,720,5,543
721,473,69,697
730,588,69,626
723,606,5,615
730,469,69,699
718,572,0,637
729,480,68,693
718,594,0,623
727,480,68,693
720,612,0,611
729,448,68,712
718,444,68,714
718,550,0,650
721,624,0,604
729,680,0,568
718,453,68,709
718,455,68,708
716,457,68,707
718,599,0,619
729,714,5,547
725,624,0,603
723,502,68,680
718,500,68,681
721,513,68,673
714,505,68,678
718,615,0,609
721,504,68,679
725,637,0,595
721,489,68,687
725,741,5,529
723,478,69,694
716,622,5,605
730,595,69,622
718,468,69,700
727,741,5,529
721,477,68,695
721,595,0,622
716,547,0,652
730,630,68,600
721,597,0,621
718,473,68,697
761,745,0,527
730,464,68,703
727,457,68,707
721,460,68,705
721,468,68,700
723,469,68,699
734,471,68,698
718,487,68,689
730,558,68,645
723,505,68,678
718,500,68,681
718,493,68,685
729,660,0,581
718,572,0,637
730,541,69,656
721,576,0,634
718,473,68,697
711,477,68,695
723,590,0,625
725,471,68,698
725,640,5,593
716,572,5,637
730,511,69,674
723,658,5,582
730,486,68,690
721,473,68,697
723,480,68,693
718,484,68,691
720,491,68,686
727,622,0,605
718,484,69,691
729,707,5,551
716,585,5,628
730,507,69,677
720,635,5,597
725,491,69,686
720,655,5,584
729,489,69,687
727,585,0,628
716,572,0,637
729,595,0,622
712,588,0,626
729,615,0,609
718,462,68,704
721,649,5,588
730,523,69,667
718,612,5,612
730,541,69,656
718,592,0,624
732,493,68,685
718,518,0,670
729,644,68,591
721,491,68,686
725,603,0,617
725,487,68,689
718,464,69,703
723,684,5,566
727,473,69,697
721,489,68,687
725,610,0,613
721,484,68,691
712,487,68,689
723,635,0,597
727,509,68,676
718,585,0,628
730,552,68,649
718,491,69,686
727,689,5,562
725,504,69,679
721,631,5,599
729,511,69,674
720,493,69,685
725,678,5,569
725,495,69,684
721,631,0,599
730,518,68,670
716,586,0,627
729,664,0,578
718,482,68,692
725,626,0,602
725,486,68,690
721,624,5,603
729,509,69,676
716,606,5,615
727,477,68,695
725,475,68,696
716,568,0,639
729,603,68,617
716,570,0,638
729,493,68,685
716,594,5,623
727,687,5,564
729,484,69,691
718,585,5,629
727,664,0,578
725,491,68,686
718,585,0,629
725,489,68,688
718,498,68,682
723,610,0,613
727,493,68,685
718,498,68,682
730,561,68,643
718,496,68,683
718,496,69,683
725,693,5,560
727,509,69,676
720,489,68,687
721,615,0,609
727,489,68,687
720,606,0,615
727,493,68,685
718,595,0,622
729,498,68,682
716,585,0,629
729,599,68,619
714,581,0,631
727,675,5,571
725,489,69,687
754,727,0,539
729,468,68,701
721,450,69,711
718,558,5,645
716,468,68,700
709,583,0,630
723,640,0,593
721,471,68,698
723,604,0,616
725,473,68,697
723,590,0,625
727,484,68,691
718,477,69,695
725,660,5,581
727,502,69,680
720,487,69,689
716,597,0,621
730,556,68,647
720,489,68,687
723,622,0,605
727,505,68,678
718,495,68,684
721,599,0,619
729,505,68,678
718,498,68,682
725,649,0,588
718,502,0,680
723,648,0,589
727,505,68,678
718,498,69,682
720,631,5,599
730,552,69,649
721,495,69,684
725,687,5,563
727,500,69,681
716,594,0,623
729,680,5,568
721,487,68,689
720,594,0,623
729,685,0,565
721,486,68,690
721,612,0,612
730,559,68,644
718,477,68,695
727,646,0,590
718,484,69,691
721,676,5,570
729,509,69,675
716,631,5,599
730,558,68,645
716,595,0,622
729,664,0,578
718,478,68,694
727,639,0,594
723,480,68,693
721,585,0,628
730,538,68,658
720,486,69,690
725,664,5,578
725,500,69,681
718,491,69,686
727,675,5,571
723,500,69,681
718,493,68,685
727,666,0,577
721,502,68,680
718,588,0,626
727,513,68,673
725,498,69,682
718,622,5,605
730,610,69,613
718,491,69,686
727,662,0,580
721,486,68,690
725,619,0,607
727,491,68,686
716,577,0,633
729,669,0,575
720,489,68,687
721,626,0,602
729,676,5,570
720,489,69,687
725,678,5,569
727,496,69,683
727,475,68,696
725,468,68,700
718,576,0,634
725,471,68,698
711,471,68,698
712,579,0,632
732,496,68,683
718,585,0,629
734,507,69,677
723,489,69,687
721,637,5,596
725,500,69,681
729,678,0,569
725,500,68,681
720,500,68,681
718,496,68,683
729,662,0,579
721,496,68,683
718,590,0,625
727,504,68,679
718,496,68,683
725,495,68,684
718,495,68,684
725,682,5,567
725,500,69,681
718,489,69,687
727,709,5,550
725,489,69,687
718,487,69,689
725,700,5,556
725,489,69,688
718,588,0,626
729,574,68,635
718,475,68,696
723,639,0,594
729,495,68,684
716,552,0,649
727,666,0,577
