712,810,1,487
714,806,1,489
718,621,68,606
718,615,69,609
720,615,69,609
716,608,69,614
716,617,69,608
712,612,69,612
714,613,69,610
712,608,69,614
712,606,69,615
714,612,69,612
714,612,69,612
712,606,68,615
712,612,68,611
707,599,68,620
707,599,69,620
727,788,0,500
718,738,0,532
721,601,69,618
725,781,1,505
721,606,69,615
720,604,69,616
721,606,68,615
721,608,68,614
720,606,68,615
718,606,68,615
721,601,68,618
721,606,68,615
721,608,68,614
723,599,68,620
723,599,68,620
718,599,68,620
721,606,68,615
720,610,69,613
727,741,1,529
721,612,69,612
723,613,68,610
721,604,68,616
721,604,68,616
721,612,68,611
721,601,68,618
721,610,68,613
721,606,68,615
718,610,68,613
723,603,68,617
721,604,68,616
721,608,69,614
721,604,69,616
723,610,69,613
721,606,69,615
721,604,69,616
725,606,69,615
721,595,69,622
725,608,69,614
720,606,68,615
721,599,69,619
721,610,69,613
725,606,69,615
725,603,69,617
723,599,69,619
720,608,69,614
718,601,69,618
725,601,69,618
723,597,69,621
721,606,69,615
723,603,69,617
727,770,1,511
721,595,69,622
725,763,0,516
723,595,68,622
725,768,0,512
721,597,68,621
720,707,0,551
730,640,68,593
723,723,0,541
723,597,68,621
727,768,0,512
721,594,68,623
723,754,0,521
718,649,0,588
729,610,69,613
718,595,69,622
729,617,69,608
721,734,1,534
720,586,69,627
729,727,69,538
723,765,1,515
718,709,1,550
730,671,69,574
718,754,1,522
718,594,0,623
725,599,68,620
729,709,68,550
725,774,0,509
718,628,0,601
727,608,68,614
725,772,0,510
718,594,0,623
720,597,69,621
730,682,69,567
723,763,1,516
727,770,1,511
716,747,1,526
727,594,69,623
720,729,1,537
721,583,69,630
725,756,1,520
725,592,69,624
721,741,1,530
727,754,1,521
718,567,68,640
723,754,0,522
725,754,0,521
729,754,0,521
738,761,0,517
739,761,0,517
739,759,0,518
739,757,1,519
743,763,1,516
743,759,1,518
741,756,1,520
743,756,1,520
750,770,1,511
757,775,1,508
761,779,1,506
763,779,1,506
765,781,1,505
766,779,0,506
766,779,0,506
766,781,0,505
766,781,0,505
766,781,0,505
768,779,0,506
766,779,0,506
768,779,0,506
766,777,1,507
768,779,1,506
768,777,1,507
768,779,1,506
768,777,1,507
766,777,1,507
766,777,1,507
766,775,1,508
766,775,0,508
766,775,0,508
761,761,0,517
752,750,0,524
747,752,0,523
745,747,0,526
745,754,0,522
743,756,0,520
741,754,0,521
743,759,0,518
743,761,1,517
743,765,1,515
745,757,1,519
745,756,1,520
716,590,1,625
721,745,1,527
727,754,0,522
727,756,0,520
727,759,0,518
727,761,0,517
727,759,0,518
727,763,0,516
727,599,68,620
721,754,0,522
727,763,0,516
716,675,0,571
727,772,0,510
721,592,68,624
725,759,1,518
721,588,69,626
727,768,1,512
718,599,69,620
727,774,1,509
721,594,69,623
727,768,1,512
718,660,1,581
725,601,68,618
725,759,0,518
721,594,68,623
725,754,0,521
721,588,68,626
729,768,0,512
718,592,68,624
718,597,68,621
727,718,0,544
718,585,68,628
729,756,69,520
718,624,1,604
727,603,69,617
721,736,1,533
723,574,69,635
725,757,1,519
721,574,69,635
727,763,1,516
716,601,1,618
729,687,69,563
718,748,1,525
727,759,1,518
716,628,0,601
730,687,68,563
720,747,0,526
729,754,0,522
718,741,0,529
725,748,0,525
725,748,1,525
725,752,1,523
725,752,1,523
736,756,1,520
739,757,1,519
741,757,1,519
743,757,1,519
743,759,1,518
743,756,1,520
743,757,1,519
743,759,1,518
748,768,0,513
756,772,0,510
757,774,0,509
761,775,0,508
761,777,0,507
763,779,0,506
763,779,0,506
766,779,0,506
766,779,1,506
766,779,1,506
768,783,1,504
770,783,1,504
770,783,1,504
770,781,1,505
770,781,1,505
772,781,0,505
770,779,0,506
770,781,0,505
770,781,0,505
770,783,0,504
770,781,0,505
770,781,0,505
772,781,0,505
763,765,0,515
754,754,0,522
748,752,0,523
747,750,1,524
747,754,1,522
747,754,1,522
745,750,1,524
743,748,1,525
741,747,1,526
743,754,0,522
739,754,0,522
739,752,0,523
714,615,0,609
718,743,0,528
721,750,0,524
721,752,0,523
723,756,0,520
725,766,0,514
725,770,0,511
727,774,0,509
727,604,68,616
723,752,1,523
721,603,69,617
723,770,1,511
721,590,69,625
729,774,1,509
720,599,69,620
718,673,1,573
727,610,69,613
721,716,0,545
723,604,68,616
725,763,0,516
725,721,1,542
725,586,69,627
720,590,69,625
743,763,1,516
745,759,1,518
774,784,1,502
774,784,1,502
775,784,1,502
775,784,0,503
775,784,0,503
775,784,0,502
775,784,0,502
754,750,1,524
748,748,1,525
725,772,1,510
721,595,69,622
725,750,0,524
721,604,69,616
718,698,0,557
727,613,68,610
727,759,0,518
725,608,68,614
727,779,1,506
718,750,1,524
720,590,68,625
729,622,68,605
725,748,1,525
727,592,69,624
765,781,1,505
766,781,1,505
766,784,0,502
768,779,0,506
766,781,0,505
781,786,1,501
781,784,1,502
781,784,1,502
781,784,0,503
768,765,0,515
761,756,0,520
756,754,0,521
752,756,0,520
