734,739,0,531
734,739,1,531
736,739,1,531
736,738,0,532
734,739,0,531
736,741,0,530
736,637,68,595
736,736,0,533
738,739,68,531
736,635,68,597
727,631,68,599
729,631,69,599
730,635,69,597
732,637,69,596
732,635,69,597
730,633,68,598
730,635,68,597
725,687,0,563
732,723,0,541
736,732,0,535
739,646,68,590
732,637,69,595
727,649,1,587
734,723,1,541
738,734,1,534
736,639,68,594
736,637,68,595
736,628,68,601
730,626,68,602
729,628,69,601
727,628,69,601
734,714,1,546
736,732,1,535
734,635,68,597
725,633,0,598
730,718,0,544
736,734,0,534
736,637,68,595
736,736,0,533
736,736,0,533
736,738,0,532
736,637,68,596
734,635,68,597
730,637,69,596
730,635,69,597
730,635,68,597
729,626,68,602
727,696,0,558
736,730,0,536
738,639,68,594
734,635,68,597
730,637,68,596
730,637,68,595
734,639,69,594
734,637,69,595
734,637,69,595
734,633,69,598
729,631,68,599
730,703,0,553
738,734,0,534
736,637,68,596
734,610,68,613
732,612,68,612
732,612,69,612
730,610,69,613
730,612,68,612
727,612,68,611
729,610,69,613
727,612,69,612
727,610,68,613
729,637,0,596
738,707,0,551
732,619,68,607
732,621,68,606
732,619,68,607
725,633,0,598
734,703,0,553
739,651,69,586
736,626,69,602
736,628,69,601
730,624,69,603
730,669,0,575
739,682,68,567
738,628,68,601
730,624,68,604
732,628,68,601
734,624,68,603
734,624,69,603
734,622,69,605
730,619,69,607
732,621,69,606
734,622,68,605
734,622,68,605
734,716,0,545
736,718,0,544
730,727,0,539
734,729,0,537
739,619,69,607
725,597,1,621
738,657,69,583
727,615,1,609
736,635,68,597
730,639,0,594
736,693,0,560
734,727,0,539
736,729,0,537
736,739,0,531
732,738,1,532
736,736,1,533
730,732,1,535
730,734,1,534
734,732,1,535
730,734,1,534
730,732,0,535
727,727,0,538
730,730,0,536
730,732,0,535
730,732,1,535
727,727,0,538
734,734,0,534
730,736,0,533
730,736,1,533
729,738,1,532
730,739,1,531
734,741,1,530
734,743,0,528
736,745,0,527
734,619,68,607
725,639,0,594
734,727,0,539
732,739,0,531
734,741,1,529
736,745,1,527
730,741,1,529
736,745,1,527
734,613,69,610
725,615,1,609
734,741,1,530
729,741,1,530
727,739,0,531
727,736,0,533
730,739,0,531
730,743,0,528
723,736,1,533
729,732,1,535
730,732,1,535
734,739,0,531
734,739,0,531
734,738,0,532
734,741,1,530
736,741,1,530
739,635,69,597
732,624,69,604
727,619,69,607
729,696,0,558
732,729,0,537
729,624,68,603
727,624,68,604
730,687,1,563
736,732,1,535
738,626,69,602
730,624,69,603
729,621,68,606
730,624,68,603
730,626,68,602
729,631,68,599
730,635,68,597
734,639,69,594
727,631,69,599
732,694,0,559
734,734,0,534
732,739,0,531
734,741,0,529
739,660,68,581
734,639,68,594
734,640,68,593
729,639,68,594
730,644,69,591
734,646,69,590
736,651,68,586
730,646,68,590
730,649,68,587
732,649,68,587
730,651,68,586
734,653,68,585
732,653,68,585
734,653,68,585
734,658,69,582
736,658,69,582
734,651,68,586
734,651,68,586
732,649,68,588
730,644,68,591
727,642,68,592
729,671,0,574
736,734,0,534
727,628,68,601
734,711,1,549
736,738,1,532
736,741,1,529
727,621,69,606
734,720,0,543
738,628,68,601
725,637,0,595
734,725,0,540
736,644,68,591
759,761,0,517
759,765,0,515
761,768,1,513
765,772,0,510
766,774,0,509
772,781,0,505
775,784,0,502
761,639,69,594
745,628,69,601
736,622,68,605
711,705,0,552
707,703,0,553
707,703,0,553
709,705,0,552
711,707,0,551
712,703,1,553
709,703,1,553
712,703,0,553
711,703,0,553
711,703,0,553
714,707,0,551
711,712,0,548
712,712,0,548
716,714,0,547
714,714,0,546
712,714,1,547
712,714,1,547
712,714,0,546
712,714,1,546
712,714,0,546
712,716,0,545
712,716,0,545
714,716,0,545
716,720,0,543
716,720,0,543
716,720,1,543
716,720,1,543
718,720,1,543
718,720,1,543
718,612,68,611
709,612,0,612
718,703,0,553
714,594,68,623
714,658,0,582
720,711,0,549
707,615,1,609
716,702,1,554
721,613,69,610
711,599,69,619
709,599,69,619
716,669,0,575
714,599,68,619
716,675,0,571
721,682,68,567
711,599,68,620
716,675,0,571
718,712,1,548
718,720,1,543
720,624,69,603
738,741,0,530
738,741,0,529
739,745,0,527
739,741,0,529
756,761,0,517
730,615,68,609
720,612,68,612
714,606,68,615
711,603,68,617
712,613,1,610
718,612,69,612
721,613,68,610
725,619,68,607
725,621,68,606
718,617,68,608
716,617,68,608
718,622,68,605
718,624,68,604
718,626,68,602
720,628,69,601
721,628,69,601
720,626,68,602
720,628,68,601
720,619,69,607
718,613,69,610
716,599,68,619
709,594,68,623
718,673,0,573
712,631,0,599
745,741,0,529
743,745,1,527
747,754,0,522
745,754,0,521
745,752,0,523
747,754,1,521
725,610,69,613
712,599,68,619
720,676,68,570
718,682,0,567
718,718,0,544
714,718,0,544
716,720,0,543
718,723,0,541
712,585,68,628
718,669,1,575
711,583,69,630
716,678,1,569
718,711,1,549
720,694,68,559
711,644,0,591
716,703,0,553
718,714,0,546
716,585,68,628
712,655,0,584
718,707,1,551
718,597,69,621
716,662,1,580
721,655,69,584
711,626,0,602
720,709,0,550
709,586,0,627
718,702,0,555
716,588,68,626
714,655,0,584
716,586,69,627
718,673,1,573
716,588,69,626
712,637,1,596
716,588,68,626
712,642,0,592
716,588,68,626
714,675,0,571
718,712,0,548
712,583,68,630
709,599,1,619
718,595,69,622
709,606,1,615
720,703,1,553
709,604,0,616
720,702,0,554
709,622,0,605
718,707,0,551
709,570,0,638
718,698,0,557
718,714,1,546
720,720,1,543
709,613,1,610
716,702,1,554
716,714,0,547
716,718,0,544
716,721,0,542
716,723,0,541
725,727,0,538
729,729,0,537
730,729,1,537
730,736,1,533
709,703,0,553
709,705,0,552
712,709,0,550
712,705,1,552
709,709,1,550
714,711,0,549
709,707,0,551
712,709,0,550
712,707,0,551
711,711,0,549
712,711,0,549
714,714,0,547
716,714,0,546
712,712,0,548
716,712,1,548
712,712,1,548
709,714,1,547
716,716,1,545
714,714,0,547
716,714,0,547
711,714,0,547
714,714,0,546
716,718,0,544
718,718,0,544
716,716,1,545
716,714,1,546
712,714,1,546
716,714,1,547
716,718,1,544
712,720,1,543
712,721,0,542
718,727,0,539
720,675,68,571
711,635,0,597
712,709,1,550
709,721,1,542
712,718,1,544
714,720,1,543
712,716,0,545
716,720,0,543
712,718,0,544
709,716,0,545
714,720,0,543
716,721,0,542
718,723,1,541
712,718,1,544
712,714,1,546
712,711,0,549
712,711,0,549
712,712,0,548
714,714,0,547
716,714,1,546
718,716,1,545
712,716,0,545
712,711,0,549
712,711,0,549
714,712,0,548
712,711,0,549
711,712,0,548
718,714,0,547
716,714,0,546
712,714,1,546
716,588,69,626
712,682,0,567
711,707,0,551
711,711,0,549
712,712,0,548
712,714,0,546
714,716,0,545
714,718,0,544
718,720,0,543
718,721,1,542
712,594,69,623
709,606,1,615
720,615,69,609
711,597,68,621
721,637,68,596
707,612,0,611
718,702,0,554
718,716,0,545
705,599,0,619
718,702,1,555
711,599,69,620
718,696,1,558
718,716,1,545
711,595,68,622
720,698,0,557
711,599,68,620
712,626,0,602
712,595,68,622
716,687,0,563
718,714,1,547
718,716,1,545
718,720,1,543
720,721,1,542
709,579,68,632
718,694,0,559
720,714,0,547
720,718,0,544
718,720,0,543
718,720,0,543
716,720,1,543
718,718,1,544
718,718,1,544
718,720,1,543
714,721,0,542
718,723,0,541
714,723,0,541
714,723,0,541
712,720,0,543
720,721,0,542
723,725,0,540
725,727,1,539
709,693,0,560
712,696,1,558
712,702,1,555
718,703,0,553
716,707,0,551
718,613,68,610
714,667,0,576
718,703,0,553
720,714,0,547
712,628,0,601
716,703,0,553
718,714,1,546
720,689,69,562
712,642,1,592
720,711,0,549
712,613,0,610
716,588,68,626
718,671,0,574
711,613,0,610
718,712,0,548
712,590,68,625
709,603,1,617
714,592,69,624
716,680,1,568
721,635,69,597
712,592,68,624
709,592,68,624
718,694,0,559
720,714,0,547
718,721,0,542
716,669,0,575
718,646,69,590
720,700,1,556
711,588,69,626
718,666,1,577
707,617,0,608
720,709,0,550
709,585,68,629
718,684,0,566
709,630,0,600
718,707,0,551
714,581,69,631
716,682,1,567
718,714,1,547
707,570,1,638
714,702,0,555
716,718,0,544
716,723,0,541
716,723,0,541
716,720,0,543
712,720,0,543
712,716,1,545
718,720,1,543
712,716,0,545
718,720,0,543
721,721,0,542
723,721,0,542
723,720,0,543
723,720,0,543
709,687,0,563
709,687,1,563
709,691,1,561
711,694,0,559
707,698,0,557
712,700,0,556
712,700,0,556
711,702,0,555
707,702,0,555
707,702,0,555
712,702,0,554
711,702,0,555
712,703,1,553
716,703,1,553
712,707,0,551
716,707,0,551
716,711,0,549
712,709,0,550
714,712,0,548
720,714,0,546
712,624,0,603
716,702,0,555
716,714,1,546
716,721,1,542
716,725,0,540
716,727,0,539
716,727,0,539
718,727,0,539
718,727,0,538
718,727,0,539
718,727,0,538
718,727,0,538
718,727,1,539
720,727,1,538
711,579,69,632
716,682,1,567
718,718,0,544
707,583,0,630
718,700,0,556
718,720,0,543
718,721,0,542
718,727,0,539
718,727,1,539
718,727,1,539
718,727,1,539
718,727,1,539
716,727,0,539
716,723,0,541
716,723,0,541
712,720,0,543
716,721,0,542
718,723,0,541
712,572,69,637
712,675,1,571
718,709,1,550
718,720,0,543
718,720,1,543
712,608,69,614
709,599,69,620
709,599,69,620
709,644,0,591
712,705,0,552
716,714,0,547
716,716,0,545
720,721,0,542
709,588,68,626
712,694,0,559
720,628,69,601
709,585,69,628
716,698,1,557
716,588,69,626
716,673,0,573
718,714,1,547
716,720,0,543
714,720,0,543
716,720,0,543
712,720,0,543
711,716,1,545
709,714,1,546
712,716,1,545
716,723,1,541
721,725,0,540
725,727,0,539
725,727,0,539
721,725,0,540
711,572,68,636
718,676,0,570
714,583,68,630
712,657,0,583
718,702,1,554
718,712,1,548
716,594,68,623
707,608,0,614
718,702,0,554
716,601,68,618
711,599,68,620
709,601,68,618
707,621,0,606
718,702,0,554
720,714,1,546
714,603,69,617
712,606,68,615
707,608,0,614
720,635,68,597
718,685,0,565
712,610,68,613
714,664,0,578
712,606,68,615
721,675,68,571
711,608,69,614
709,610,69,613
714,612,69,612
714,610,69,613
709,601,68,618
718,698,0,557
709,608,68,614
721,667,68,576
714,658,0,582
714,608,68,614
709,626,1,602
716,608,69,614
709,601,1,618
720,702,1,554
709,635,0,597
712,603,68,617
711,599,68,619
721,612,68,611
707,595,0,622
720,709,68,550
716,667,1,576
716,597,69,621
707,590,1,625
721,646,69,590
714,595,69,622
711,594,69,623
709,606,0,615
716,588,68,626
712,680,0,568
718,714,0,546
730,727,1,539
738,725,0,540
736,729,0,537
736,732,0,535
736,732,0,535
734,730,1,536
734,730,1,536
736,732,0,535
738,732,0,535
739,732,0,535
743,738,0,532
745,741,0,530
747,743,0,528
711,572,68,637
712,572,68,637
709,576,1,634
712,568,69,639
720,619,68,607
714,610,0,613
709,570,0,638
712,574,68,635
720,640,68,593
711,597,0,621
712,577,68,633
721,631,68,599
712,583,69,630
709,585,69,628
709,585,69,628
718,671,1,574
707,588,0,626
718,694,0,559
709,586,68,627
718,687,0,564
714,595,68,622
707,612,0,612
720,700,1,556
714,649,1,587
709,594,69,623
718,608,69,614
718,675,0,571
716,599,68,619
709,594,68,623
720,644,68,591
707,612,0,611
718,649,68,588
709,635,1,597
712,597,69,621
721,691,69,561
707,606,1,615
720,610,68,613
712,594,68,623
712,639,0,594
711,588,68,626
718,687,0,563
707,595,0,622
720,606,69,615
711,585,69,628
709,583,69,630
716,657,1,583
709,576,69,634
718,687,1,563
720,709,1,550
709,572,69,636
716,675,0,571
718,707,0,551
718,714,1,547
716,714,1,546
716,714,1,547
716,714,1,547
712,714,1,547
721,714,1,547
723,714,0,546
725,714,0,547
725,714,0,546
716,702,0,555
712,702,0,555
707,698,1,557
709,696,1,558
709,698,1,557
705,696,1,558
712,700,0,556
707,698,0,557
711,698,0,557
707,698,0,557
711,700,0,556
716,702,0,554
709,702,1,554
705,698,1,557
712,698,1,557
716,703,0,553
712,581,68,631
716,682,0,567
716,707,1,551
718,712,1,548
720,662,68,579
716,669,0,575
712,594,68,623
718,626,69,602
714,684,1,566
720,633,69,598
716,642,1,592
712,585,68,629
718,675,0,571
714,594,68,623
718,676,0,570
718,610,68,613
714,651,0,586
720,714,1,546
718,723,1,541
718,725,1,540
725,727,1,539
729,729,0,537
729,729,0,537
729,727,0,538
729,727,0,538
730,727,0,538
729,727,0,539
725,727,1,539
723,723,1,541
721,720,1,543
721,718,1,544
721,716,0,545
723,702,0,554
725,707,0,551
707,554,0,648
720,610,69,613
709,565,1,641
720,612,68,612
709,568,0,639
720,675,0,571
709,568,68,639
716,675,0,571
716,702,0,554
718,711,0,549
716,714,0,547
716,714,1,547
718,714,1,546
718,716,0,545
720,718,0,544
712,594,68,623
711,639,0,594
718,703,0,553
716,599,68,620
709,669,0,575
716,705,0,552
721,687,69,563
712,597,69,621
709,594,69,623
718,694,1,559
718,711,0,549
718,714,0,547
716,714,0,546
721,631,68,599
705,606,0,615
718,702,0,555
716,595,69,622
712,657,1,583
718,703,1,553
714,595,69,622
707,628,0,601
712,702,0,555
718,714,0,547
720,599,68,619
709,653,0,585
716,703,0,553
718,714,1,547
718,716,1,545
718,716,1,545
718,721,1,542
718,725,0,540
716,583,68,630
714,673,0,573
718,712,0,548
723,718,0,544
727,723,0,541
730,727,1,538
736,734,1,534
734,736,0,533
734,732,0,535
732,730,0,536
730,730,0,536
729,729,0,537
730,729,0,537
730,729,0,537
727,727,0,539
711,682,0,567
714,687,1,563
716,698,1,557
721,703,0,553
725,712,0,548
727,714,0,547
709,583,0,630
714,567,68,640
718,649,0,588
711,567,68,640
716,644,0,591
718,585,69,629
711,608,1,614
716,696,0,558
712,707,0,551
712,711,0,549
716,714,0,547
718,716,0,545
721,603,68,617
712,594,68,623
709,597,68,621
707,619,1,607
716,698,1,557
714,711,0,549
716,714,0,546
716,718,0,544
718,718,0,544
718,622,68,605
709,599,68,620
711,603,68,617
707,606,0,615
716,700,1,556
718,716,1,545
721,675,69,571
709,599,69,619
716,691,0,561
721,684,68,566
709,601,68,618
716,684,0,566
718,714,0,547
712,601,68,618
714,662,0,579
712,711,1,549
718,716,1,545
716,718,1,544
716,718,1,544
712,716,0,545
712,718,0,544
711,716,0,545
714,720,0,543
716,594,68,623
712,648,0,589
721,606,69,615
712,635,1,597
718,711,1,549
727,720,1,543
732,727,0,539
738,734,0,534
739,741,0,530
739,741,0,529
739,741,0,530
739,741,0,530
739,739,1,531
736,738,1,532
736,736,1,533
734,732,0,535
718,694,0,559
721,702,0,555
720,615,68,609
716,648,0,589
712,585,68,628
716,635,0,597
712,590,68,625
709,594,1,623
716,599,69,619
714,637,0,596
712,603,68,617
716,682,0,567
711,597,68,621
720,700,68,556
707,601,0,618
712,603,68,617
718,673,0,573
709,599,69,619
716,624,69,604
721,655,69,584
712,604,69,616
709,603,68,617
716,610,68,613
711,604,68,616
709,604,68,616
709,608,0,614
716,608,68,614
712,608,69,614
716,644,1,591
716,610,69,613
712,608,69,614
709,610,68,613
709,606,68,615
711,608,68,614
714,613,68,610
714,612,68,612
712,610,68,613
711,606,69,615
709,603,69,617
709,610,1,613
716,606,69,615
709,599,69,619
716,655,1,584
712,599,68,620
716,676,0,570
711,597,68,621
716,676,0,570
712,594,69,623
720,680,1,568
709,612,1,611
730,702,1,554
736,729,0,537
734,730,0,536
736,732,0,535
736,734,0,534
739,736,0,533
743,741,1,530
748,745,1,527
750,750,1,524
754,754,1,522
754,752,0,523
730,599,68,620
712,590,68,625
709,588,68,626
709,588,68,626
714,597,68,621
712,635,1,597
712,597,69,621
707,599,1,619
718,698,1,557
714,608,68,614
709,603,68,617
709,603,68,617
709,604,68,616
721,662,68,579
714,613,68,610
716,617,69,608
716,619,69,607
718,622,69,605
718,624,69,604
718,624,68,604
720,628,68,601
723,631,68,599
725,635,68,597
727,637,68,595
727,637,68,595
727,639,69,594
729,640,69,593
730,640,69,593
732,644,69,591
734,644,68,591
734,644,68,591
736,646,69,590
736,642,69,592
730,630,68,600
729,628,68,601
729,624,69,603
727,622,69,605
725,621,69,606
725,619,69,607
725,615,68,609
748,745,0,527
752,748,1,525
754,752,1,523
756,754,0,522
759,756,0,520
763,763,0,516
750,628,68,601
739,622,68,605
734,621,68,606
730,621,68,606
727,619,68,607
725,621,68,606
739,649,68,588
770,772,0,510
770,772,0,510
754,628,68,601
745,621,68,606
743,619,68,607
739,617,68,608
738,615,69,609
736,615,69,609
734,613,68,610
732,617,68,608
732,617,68,608
732,619,68,607
730,619,68,607
730,621,68,606
734,624,68,604
734,624,68,603
734,626,69,602
734,628,69,601
736,631,68,599
736,631,68,599
736,633,68,598
741,635,68,597
741,633,68,598
739,633,68,598
739,630,68,600
738,628,68,601
738,626,69,602
738,624,69,603
736,624,68,603
736,624,68,604
734,622,68,605
732,619,68,607
730,621,68,606
730,619,68,607
730,617,68,608
729,615,68,609
727,612,69,611
779,770,0,511
779,770,0,511
714,601,68,618
714,597,68,621
714,604,69,616
712,597,69,621
712,594,69,623
712,597,69,621
711,594,68,623
709,590,68,625
720,687,68,564
712,595,68,622
711,594,68,623
711,595,68,622
711,599,69,619
711,597,69,621
711,597,69,621
709,597,69,621
711,597,68,621
709,597,68,621
709,595,68,622
716,599,68,620
711,592,68,624
718,669,0,575
712,594,69,623
711,595,69,622
709,594,69,623
718,662,1,580
712,594,68,623
709,608,0,614
720,694,0,559
711,588,68,626
718,675,0,571
712,586,68,627
747,736,0,533
743,619,68,607
730,610,68,613
723,603,68,617
718,597,68,621
712,592,69,624
711,588,69,626
718,651,0,586
712,590,68,625
709,588,68,626
718,666,0,577
714,586,68,627
712,630,0,600
718,698,0,557
720,707,68,551
707,583,1,630
716,685,1,565
718,703,1,553
712,583,69,630
716,675,0,572
718,702,0,554
718,711,0,549
709,579,68,632
712,671,0,574
714,698,0,557
712,702,1,554
714,702,1,554
716,705,1,552
718,707,1,551
720,709,68,550
709,572,68,637
718,675,0,571
716,576,68,634
716,649,0,588
720,696,0,558
709,574,69,635
718,664,1,578
716,579,69,632
709,604,1,616
718,581,68,631
714,633,0,598
712,576,68,634
712,669,0,575
712,696,0,558
712,702,0,555
714,703,1,553
718,705,1,552
718,711,1,549
718,712,1,548
714,576,68,634
727,673,0,573
734,703,0,553
739,720,0,543
739,727,0,539
743,727,0,538
739,727,1,538
739,727,1,539
738,727,0,538
738,727,0,538
736,727,0,539
738,727,0,539
739,727,0,539
730,707,0,551
730,707,0,551
730,707,0,551
732,709,0,550
734,712,1,548
736,714,1,547
712,576,68,634
716,667,0,576
712,691,0,561
712,696,0,558
716,716,0,545
718,613,68,610
712,604,68,616
709,599,68,619
716,689,1,562
718,714,1,546
718,720,1,543
712,604,69,616
709,601,68,618
718,682,0,567
714,608,68,614
709,604,68,616
709,608,68,614
709,610,68,613
709,610,69,613
711,613,69,610
712,612,69,612
712,612,69,611
714,613,68,610
712,612,68,611
712,613,68,610
714,613,68,610
712,613,68,610
712,613,68,610
714,619,69,607
714,613,69,610
716,615,69,609
714,617,69,608
714,615,69,609
714,612,68,611
712,612,68,612
712,612,68,612
712,612,68,611
709,608,68,614
712,640,0,593
712,606,69,615
707,610,1,613
716,606,69,615
714,649,1,587
711,601,68,618
718,691,0,561
711,597,68,621
716,698,0,557
716,723,0,541
718,727,0,539
727,732,1,535
730,703,0,553
730,709,0,550
729,711,0,549
729,709,0,550
730,709,1,550
734,714,1,546
736,687,0,563
739,714,0,547
743,714,0,546
745,716,1,545
748,718,1,544
711,556,68,647
709,550,68,650
709,558,68,646
720,585,68,628
716,653,0,585
718,691,0,561
718,568,68,639
709,585,0,628
718,676,1,570
712,563,69,642
716,640,0,593
718,585,68,629
709,599,0,619
718,585,68,628
707,583,0,630
716,685,0,565
716,702,0,554
714,707,0,551
718,711,1,549
720,594,69,623
712,585,69,629
712,651,1,586
716,700,0,556
716,707,0,551
714,712,0,548
716,712,0,548
721,603,68,617
709,581,68,631
716,682,1,567
716,705,1,552
716,711,1,549
718,588,69,626
711,585,68,629
712,671,0,574
712,702,0,554
718,711,0,549
718,588,68,626
711,612,0,611
716,696,1,558
718,711,1,549
712,583,69,630
709,594,1,623
720,594,69,623
711,633,1,598
720,698,0,557
709,576,68,634
718,675,0,572
711,574,68,635
718,669,1,575
716,585,69,629
712,619,1,607
718,707,1,551
718,721,1,542
727,723,1,541
730,727,0,539
734,727,0,539
734,727,0,538
736,727,0,538
734,729,0,537
734,732,1,535
732,732,1,535
725,702,0,554
707,640,0,593
716,667,0,576
714,702,0,554
718,707,1,551
716,711,1,549
716,714,0,546
718,716,0,545
714,716,0,545
716,718,0,544
712,714,0,546
711,716,0,545
712,716,0,545
712,718,0,544
714,720,1,543
716,720,1,543
718,723,1,541
718,723,1,541
716,588,68,626
711,621,0,606
720,705,0,552
712,590,68,625
712,648,0,589
718,707,0,551
718,716,1,545
720,619,69,607
709,588,69,626
718,687,1,564
718,714,0,546
709,588,68,626
720,673,68,573
707,597,0,621
718,702,0,555
718,718,0,544
712,590,69,625
709,612,1,612
711,585,69,629
718,684,1,566
714,588,68,626
712,617,1,608
720,707,0,551
718,716,0,545
718,723,0,541
720,725,68,540
709,595,1,622
720,702,1,554
707,576,1,634
716,694,1,559
716,714,1,546
718,723,1,541
718,727,0,538
714,727,0,539
714,727,0,539
714,727,0,539
721,723,1,541
725,721,1,542
727,721,1,542
730,721,1,542
730,727,0,539
729,727,0,539
729,725,0,540
725,714,0,546
709,583,0,630
716,687,0,564
709,567,68,640
718,675,0,572
707,583,1,630
716,689,1,562
716,709,0,550
718,714,0,546
718,720,0,543
709,576,68,634
718,691,0,561
709,581,68,631
720,684,0,566
709,594,0,623
712,585,69,629
718,685,1,565
711,586,68,627
720,653,0,585
709,604,0,616
718,702,0,554
709,626,0,602
720,707,0,551
707,592,0,624
718,696,0,558
709,590,69,625
720,696,69,558
714,664,1,578
707,595,1,622
720,631,68,599
709,637,0,595
720,689,68,562
707,617,0,608
720,702,0,554
707,594,0,623
720,696,1,558
709,586,1,627
718,693,1,560
711,585,69,628
716,687,0,564
718,711,0,549
720,603,68,617
707,601,0,618
718,698,0,557
718,714,0,547
709,572,69,636
725,653,1,585
730,703,1,553
734,718,1,544
734,723,0,541
736,727,0,538
736,734,0,534
734,736,0,533
734,738,0,532
732,734,0,534
732,734,1,534
734,732,1,535
732,716,0,545
734,720,0,543
716,604,0,616
709,558,68,645
718,572,69,637
718,631,1,599
716,574,68,635
716,606,0,615
712,576,68,634
711,673,0,573
714,707,0,551
716,714,0,547
718,718,0,544
718,720,0,543
714,588,69,626
711,630,1,600
718,705,0,552
712,588,68,626
716,662,0,580
709,588,68,626
716,693,0,560
716,597,68,621
714,673,0,573
718,639,68,594
718,691,1,561
718,718,1,544
716,682,1,567
712,646,0,590
709,603,68,617
720,700,0,556
707,606,0,615
721,658,68,582
718,693,0,560
707,599,0,620
718,702,0,554
709,590,69,625
718,698,1,557
712,666,1,577
720,714,69,547
716,678,0,569
711,595,68,622
712,651,0,586
716,612,68,611
718,696,0,558
718,716,0,545
718,734,1,534
711,585,69,629
720,678,1,569
707,579,1,632
721,615,68,609
711,628,0,601
729,698,0,557
736,723,0,541
738,736,0,533
739,741,0,530
739,741,1,529
739,741,1,529
738,741,0,530
736,739,0,531
736,739,0,531
736,738,0,532
734,736,0,533
712,687,0,563
716,687,0,563
718,696,0,558
721,705,0,552
725,714,0,547
732,718,1,544
738,727,1,539
738,729,0,537
709,581,0,631
714,610,0,613
716,574,68,635
716,626,0,602
718,702,0,554
718,716,0,545
716,585,68,629
711,585,69,629
709,585,69,628
709,586,68,627
720,682,68,567
714,597,68,621
712,595,68,622
707,603,0,617
721,615,68,609
714,595,68,622
709,594,68,623
721,615,69,609
718,601,69,618
711,597,68,621
709,612,0,612
718,610,68,613
707,608,0,614
718,622,68,605
709,599,68,620
716,675,0,572
712,603,68,617
709,599,69,619
721,693,69,560
711,599,68,619
709,601,1,618
718,613,68,610
712,601,68,618
709,597,68,621
714,653,0,585
716,601,68,618
709,597,68,621
712,644,1,591
714,597,69,621
712,651,1,586
716,595,69,622
709,619,0,607
720,707,0,551
709,586,68,627
716,694,0,559
718,635,68,597
712,662,0,580
716,711,1,549
716,716,1,545
743,714,0,546
736,721,0,542
734,727,0,539
732,727,0,538
730,729,0,537
732,730,1,536
734,732,1,535
739,736,0,533
743,741,0,530
747,745,0,527
748,750,0,524
752,754,0,521
754,757,0,519
730,601,68,618
721,592,68,624
716,588,69,626
709,586,69,627
716,662,0,580
718,597,68,621
716,599,68,619
711,595,68,622
709,597,68,621
716,687,0,564
712,601,68,618
709,601,68,618
709,604,69,616
711,608,69,614
711,610,68,613
712,612,68,612
712,612,68,611
714,615,68,609
716,617,68,608
716,622,68,605
718,621,68,606
718,622,68,605
718,622,69,605
718,622,69,605
720,626,68,602
721,626,68,602
721,624,68,603
721,628,68,601
725,633,68,598
725,633,68,598
725,631,68,599
725,631,68,599
725,630,69,600
727,635,69,597
727,633,68,598
727,631,68,599
727,628,68,601
725,626,68,602
725,624,68,603
725,624,68,603
721,622,68,605
723,622,68,605
721,622,69,605
723,619,69,607
718,619,69,607
718,615,69,609
727,615,68,609
725,612,68,611
721,612,68,612
720,610,68,613
720,612,69,611
721,613,69,610
720,617,68,608
721,615,68,609
721,622,68,605
721,622,68,605
721,615,68,609
720,613,68,610
718,615,68,609
718,617,68,608
718,615,69,609
721,621,69,606
721,621,68,606
721,622,69,605
721,621,68,606
721,621,68,606
721,622,68,605
723,622,68,605
723,619,68,607
723,621,68,606
721,621,69,606
721,621,69,606
721,622,68,605
721,619,68,607
720,617,68,608
721,621,68,606
721,617,68,608
718,615,68,609
718,615,68,609
718,613,68,610
720,615,69,609
718,613,69,610
716,612,69,611
716,610,69,613
716,610,68,613
716,612,68,611
714,606,68,615
712,606,68,615
712,606,68,615
752,747,0,526
748,745,0,527
750,741,0,530
727,595,68,622
712,585,69,628
709,581,1,631
716,689,0,562
716,712,0,548
714,714,0,546
714,716,0,545
716,716,0,545
718,720,0,543
716,585,68,629
712,631,0,599
718,702,1,554
712,583,69,630
714,649,1,588
720,597,69,621
709,585,68,629
714,682,0,567
716,709,0,550
720,714,0,546
712,594,68,623
709,612,0,612
718,702,1,554
714,599,69,620
709,592,69,624
718,684,1,566
721,666,68,577
709,621,0,606
716,707,0,551
718,720,0,543
712,594,68,623
712,657,0,583
718,712,0,548
716,601,69,618
711,597,69,621
716,664,1,578
716,599,69,620
709,617,1,608
718,709,1,550
712,599,68,620
709,599,68,619
712,646,0,590
720,711,68,549
711,599,69,620
709,595,69,622
716,655,1,584
720,603,69,617
714,648,1,589
718,599,69,620
714,660,1,581
716,718,1,544
716,727,0,539
709,626,0,602
734,727,0,539
738,727,0,538
741,729,0,537
745,739,0,531
748,741,1,529
752,748,1,525
748,747,0,526
752,747,0,526
736,606,68,615
723,599,68,620
718,595,68,622
716,595,68,622
711,594,68,623
712,648,0,589
718,709,1,550
718,720,1,543
720,727,0,539
718,610,68,613
714,604,68,616
712,608,68,614
712,608,68,614
711,610,68,613
712,610,68,613
712,613,68,610
714,615,69,609
714,615,69,609
716,617,69,608
716,622,69,605
718,624,68,604
718,624,68,604
718,621,68,606
718,622,68,605
720,626,68,602
720,624,68,603
720,626,69,602
721,628,69,601
721,631,69,599
721,628,69,601
721,626,68,602
720,628,68,601
720,624,68,603
721,628,68,601
721,622,68,605
720,624,68,604
721,626,69,602
721,624,69,603
720,626,69,602
720,624,69,603
720,622,68,605
720,622,68,605
718,617,68,608
716,617,68,608
714,612,68,611
711,604,68,616
711,603,69,617
718,685,1,565
712,597,69,621
716,651,1,586
709,599,69,620
736,633,68,598
734,633,68,598
734,631,68,599
730,635,68,597
732,631,68,599
732,631,69,599
732,633,69,598
732,635,68,597
732,637,68,596
734,637,68,595
734,639,68,594
734,637,68,595
734,639,68,594
736,639,68,594
734,637,68,595
734,642,69,592
739,646,68,590
736,637,68,596
739,637,68,595
739,639,69,594
739,630,69,600
736,622,69,605
732,619,69,607
750,631,68,599
739,624,68,603
736,622,68,605
734,622,68,605
734,622,69,605
730,622,69,605
732,626,68,602
730,624,68,603
730,624,68,603
730,631,68,599
721,615,68,609
730,624,68,603
732,624,68,603
725,624,68,604
725,622,68,605
723,622,68,605
725,622,69,605
723,624,69,603
725,626,69,602
725,624,69,603
723,622,68,605
725,624,68,603
725,626,68,602
723,624,68,603
721,622,68,605
723,621,68,606
720,622,69,605
721,619,69,607
712,608,0,614
716,595,68,622
712,595,68,622
714,599,69,620
712,612,1,611
709,595,68,622
712,599,68,619
721,651,68,586
714,621,0,606
709,594,68,623
720,664,0,578
709,597,68,621
718,624,68,603
712,601,69,618
711,603,69,617
711,604,68,616
711,608,69,614
712,603,68,617
712,608,68,614
712,603,68,617
711,608,68,614
712,610,68,613
711,604,68,616
709,604,69,616
711,604,69,616
709,601,69,618
709,624,1,604
721,635,68,597
712,601,68,618
711,599,68,619
718,685,0,565
712,599,68,619
716,675,0,571
716,599,69,619
716,649,1,587
716,711,1,549
716,720,1,543
718,723,0,541
716,723,0,541
716,723,0,541
714,721,0,542
743,748,0,525
741,747,0,526
727,714,0,546
727,716,0,545
730,720,0,543
732,725,0,540
734,727,0,538
739,729,1,537
745,732,1,535
750,736,0,533
752,743,0,528
754,745,0,527
725,581,68,631
716,574,68,635
714,577,68,633
711,577,68,633
709,577,68,633
721,628,69,601
712,585,69,628
709,585,69,628
709,588,69,626
716,666,0,577
716,712,0,548
718,720,0,543
718,723,0,541
720,727,0,539
711,599,68,620
718,687,1,563
711,599,69,619
721,635,69,597
712,601,69,618
709,601,68,618
712,660,0,581
718,714,0,546
711,608,68,614
712,604,68,616
709,606,68,615
707,610,1,613
720,707,1,551
716,612,69,612
712,608,69,614
709,604,68,616
718,687,0,564
718,612,68,612
711,603,68,617
711,606,68,615
709,603,68,617
711,644,1,591
721,694,69,559
712,658,1,582
720,716,1,545
714,599,68,620
707,594,0,623
716,702,0,554
716,720,0,543
718,727,0,539
718,727,0,539
718,727,0,539
748,716,0,545
739,727,0,539
738,730,0,536
736,736,1,533
736,732,1,535
736,729,0,537
739,734,0,534
741,736,0,533
745,741,0,529
732,599,69,619
721,594,69,623
718,590,68,625
712,590,68,625
711,590,68,625
711,637,0,596
720,712,0,548
714,599,68,619
712,601,68,618
712,604,68,616
712,604,69,616
712,610,69,613
714,612,68,611
716,613,68,610
718,619,68,607
718,622,68,605
720,622,68,605
720,624,68,604
721,626,68,602
723,628,68,601
732,642,68,592
734,648,68,589
736,648,68,589
736,649,68,588
739,651,68,586
739,655,68,584
741,653,69,585
743,655,69,584
745,655,69,584
748,662,69,579
748,660,68,581
741,640,68,593
741,642,68,592
741,646,68,590
743,648,68,589
743,653,68,585
745,653,68,585
747,658,68,582
748,658,69,582
748,660,69,581
748,662,69,579
763,680,68,568
763,682,68,567
783,797,0,495
790,801,0,492
788,801,0,492
779,799,0,494
784,799,1,494
788,797,1,495
790,799,0,494
790,799,0,494
790,799,0,494
790,799,0,494
790,799,0,494
790,797,0,495
790,795,0,496
790,793,0,497
788,792,1,498
788,792,1,498
788,790,0,499
788,792,0,498
786,790,0,499
786,790,0,499
786,788,0,500
784,786,0,501
748,653,68,585
750,657,68,583
752,658,68,582
752,657,68,583
752,660,68,581
752,657,68,583
752,662,68,580
754,658,69,582
752,660,69,581
752,655,69,584
752,657,69,583
752,658,68,582
752,657,68,583
786,797,0,495
784,792,0,498
784,790,0,499
786,792,0,498
786,792,0,498
786,792,1,498
786,790,1,499
784,788,0,500
784,788,0,500
784,786,0,501
784,786,0,501
784,786,0,501
784,786,0,501
784,786,0,501
783,784,0,503
790,797,0,495
781,793,0,497
783,793,0,497
788,793,0,497
786,792,1,498
786,790,1,499
784,788,0,500
784,786,0,501
786,786,0,501
786,786,0,501
786,784,0,502
784,784,0,502
784,784,0,502
784,784,0,502
784,784,1,502
783,784,1,502
781,783,0,504
781,779,0,506
779,779,0,506
727,615,68,609
725,612,68,612
721,612,68,611
723,615,69,609
783,784,0,503
783,781,0,505
781,779,0,506
783,779,0,506
783,779,1,506
784,779,1,506
783,777,0,507
783,777,0,507
783,775,0,508
781,775,0,508
781,775,0,508
781,775,0,508
781,774,0,509
781,775,0,508
736,646,68,590
738,648,68,589
739,649,68,588
739,651,68,586
739,649,68,587
741,651,68,586
741,653,68,585
743,653,68,585
743,653,68,585
745,660,68,581
743,657,68,583
745,660,68,581
748,662,68,579
745,655,68,584
736,642,68,592
738,646,68,590
738,646,68,590
738,649,68,588
739,653,68,585
741,651,68,586
745,658,68,582
745,660,68,581
743,653,68,585
743,655,68,584
745,655,68,584
745,653,68,585
743,655,68,584
743,653,68,585
743,653,68,585
745,657,68,583
745,653,68,585
741,651,68,586
736,644,68,591
738,646,68,590
739,649,68,588
741,649,68,587
743,651,68,586
743,653,68,585
743,653,68,585
745,658,68,582
747,653,68,585
743,657,68,583
747,657,68,583
747,657,68,583
745,655,68,584
748,657,68,583
748,660,68,581
747,657,68,583
747,657,68,583
745,655,68,584
747,657,68,583
747,655,68,584
747,653,68,585
741,633,68,598
743,635,68,597
747,637,68,595
747,640,68,593
745,655,68,584
743,653,68,585
743,655,68,584
747,657,68,583
748,660,68,581
750,660,68,581
750,662,68,579
752,664,68,578
750,662,68,580
750,662,68,579
752,666,68,577
754,666,68,577
754,666,68,577
754,666,68,577
754,666,68,577
754,662,68,580
754,664,68,578
754,664,68,578
754,664,68,578
752,662,68,580
754,662,68,579
729,649,68,587
730,649,68,587
730,649,68,587
730,649,68,588
730,651,68,586
730,651,69,586
730,653,69,585
734,657,69,583
734,655,69,584
734,657,69,583
734,655,68,584
734,657,68,583
734,658,68,582
736,660,68,581
734,658,68,582
736,658,68,582
734,660,69,581
736,662,69,580
736,658,69,582
736,658,69,582
723,648,69,589
725,646,68,590
725,649,68,587
725,651,68,586
727,653,68,585
727,653,68,585
727,657,68,583
727,655,69,584
721,624,68,604
727,631,68,599
712,630,68,600
718,630,69,600
718,626,69,602
720,617,68,608
720,615,69,609
718,615,69,609
716,617,68,608
730,655,69,584
730,657,68,583
732,658,68,582
734,660,68,581
736,662,68,579
736,662,68,580
736,662,68,579
736,660,69,581
736,660,69,581
736,660,69,581
738,660,69,581
736,662,68,580
727,646,68,590
727,649,68,588
729,653,68,585
730,653,68,585
732,657,68,583
734,660,68,581
736,664,69,578
738,662,69,579
741,667,69,576
739,662,69,580
738,658,68,582
736,662,68,580
738,662,68,579
738,662,68,580
739,662,68,580
738,658,68,582
736,658,69,582
739,660,69,581
738,660,69,581
739,662,69,580
738,660,68,581
738,660,68,581
736,660,68,581
736,660,68,581
725,639,69,594
727,644,68,591
736,657,69,583
736,657,68,583
736,658,68,582
736,657,68,583
736,657,68,583
736,658,68,582
738,660,68,581
738,658,69,582
727,648,68,589
729,649,69,587
730,649,68,587
727,649,68,588
729,651,68,586
729,651,68,586
732,657,68,583
734,653,68,585
729,651,69,586
730,653,69,585
730,655,69,584
730,651,68,586
730,653,68,585
730,653,68,585
723,644,68,591
721,639,68,594
721,646,68,590
725,649,68,588
725,649,68,587
725,653,68,585
727,655,68,584
729,658,68,582
725,657,69,583
725,655,69,584
729,660,69,581
730,662,69,579
730,662,68,579
729,657,69,583
730,657,68,583
730,657,68,583
730,655,68,584
730,658,68,582
725,649,68,587
727,649,68,587
727,649,68,587
727,649,68,587
727,649,68,587
727,651,68,586
730,651,69,586
730,653,69,585
730,649,68,587
730,655,68,584
730,651,68,586
730,649,68,587
729,653,68,585
730,658,69,582
732,657,69,583
730,655,69,584
730,657,69,583
721,648,68,589
723,648,68,589
723,649,68,588
725,653,68,585
727,657,68,583
729,657,68,583
729,658,68,582
729,657,68,583
730,657,69,583
730,660,69,581
730,657,69,583
732,660,69,581
734,657,68,583
732,660,68,581
734,658,68,582
723,639,68,594
725,644,68,591
725,648,68,589
725,648,68,589
727,649,68,587
725,651,68,586
727,651,69,586
729,657,69,583
729,658,69,582
730,662,69,580
732,664,68,578
732,662,68,580
734,662,68,579
736,664,68,578
736,667,68,576
738,667,68,576
738,669,69,575
739,669,69,575
738,664,69,578
720,649,69,588
721,649,68,587
721,651,68,586
725,653,68,585
725,653,68,585
727,662,68,579
729,664,68,578
729,664,69,578
730,660,69,581
729,653,69,585
730,657,69,583
730,662,68,580
732,664,68,578
716,637,68,595
716,639,68,594
718,648,68,589
718,649,68,588
721,649,68,587
721,651,68,586
721,653,69,585
725,658,69,582
727,662,68,579
729,660,69,581
730,667,68,576
730,655,68,584
730,662,68,579
730,666,68,577
730,664,68,578
730,658,68,582
734,667,69,576
734,667,69,576
734,667,69,576
734,664,69,578
734,666,68,577
734,664,68,578
734,664,68,578
734,662,68,579
734,666,68,577
734,666,68,577
718,640,68,593
718,648,68,589
720,649,68,587
723,649,68,588
725,649,68,587
725,655,68,584
725,655,68,584
727,660,68,581
727,664,69,578
727,662,69,579
734,667,69,576
732,664,69,578
732,662,68,579
732,666,68,577
732,664,68,578
734,667,68,576
734,660,68,581
734,666,68,577
734,667,69,576
736,667,69,576
736,667,69,576
736,669,69,575
736,667,68,576
736,666,68,577
736,664,68,578
736,662,68,579
727,653,68,585
727,655,68,584
729,657,68,583
729,655,68,584
730,658,68,582
730,658,68,582
734,660,69,581
734,662,69,580
734,662,69,580
734,664,69,578
736,664,68,578
736,662,68,579
738,664,68,578
738,666,68,577
738,662,68,580
739,664,68,578
739,667,69,576
741,666,69,577
739,667,69,576
739,666,69,577
739,664,69,578
739,662,69,579
738,660,69,581
725,658,68,582
725,662,68,580
730,662,68,579
732,664,68,578
734,667,68,576
734,669,68,575
736,673,69,573
739,675,69,571
741,675,69,571
743,675,69,571
743,676,68,570
743,675,68,571
745,676,68,570
747,680,68,568
745,680,68,568
747,684,68,566
748,675,69,571
747,673,69,573
747,669,69,575
745,673,69,573
745,675,68,572
747,673,68,573
745,666,68,577
745,664,68,578
745,666,68,577
743,658,68,582
743,660,69,581
739,657,69,583
757,772,0,510
763,774,0,509
766,775,0,508
770,777,0,507
772,774,0,509
774,775,0,508
774,779,1,506
775,781,1,505
775,779,0,506
777,781,0,505
779,781,0,505
779,783,0,504
779,783,0,504
779,783,0,504
779,783,0,504
781,781,0,505
781,781,1,505
783,781,1,505
736,640,68,593
736,644,68,591
739,648,68,589
739,649,68,588
739,649,68,587
739,653,68,585
743,657,68,583
743,657,69,583
745,662,69,580
748,666,69,577
748,666,69,577
752,666,68,577
748,664,68,578
748,667,68,576
752,667,69,576
752,669,68,575
752,669,68,575
748,666,68,577
748,664,68,578
747,765,0,515
745,754,0,521
743,761,0,517
743,763,0,516
761,763,0,516
770,768,1,513
775,768,1,512
777,770,0,511
779,770,0,511
781,772,0,510
783,774,0,509
784,775,0,508
784,775,0,508
784,774,0,509
786,774,0,509
786,774,1,509
788,774,1,509
788,774,0,509
725,644,68,591
725,649,68,588
727,649,68,587
727,651,68,586
727,653,68,585
729,653,68,585
729,653,69,585
729,653,69,585
730,657,69,583
730,660,69,581
734,662,68,580
736,660,68,581
732,657,68,583
734,660,68,581
734,660,68,581
736,660,68,581
736,662,69,580
736,662,69,579
736,657,69,583
734,658,69,582
743,667,68,576
745,673,68,573
747,675,68,571
748,675,68,572
748,676,68,570
750,676,68,570
752,678,69,569
752,675,69,572
752,673,69,573
754,678,69,569
752,673,69,573
752,675,68,571
752,675,68,571
752,673,68,573
752,671,68,574
750,669,68,575
750,669,68,575
750,669,69,575
752,667,69,576
748,666,69,577
748,664,69,578
752,667,68,576
748,662,68,580
747,662,68,580
747,660,68,581
745,648,68,589
743,648,68,589
743,648,68,589
743,649,68,587
743,653,68,585
743,653,68,585
743,658,68,582
743,662,68,580
745,667,69,576
748,657,68,583
748,658,68,582
748,662,68,580
783,797,1,495
788,799,1,494
790,804,1,490
792,804,0,490
790,804,0,490
790,811,0,486
788,811,0,486
729,644,68,591
729,646,68,590
727,649,68,587
727,653,68,585
725,651,69,586
725,649,68,587
729,651,68,586
729,653,68,585
730,651,68,586
730,651,68,586
730,653,68,585
732,653,68,585
734,649,68,588
734,657,68,583
736,662,68,580
736,664,68,578
736,655,68,584
736,653,68,585
736,662,68,579
739,662,69,579
739,662,69,579
741,667,69,576
743,669,69,575
743,667,68,576
743,664,68,578
743,664,68,578
743,669,68,575
743,669,68,575
745,667,68,576
745,669,69,575
745,666,69,577
745,669,69,575
745,667,69,576
743,664,68,578
745,664,68,578
743,662,68,579
743,662,68,580
729,639,68,594
727,640,68,593
727,648,68,589
727,649,68,587
730,649,68,588
730,653,68,585
736,660,68,581
736,660,68,581
736,664,69,578
738,666,69,577
736,666,69,577
739,667,69,576
739,669,68,575
743,669,68,575
741,669,68,575
743,673,68,573
745,675,68,571
745,671,68,574
745,666,69,577
743,662,69,580
727,648,68,589
729,648,68,589
732,649,68,587
730,649,68,588
732,649,68,587
734,658,68,582
736,660,69,581
736,660,69,581
738,664,69,578
739,662,69,579
739,662,68,579
739,662,68,579
739,662,68,580
741,666,68,577
741,667,68,576
743,667,68,576
741,662,69,580
743,658,69,582
739,662,69,580
741,660,69,581
741,658,68,582
743,660,68,581
734,655,68,584
734,653,68,585
736,660,68,581
738,660,68,581
739,662,68,580
739,662,68,580
739,664,68,578
739,664,69,578
743,667,69,576
743,669,69,575
745,671,69,574
745,669,68,575
745,671,68,574
745,667,68,576
745,666,68,577
745,669,68,575
745,669,68,575
745,666,69,577
745,667,69,576
745,671,69,574
745,669,69,575
745,667,68,576
747,673,68,573
745,664,68,578
745,662,68,579
743,658,68,582
743,658,68,582
730,637,68,595
730,642,68,592
730,648,68,589
732,648,68,589
734,653,68,585
734,653,68,585
734,657,69,583
736,658,69,582
738,662,69,580
739,666,69,577
743,667,68,576
743,667,68,576
743,662,68,579
743,667,68,576
745,669,68,575
745,666,68,577
743,662,69,579
743,662,69,579
743,667,69,576
743,664,69,578
743,662,68,580
743,667,68,576
745,666,68,577
745,666,68,577
745,667,68,576
745,660,68,581
743,657,69,583
743,660,69,581
745,660,69,581
720,631,69,599
721,637,68,595
727,644,68,591
727,644,68,591
727,648,68,589
727,651,68,586
730,653,68,585
732,657,69,583
734,655,69,584
734,658,69,582
734,662,69,580
738,660,68,581
736,662,68,579
739,662,68,579
739,657,68,583
739,653,68,585
738,662,68,580
743,660,69,581
743,662,69,580
743,660,69,581
743,660,69,581
743,662,68,580
743,660,68,581
745,662,68,580
743,660,68,581
734,651,69,586
734,655,68,584
734,655,68,584
736,655,68,584
736,658,68,582
738,660,68,581
739,660,68,581
739,660,69,581
739,657,69,583
741,662,69,579
741,662,69,579
743,666,68,577
743,667,68,576
743,662,68,580
743,662,68,579
745,662,68,580
743,662,68,579
745,662,69,579
743,662,69,579
747,662,69,579
745,658,69,582
727,646,68,590
729,648,68,589
730,649,68,587
730,649,68,588
730,653,68,585
734,657,68,583
734,658,68,582
736,662,68,580
738,662,69,580
738,662,69,579
739,666,69,577
739,662,69,579
741,664,69,578
741,662,68,579
739,662,68,579
741,662,68,579
741,664,68,578
743,666,68,577
743,664,68,578
747,667,69,576
745,664,69,578
745,667,69,576
747,666,69,577
745,664,68,578
743,662,68,580
743,662,68,580
743,660,68,581
725,639,68,594
727,640,68,593
727,640,68,593
727,646,68,590
729,649,68,588
732,651,68,586
732,655,69,584
732,655,69,584
736,658,69,582
736,662,69,580
739,662,68,580
738,662,68,579
739,662,68,579
739,666,68,577
743,664,68,578
743,664,68,578
743,666,69,577
743,666,69,577
743,669,69,575
743,669,69,575
745,667,68,576
745,671,68,574
745,671,68,574
745,671,68,574
748,673,68,573
747,671,68,574
745,664,69,578
745,664,69,578
745,662,69,579
743,662,69,580
730,644,69,591
730,648,68,589
732,649,68,588
734,649,68,587
736,653,68,585
736,658,68,582
738,660,68,581
739,664,68,578
741,664,68,578
743,664,69,578
745,669,69,575
745,669,69,575
745,669,69,575
745,669,68,575
745,671,68,574
747,671,68,574
748,673,68,573
747,673,68,573
747,675,68,572
748,675,69,571
748,675,69,572
750,675,69,571
748,671,69,574
752,676,68,570
750,675,68,571
752,675,68,571
752,675,68,572
750,675,68,572
752,671,68,574
748,671,69,574
748,667,69,576
730,637,68,595
730,639,68,594
730,648,68,589
730,649,68,588
734,649,68,587
734,655,68,584
736,660,68,581
736,662,69,580
738,667,69,576
739,667,69,576
741,669,69,575
743,673,68,573
743,673,68,573
745,673,68,573
745,676,68,570
747,673,68,573
748,675,68,572
747,676,69,570
750,676,69,570
752,675,69,571
752,684,69,566
752,685,68,565
754,675,68,572
752,673,68,573
752,671,68,574
750,671,68,574
750,667,68,576
781,784,1,503
781,781,1,505
784,784,1,503
788,788,0,500
784,784,0,502
739,658,69,582
739,662,68,579
739,662,68,579
743,666,68,577
745,667,68,576
745,673,68,573
745,673,68,573
747,675,69,571
748,675,69,571
730,637,68,595
732,640,68,593
730,642,68,592
732,644,68,591
734,649,68,587
736,657,68,583
736,657,69,583
736,657,69,583
739,658,69,582
743,664,69,578
745,666,68,577
747,667,68,576
747,671,68,574
747,671,68,574
748,673,68,573
748,675,68,572
748,673,69,573
750,675,69,571
750,675,69,571
752,678,69,569
754,678,68,569
754,678,68,569
752,669,69,575
752,666,69,577
752,664,69,578
734,648,69,589
734,648,68,589
736,649,68,588
736,653,68,585
738,658,68,582
739,658,68,582
741,662,68,580
743,667,68,576
745,669,68,575
747,671,69,574
748,671,69,574
757,675,69,571
757,675,69,571
756,671,69,574
734,657,69,583
736,655,68,584
738,658,68,582
741,664,68,578
743,666,68,577
743,669,68,575
748,673,68,573
750,669,68,575
750,673,68,573
750,671,69,574
748,671,69,574
752,675,69,571
752,669,69,575
752,673,68,573
752,671,68,574
752,675,68,571
754,675,68,571
754,675,68,572
752,669,68,575
752,675,69,572
754,673,69,573
754,675,69,571
754,673,69,573
754,671,68,574
752,667,68,576
750,664,68,578
748,664,68,578
736,640,68,593
736,642,68,592
736,644,68,591
736,649,68,587
738,649,68,588
739,653,68,585
741,655,68,584
743,660,68,581
745,660,69,581
745,662,69,580
745,662,69,579
747,664,69,578
748,667,68,576
748,667,68,576
750,667,68,576
752,671,68,574
754,676,68,570
754,673,68,573
754,673,68,573
754,673,68,573
754,671,68,574
754,669,68,575
752,669,68,575
752,666,69,577
738,655,68,584
739,660,68,581
739,662,68,579
741,666,68,577
745,662,68,579
743,662,68,579
745,666,69,577
745,671,69,574
750,671,69,574
747,671,69,574
748,676,68,570
747,675,68,571
748,676,68,570
750,680,68,568
750,675,68,571
752,678,68,569
750,675,69,571
752,680,69,568
754,682,69,567
752,676,69,570
752,676,68,570
752,676,68,570
750,673,68,573
750,673,68,573
748,673,68,573
748,669,68,575
727,635,68,597
729,639,68,594
732,644,68,591
730,648,68,589
732,648,68,589
734,651,68,586
734,653,68,585
736,658,68,582
739,662,69,580
743,664,69,578
745,666,69,577
743,667,69,576
748,667,68,576
748,673,68,573
750,673,68,573
748,666,68,577
745,669,68,575
747,669,68,575
747,664,69,578
745,667,69,576
748,669,69,575
745,666,69,577
743,664,68,578
745,667,68,576
745,666,68,577
745,666,68,577
743,662,68,579
743,658,68,582
741,657,69,583
732,653,68,585
736,653,68,585
734,658,68,582
734,658,68,582
716,581,68,631
727,648,68,589
727,644,68,591
729,649,68,587
729,649,68,588
730,653,68,585
734,657,68,583
734,655,68,584
734,660,69,581
734,657,69,583
736,660,68,581
734,653,68,585
734,649,68,587
732,657,69,583
729,646,69,590
730,649,68,587
730,649,68,588
730,649,68,587
734,651,68,586
732,653,68,585
736,658,69,582
736,653,68,585
738,658,68,582
739,660,68,581
738,657,68,583
734,655,69,584
736,658,68,582
736,658,68,582
736,660,68,581
736,660,68,581
736,660,68,581
738,660,68,581
739,662,69,580
741,662,69,579
741,662,69,579
739,662,69,579
743,664,68,578
741,660,68,581
739,660,68,581
743,662,68,580
730,651,68,586
734,660,68,581
734,657,68,583
736,660,68,581
736,664,68,578
738,660,68,581
739,658,68,582
738,662,69,580
743,666,69,577
743,666,69,577
741,660,69,581
743,662,69,580
745,660,69,581
745,664,68,578
747,662,68,579
745,662,68,579
745,664,68,578
748,662,69,580
748,660,69,581
738,649,69,587
738,651,68,586
738,653,68,585
739,657,68,583
739,658,68,582
741,658,68,582
741,657,68,583
739,657,69,583
741,657,69,583
741,657,69,583
741,655,69,584
739,653,68,585
727,644,68,591
729,646,68,590
730,648,68,589
730,649,68,588
732,649,68,587
734,651,68,586
734,653,68,585
736,653,68,585
736,657,69,583
738,651,69,586
736,653,68,585
738,655,69,584
738,655,68,584
738,653,68,585
738,655,68,584
739,657,68,583
734,651,68,586
734,653,68,585
736,651,68,586
736,655,68,584
738,657,68,583
739,660,68,581
739,658,68,582
739,658,68,582
739,657,69,583
739,657,69,583
739,655,68,584
739,651,68,586
734,651,68,586
736,651,68,586
738,657,68,583
738,660,68,581
739,662,68,580
741,662,68,579
741,664,68,578
743,714,68,546
745,666,68,577
745,667,69,576
747,667,69,576
747,669,69,575
748,669,69,575
748,667,68,576
748,669,68,575
747,667,68,576
748,667,68,576
748,667,68,576
748,666,68,577
748,667,69,576
748,666,69,577
747,662,69,580
745,662,69,580
743,658,68,582
736,646,68,590
736,649,68,588
738,648,68,589
738,649,68,587
739,649,68,588
739,651,68,586
741,655,68,584
743,658,69,582
745,660,69,581
745,658,68,582
745,657,68,583
745,658,68,582
743,658,68,582
745,660,68,581
747,662,68,579
748,664,68,578
748,664,68,578
748,664,69,578
748,662,69,579
748,662,68,580
748,660,68,581
747,660,68,581
748,662,68,580
727,644,68,591
727,646,68,590
729,648,68,589
730,651,68,586
730,655,68,584
732,651,68,586
734,655,69,584
734,653,69,585
734,653,69,585
734,655,69,584
736,658,68,582
738,657,68,583
736,658,68,582
738,657,68,583
738,657,68,583
738,655,68,584
739,660,69,581
741,658,69,582
725,644,69,591
727,648,68,589
732,657,68,583
734,657,68,583
734,655,68,584
734,660,68,581
736,662,68,580
738,662,69,580
738,662,69,579
741,666,69,577
741,669,69,575
741,666,68,577
743,666,68,577
745,667,68,576
747,669,68,575
747,671,68,574
747,669,68,575
748,667,69,576
748,669,69,575
748,669,69,575
748,669,69,575
748,669,69,575
748,667,69,576
748,667,68,576
748,664,68,578
747,664,68,578
747,660,68,581
732,653,69,585
734,657,68,583
734,660,68,581
736,660,68,581
739,662,68,579
739,662,68,580
741,658,68,582
741,664,69,578
741,664,69,578
743,664,69,578
743,662,69,579
743,669,68,575
745,669,68,575
745,664,68,578
745,666,68,577
748,667,68,576
745,667,68,576
745,662,69,579
745,664,69,578
745,662,69,579
709,576,0,634
718,700,0,556
721,660,69,581
712,568,69,639
709,570,68,638
709,550,68,650
718,649,0,587
712,558,69,646
711,558,69,645
716,685,0,565
720,709,0,550
709,572,0,637
709,559,68,644
718,585,69,629
714,682,1,567
718,597,69,621
711,576,69,634
714,657,0,583
716,577,68,633
709,572,0,637
718,693,0,560
712,570,68,638
709,567,68,640
718,689,1,562
718,583,69,630
711,626,1,602
725,723,0,541
709,558,68,645
721,631,68,599
711,567,69,640
716,676,0,570
716,586,68,627
709,577,68,633
718,689,1,562
718,588,69,626
712,644,1,591
718,703,1,553
709,567,69,640
718,687,1,564
711,621,0,606
712,585,68,629
720,603,68,617
709,577,68,633
718,685,1,565
709,599,0,619
718,711,1,549
711,590,69,625
711,581,68,631
711,576,69,634
712,581,69,631
712,585,68,629
709,572,68,637
709,572,68,636
711,576,68,634
712,651,0,586
718,702,1,554
720,637,69,595
712,639,1,594
712,576,69,634
718,684,0,566
709,574,68,635
718,675,0,571
711,576,68,634
716,687,0,563
703,705,1,552
705,707,1,551
707,707,0,551
709,714,0,547
711,714,0,546
711,714,0,546
709,712,0,548
707,711,0,549
707,709,0,550
709,709,0,550
709,714,1,547
716,711,0,549
716,714,1,547
718,714,1,547
718,712,0,548
716,712,0,548
718,714,0,546
718,714,0,546
718,711,0,549
718,711,0,549
716,712,0,548
716,711,0,549
718,711,1,549
716,711,1,549
716,711,1,549
716,709,1,550
718,711,0,549
718,711,0,549
718,711,0,549
718,711,0,549
718,709,0,550
716,709,0,550
718,711,1,549
718,714,1,547
718,711,1,549
718,711,1,549
716,709,0,550
716,709,0,550
716,709,0,550
714,707,0,551
707,711,0,549
707,709,0,550
707,711,1,549
709,709,1,550
709,714,0,547
712,716,0,545
716,718,0,544
716,720,0,543
718,723,0,541
720,619,68,607
709,608,0,614
712,714,0,547
711,725,1,540
709,727,1,538
711,727,1,538
711,727,1,538
712,727,0,538
716,730,0,536
718,732,0,535
718,732,0,535
716,727,0,539
716,729,1,537
714,729,1,537
716,729,1,537
714,729,1,537
712,727,1,538
716,727,1,538
718,729,0,537
718,729,0,537
716,729,0,537
712,727,0,538
711,725,1,540
712,723,1,541
714,723,1,541
712,702,1,555
716,716,0,545
718,723,0,541
711,619,0,607
714,583,68,630
718,687,0,564
709,558,69,645
720,689,69,562
720,711,1,549
720,714,0,547
709,624,1,603
718,700,1,556
720,711,1,549
718,711,1,549
718,712,0,548
718,712,0,548
718,714,0,547
718,714,0,546
718,716,0,545
716,716,0,545
718,716,1,545
709,568,1,639
718,579,69,632
716,711,1,549
716,711,1,549
716,709,1,550
716,711,1,549
720,714,0,546
720,707,0,551
709,621,1,606
720,711,1,549
709,579,1,632
718,612,69,611
712,660,0,581
716,723,0,541
716,736,0,533
707,583,1,630
716,698,0,557
712,714,0,547
718,716,0,545
720,714,1,547
709,568,69,639
714,689,1,562
716,703,1,553
718,727,1,539
716,572,68,637
709,568,68,639
720,604,68,616
709,572,68,637
716,585,68,629
712,640,0,593
712,581,68,631
716,712,1,548
721,664,69,578
711,592,69,624
711,586,69,627
709,586,68,627
718,691,0,561
711,581,68,631
718,687,0,563
711,574,68,635
716,687,0,563
718,714,1,547
718,727,1,539
718,727,1,538
720,732,0,535
712,585,68,628
712,675,0,571
718,716,1,545
712,592,69,624
709,585,69,628
716,675,1,571
718,612,68,611
712,648,0,589
711,559,68,644
716,703,1,553
718,723,1,541
709,599,1,619
718,716,0,545
718,727,0,538
712,734,1,534
714,739,1,531
712,741,1,530
714,741,1,529
714,741,0,529
709,577,0,633
712,707,1,551
718,734,1,534
718,741,1,530
716,581,69,631
709,603,1,617
716,718,1,544
716,732,0,535
721,700,68,556
709,570,69,638
712,644,0,591
718,590,68,625
712,637,0,595
720,703,1,553
709,628,1,601
718,702,1,554
711,693,1,560
714,729,1,537
712,738,1,532
714,741,1,530
718,750,1,524
718,738,1,532
716,743,1,528
718,747,1,526
718,745,0,527
718,745,0,527
718,743,0,528
716,741,0,529
714,741,0,530
712,739,0,531
714,736,1,533
718,667,0,576
712,570,68,638
707,558,0,646
716,567,68,640
716,567,68,640
716,644,0,591
718,725,0,540
718,714,1,547
707,576,1,634
720,702,1,555
709,592,1,624
720,702,0,555
707,581,0,631
709,585,69,629
718,721,0,542
707,581,0,631
718,703,1,553
720,712,1,548
712,585,68,629
718,698,0,557
720,711,0,549
714,577,69,633
716,675,1,571
718,705,1,552
718,711,1,549
707,563,1,642
718,689,1,562
718,707,0,551
718,711,0,549
718,714,0,547
720,703,68,553
718,662,1,579
711,711,1,549
712,712,1,548
712,714,1,547
716,718,0,544
718,718,0,544
716,599,68,619
718,684,0,566
711,624,0,603
716,703,0,553
716,712,1,548
716,716,1,545
716,720,1,543
709,577,69,633
718,592,69,624
714,639,1,594
720,707,1,551
718,615,68,609
709,603,1,617
711,585,69,629
721,662,69,579
712,630,1,600
709,581,0,631
714,588,68,626
718,664,0,578
712,624,0,603
709,579,68,632
721,678,68,569
718,662,1,580
709,619,1,607
718,711,1,549
720,720,1,543
711,637,1,596
716,707,0,551
716,718,0,544
716,723,0,541
716,723,1,541
718,723,1,541
716,723,1,541
716,727,1,538
718,730,0,536
718,727,0,539
707,585,0,629
718,698,0,557
720,718,0,544
718,702,1,554
711,567,68,640
716,664,1,578
720,714,1,546
709,588,1,626
712,577,69,633
720,637,68,595
714,651,0,586
718,714,0,546
718,727,1,539
718,727,1,539
716,693,1,560
709,561,69,643
721,621,69,606
718,662,1,579
707,574,0,635
720,603,68,617
712,628,0,601
716,579,68,632
716,682,0,567
718,714,0,547
718,720,1,543
720,707,0,551
711,615,0,609
714,581,68,631
716,673,1,573
707,585,1,629
718,702,1,554
709,594,1,623
718,703,1,553
718,720,1,543
718,675,0,571
716,651,0,586
709,585,1,628
711,579,69,632
709,576,68,634
716,698,0,557
720,613,68,610
716,653,0,585
709,594,1,623
711,635,1,597
720,714,1,547
720,702,1,554
714,622,1,605
707,585,1,629
712,577,69,633
716,583,68,630
718,675,0,572
709,588,0,626
716,711,1,549
716,712,1,548
718,714,1,547
718,714,0,547
716,714,0,547
712,712,0,548
711,711,0,549
712,714,0,547
718,716,0,545
718,720,1,543
712,716,1,545
712,714,1,546
712,714,1,546
716,716,0,545
716,720,0,543
714,721,0,542
714,718,0,544
712,720,0,543
716,720,0,543
718,720,1,543
716,718,1,544
718,716,1,545
716,716,1,545
716,714,0,546
716,718,0,544
716,720,0,543
720,723,0,541
718,725,0,540
712,712,0,548
716,714,1,547
716,716,1,545
716,718,1,544
714,716,1,545
712,716,0,545
714,714,0,546
718,714,0,546
716,714,0,546
712,714,0,546
709,714,0,547
712,714,1,547
716,714,1,547
718,702,1,555
714,714,1,547
716,714,1,546
716,716,1,545
716,720,0,543
716,720,0,543
712,720,0,543
712,714,0,546
711,714,0,547
712,714,0,547
716,716,1,545
716,716,1,545
712,714,1,546
714,716,1,545
716,716,0,545
718,716,0,545
718,716,0,545
712,712,0,548
711,711,0,549
718,700,0,556
709,541,68,656
714,662,1,580
718,693,1,560
714,685,1,565
718,716,0,545
718,718,0,544
718,696,0,558
709,570,0,638
718,702,1,554
720,723,1,541
709,577,69,633
718,702,1,554
718,727,1,539
718,727,1,539
716,723,0,541
716,723,0,541
720,720,68,543
716,675,1,571
709,604,1,616
718,707,0,551
718,720,1,543
718,723,1,541
711,624,1,604
714,597,69,621
718,689,0,562
718,716,0,545
718,720,0,543
716,720,0,543
716,718,0,544
714,721,0,542
716,720,1,543
718,723,1,541
718,732,1,535
721,714,69,547
716,662,1,580
718,610,69,613
716,664,0,578
709,613,0,610
718,705,0,552
716,718,0,544
716,721,0,542
718,725,0,540
718,727,1,538
718,727,1,538
712,649,1,588
718,712,1,548
716,718,1,544
716,716,1,545
712,716,1,545
716,720,0,543
711,637,0,596
714,716,0,545
720,727,1,538
718,727,1,539
718,727,1,539
714,698,0,557
712,718,0,544
711,720,0,543
709,714,1,546
711,714,1,546
711,716,0,545
712,720,0,543
712,720,0,543
714,721,0,542
716,723,0,541
718,725,0,540
718,725,0,540
716,723,0,541
712,721,1,542
714,723,1,541
718,727,1,539
718,727,1,539
709,572,68,636
714,700,0,556
712,714,0,546
712,721,0,542
712,721,0,542
712,720,0,543
716,723,1,541
716,725,1,540
718,727,1,539
716,723,1,541
714,718,0,544
712,716,0,545
714,721,0,542
716,723,0,541
716,723,0,541
716,723,0,541
716,720,1,543
725,727,5,539
725,727,5,538
725,729,5,537
725,732,0,535
725,734,0,534
721,730,0,536
723,729,0,537
721,732,0,535
721,732,0,535
725,727,5,539
725,727,5,538
727,729,5,537
725,729,5,537
727,730,0,536
725,732,0,535
727,730,5,536
725,729,5,537
732,741,5,529
727,732,5,535
725,736,5,533
729,741,5,529
721,711,5,549
730,739,5,531
734,741,5,529
734,739,5,531
729,730,0,536
727,727,0,538
727,727,0,538
729,729,0,537
730,725,5,540
730,727,5,539
729,725,5,540
721,729,0,537
721,716,0,545
720,714,1,546
720,714,1,547
721,714,0,546
721,714,0,546
732,721,0,542
730,723,0,541
721,716,5,545
721,721,5,542
725,727,0,539
727,729,0,537
725,727,0,539
723,725,0,540
725,718,0,544
723,718,0,544
723,716,0,545
723,716,0,545
723,723,5,541
725,729,5,537
730,734,0,534
730,729,0,537
730,727,0,539
730,727,0,538
730,727,0,538
721,703,5,553
725,707,5,551
723,711,5,549
721,714,5,547
720,714,0,546
725,721,0,542
725,727,5,539
723,729,5,537
725,730,5,536
725,730,0,536
725,730,0,536
721,723,0,541
721,721,0,542
721,716,5,545
720,720,5,543
723,730,0,536
721,720,5,543
721,721,5,542
725,723,5,541
727,725,5,540
727,729,0,537
727,736,0,533
725,729,0,537
725,727,0,539
721,727,0,539
721,727,0,539
721,718,5,544
721,714,5,546
721,716,5,545
730,738,0,532
732,741,0,530
734,739,5,531
734,741,5,530
730,739,0,531
730,738,0,532
730,736,0,533
729,738,0,532
732,709,0,550
727,716,0,545
725,720,1,543
725,720,1,543
725,720,0,543
725,727,0,539
727,727,5,539
727,727,5,538
727,729,0,537
727,734,0,534
727,736,0,533
730,738,0,532
730,739,0,531
732,741,0,530
734,743,0,528
734,743,0,528
734,716,5,545
736,743,5,528
730,608,69,614
730,711,5,549
736,741,0,530
736,741,0,529
736,743,0,528
736,745,0,527
736,748,0,525
736,752,0,523
736,637,69,595
725,673,5,573
732,730,5,536
736,739,5,531
734,745,0,527
736,750,0,524
736,750,0,524
736,750,0,524
736,748,0,525
736,748,0,525
738,741,5,529
736,741,5,530
738,743,5,528
730,612,69,612
729,694,0,559
732,732,0,535
734,741,0,530
734,741,0,530
732,741,0,529
729,743,0,528
721,720,0,543
721,723,0,541
720,721,0,542
721,720,0,543
721,712,5,548
721,718,5,544
725,729,0,537
725,721,5,542
727,738,0,532
727,739,0,531
725,732,0,535
725,730,0,536
723,729,0,537
723,729,0,537
725,736,0,533
727,721,5,542
727,723,5,541
727,725,5,540
727,725,5,540
721,714,0,546
725,714,5,546
718,720,5,543
718,723,5,541
721,727,5,538
727,736,0,533
725,736,0,533
721,730,0,536
723,729,0,537
721,729,0,537
721,729,0,537
721,727,5,538
721,727,5,539
723,727,0,538
723,727,0,539
723,716,5,545
723,716,5,545
721,714,5,546
725,729,5,537
730,723,5,541
723,716,5,545
727,727,5,538
730,729,5,537
732,730,5,536
732,727,5,538
727,720,5,543
727,727,0,539
727,729,0,537
729,729,0,537
729,732,0,535
721,712,5,548
721,714,5,546
725,718,5,544
723,716,5,545
725,716,5,545
730,738,5,532
734,741,5,530
734,736,5,533
734,738,0,532
727,736,0,533
729,736,0,533
725,736,0,533
729,736,0,533
729,738,0,532
730,738,0,532
732,738,5,532
732,741,5,530
734,741,5,530
736,741,5,530
732,741,0,530
730,739,0,531
730,739,0,531
730,741,0,530
730,739,0,531
732,739,0,531
732,732,5,535
730,730,5,536
730,729,5,537
732,727,5,538
730,727,5,538
732,727,5,539
730,729,0,537
727,729,0,537
730,730,0,536
730,729,0,537
725,720,5,543
727,732,0,535
730,747,5,526
736,747,5,526
738,658,68,582
729,628,0,601
738,685,68,565
730,741,5,530
732,599,69,620
736,743,5,528
727,727,5,539
736,732,0,535
725,612,0,611
734,720,0,543
732,727,0,538
734,729,0,537
734,729,0,537
734,736,5,533
734,734,5,534
727,712,0,548
729,712,0,548
725,727,0,539
727,732,0,535
725,732,0,535
725,730,0,536
723,729,1,537
725,732,1,535
725,732,0,535
730,711,0,549
727,720,0,543
727,720,0,543
732,723,5,541
736,727,5,538
736,734,0,534
736,739,0,531
734,741,0,530
730,741,0,530
730,739,0,531
729,741,0,530
730,741,0,529
730,741,0,529
736,741,5,529
727,586,69,627
730,729,5,537
734,730,0,536
730,738,0,532
729,738,0,532
727,736,0,533
727,732,0,535
727,734,0,534
727,720,5,543
725,714,5,546
723,716,5,545
725,716,5,545
720,711,5,549
718,709,5,550
718,711,5,549
716,714,0,547
716,714,0,546
718,716,0,545
718,714,0,546
721,721,5,542
721,720,5,543
721,718,5,544
721,723,0,541
721,727,0,539
721,727,0,539
723,729,0,537
723,730,0,536
721,707,5,551
721,714,0,547
721,718,0,544
721,718,0,544
721,720,0,543
721,714,5,546
725,723,0,541
727,723,5,541
727,725,5,540
721,727,0,538
721,729,0,537
721,729,0,537
727,729,0,537
729,736,0,533
729,738,0,532
729,739,0,531
729,741,0,530
736,741,5,529
738,743,5,528
729,595,69,622
736,743,5,528
725,615,0,609
734,709,5,550
738,741,0,529
727,649,0,588
734,727,0,538
734,739,0,531
734,732,5,535
736,736,5,533
738,738,5,532
727,723,5,541
734,732,5,535
734,732,5,535
730,734,0,534
730,738,0,532
721,718,0,544
721,720,0,543
721,720,0,543
723,718,5,544
721,637,5,596
718,720,5,543
721,727,5,539
725,727,5,538
725,727,0,539
721,723,0,541
720,720,0,543
720,714,0,546
721,718,0,544
725,723,0,541
723,720,5,543
723,718,5,544
725,718,5,544
723,718,5,544
727,727,0,539
725,721,0,542
720,716,0,545
720,714,0,546
721,720,0,543
721,720,0,543
718,675,5,571
718,671,5,574
720,664,5,578
718,653,5,585
720,727,0,539
723,730,0,536
718,696,5,558
716,691,5,561
718,702,0,555
723,729,0,537
723,727,0,538
720,723,0,541
718,723,0,541
718,723,0,541
718,723,0,541
718,721,0,542
721,729,0,537
718,727,0,538
716,727,0,539
718,723,0,541
720,727,0,539
714,649,5,588
711,646,5,590
711,644,5,591
712,644,5,591
712,644,5,591
721,648,5,589
720,696,0,558
727,734,0,534
721,729,0,537
721,727,0,539
720,662,5,580
712,646,5,590
714,646,5,590
716,648,5,589
716,649,5,587
718,651,5,586
720,675,0,572
725,736,0,533
727,732,0,535
723,727,0,538
721,689,5,562
712,639,5,594
714,637,5,595
716,639,5,594
716,642,5,592
718,714,0,547
723,729,0,537
725,734,0,534
723,729,0,537
712,718,0,544
723,721,0,542
725,723,0,541
720,721,0,542
721,725,0,540
725,732,5,535
730,739,5,531
727,727,5,538
727,727,5,538
727,727,5,539
730,725,0,540
720,721,5,542
718,720,5,543
723,727,0,539
725,727,0,539
727,725,5,540
716,721,5,542
720,721,0,542
718,720,0,543
718,718,0,544
718,720,0,543
716,714,5,546
723,727,5,538
725,732,5,535
727,734,5,534
721,716,0,545
725,723,5,541
721,727,5,539
721,727,5,539
723,727,5,538
729,723,0,541
730,721,0,542
730,723,0,541
729,721,0,542
730,721,0,542
727,720,0,543
723,718,1,544
723,716,1,545
716,718,0,544
714,720,5,543
716,718,0,544
714,720,5,543
716,720,5,543
716,720,0,543
718,725,0,540
720,727,0,539
725,718,0,544
723,729,5,537
720,718,5,544
721,716,0,545
725,720,0,543
721,718,5,544
720,718,5,544
718,718,5,544
718,718,5,544
729,739,5,531
730,741,0,530
730,732,0,535
727,727,0,539
725,723,5,541
723,725,5,540
723,723,5,541
720,714,0,546
723,720,5,543
723,727,5,539
721,721,0,542
721,721,5,542
721,720,5,543
721,723,5,541
718,709,0,550
721,711,0,549
720,711,1,549
721,714,1,547
721,714,0,547
720,712,0,548
718,711,0,549
727,730,5,536
721,718,0,544
721,718,0,544
714,720,0,543
716,720,0,543
716,718,5,544
716,712,5,548
716,714,0,547
716,711,5,549
729,741,5,529
716,720,0,543
720,723,0,541
721,725,0,540
725,732,5,535
718,723,0,541
721,723,0,541
721,716,5,545
721,716,5,545
718,718,5,544
718,716,5,545
718,718,5,544
720,716,0,545
721,716,0,545
720,714,0,546
720,716,0,545
721,718,0,544
721,718,0,544
718,714,0,546
718,714,0,546
718,716,5,545
718,718,5,544
718,716,5,545
718,718,5,544
720,716,0,545
721,716,0,545
720,714,0,546
720,716,0,545
721,718,0,544
721,718,0,544
718,714,5,546
716,716,5,545
716,714,5,546
720,716,0,545
720,716,0,545
721,716,0,545
721,716,0,545
720,720,5,543
718,723,5,541
727,720,0,543
727,727,0,539
730,745,5,527
729,743,5,528
730,745,5,527
732,741,5,529
727,734,0,534
725,748,0,525
727,748,0,525
725,750,0,524
734,750,5,524
736,748,5,525
730,750,0,524
736,747,5,526
729,748,0,525
725,718,0,544
725,718,0,544
723,718,0,544
721,716,0,545
721,716,1,545
721,714,1,546
732,723,5,541
725,727,5,539
725,734,5,534
730,730,0,536
729,729,0,537
732,752,5,523
732,745,5,527
732,741,0,529
730,732,0,535
725,714,0,546
725,716,0,545
725,718,0,544
723,720,1,543
723,718,1,544
721,716,0,545
720,714,0,546
721,714,0,547
718,712,0,548
718,711,0,549
718,711,0,549
734,732,0,535
736,741,5,529
734,741,5,529
736,743,0,528
736,736,0,533
734,736,0,533
736,738,0,532
738,736,0,533
734,736,0,533
734,732,0,535
734,734,0,534
734,736,5,533
734,738,5,532
734,738,5,532
734,736,5,533
732,734,0,534
730,729,0,537
730,727,0,538
725,721,0,542
727,723,0,541
725,721,0,542
725,721,1,542
725,720,1,543
727,720,0,543
729,739,5,531
727,739,5,531
725,727,0,539
730,741,5,529
727,729,0,537
727,727,0,539
727,727,0,539
727,727,0,539
729,729,0,537
730,732,0,535
736,750,5,524
736,754,5,522
739,754,5,522
730,747,5,526
732,736,0,533
734,738,0,532
734,739,0,531
736,739,0,531
734,736,0,533
736,739,0,531
739,752,5,523
736,750,5,524
738,747,5,526
734,730,0,536
734,741,5,530
734,743,5,528
736,741,5,530
727,720,0,543
729,721,0,542
727,721,0,542
729,721,0,542
736,730,0,536
736,732,0,535
738,745,5,527
741,723,69,541
732,727,0,539
738,730,0,536
738,734,0,534
739,738,0,532
739,736,0,533
739,736,0,533
739,736,0,533
738,736,0,533
739,750,5,524
727,691,5,561
738,745,5,527
739,664,69,578
732,723,0,541
736,727,0,538
738,734,0,534
736,734,0,534
736,734,0,534
736,732,0,535
736,734,5,534
734,739,5,531
734,739,5,531
736,739,5,531
736,741,0,530
734,734,0,534
734,732,0,535
734,732,0,535
734,732,0,535
723,727,0,539
721,723,0,541
725,723,0,541
727,727,5,539
732,736,5,533
736,739,0,531
738,743,0,528
736,745,0,527
738,743,0,528
739,738,0,532
739,734,0,534
739,743,68,528
734,739,5,531
736,743,5,528
736,748,5,525
739,747,5,526
738,694,5,559
736,727,0,539
736,730,0,536
736,736,0,533
730,617,68,608
738,702,5,554
738,743,5,528
734,723,0,541
729,725,0,540
727,727,5,539
727,727,5,538
727,723,0,541
727,723,0,541
727,723,0,541
730,727,0,539
730,727,0,539
732,727,0,538
734,729,0,537
734,730,0,536
736,741,5,529
738,741,5,529
739,745,5,527
730,624,69,604
734,721,0,542
739,732,0,535
738,736,0,533
739,738,0,532
727,631,0,599
738,720,0,543
739,716,5,545
736,741,5,530
739,741,5,530
739,739,5,531
736,635,69,597
734,730,5,536
736,736,0,533
736,732,0,535
721,720,0,543
729,734,5,534
730,736,0,533
729,738,0,532
727,736,0,533
730,732,0,535
734,729,0,537
732,727,0,538
730,727,0,539
732,727,0,538
730,734,5,534
730,736,5,533
734,736,5,533
734,736,5,533
732,730,0,536
734,732,0,535
734,729,0,537
736,732,0,535
736,732,0,535
736,734,0,534
739,741,5,529
738,745,5,527
739,649,69,587
734,741,5,530
738,739,0,531
738,736,0,533
739,738,0,532
739,739,0,531
730,655,0,584
739,723,0,541
727,649,5,587
736,741,5,529
739,642,69,592
734,732,5,535
739,739,0,531
738,738,0,532
739,738,0,532
727,630,0,600
723,723,0,541
727,727,5,539
729,729,5,537
721,716,0,545
721,714,0,546
723,716,0,545
725,716,0,545
727,723,0,541
725,714,5,547
725,716,5,545
727,720,0,543
725,720,0,543
727,721,0,542
725,721,0,542
725,720,0,543
725,721,0,542
725,721,0,542
727,723,0,541
725,716,5,545
725,720,5,543
725,720,5,543
725,720,5,543
727,723,0,541
727,721,0,542
727,723,0,541
725,721,0,542
723,712,5,548
725,718,0,544
725,720,0,543
727,723,0,541
727,723,0,541
725,721,5,542
727,723,5,541
738,723,5,541
721,714,5,546
725,718,0,544
727,729,5,537
729,732,5,535
729,727,5,539
727,721,5,542
738,748,5,525
738,747,5,526
739,752,5,523
736,626,69,602
729,709,0,550
730,610,69,613
734,745,5,527
736,748,5,525
736,622,69,605
730,709,0,550
734,729,0,537
734,734,0,534
734,736,0,533
734,736,0,533
734,738,0,532
739,741,5,529
721,718,0,544
723,720,0,543
725,721,1,542
727,723,1,541
727,723,1,541
730,727,0,538
739,671,69,574
730,721,5,542
732,613,69,610
738,745,5,527
739,741,5,529
729,601,69,618
738,747,5,526
734,745,0,527
730,741,0,530
727,714,0,546
734,725,5,540
738,734,5,534
730,732,0,535
729,730,0,536
729,727,0,538
727,729,0,537
729,730,0,536
729,730,0,536
730,732,0,535
729,732,0,535
741,752,69,523
729,709,5,550
734,738,0,532
739,748,5,525
727,673,5,573
739,748,5,525
732,734,5,534
738,741,0,530
736,738,0,532
736,738,0,532
738,739,0,531
738,739,0,531
739,741,0,530
739,750,5,524
729,694,5,559
739,685,69,565
734,736,5,533
725,723,0,541
727,723,0,541
727,725,0,540
727,723,0,541
729,727,1,539
727,714,0,547
729,696,5,558
736,734,0,534
736,736,0,533
738,736,0,533
734,736,0,533
718,718,0,544
725,725,5,540
725,727,0,539
727,727,0,539
721,727,0,539
723,723,0,541
725,725,0,540
725,727,0,539
732,732,5,535
734,736,5,533
727,727,0,538
727,727,0,538
729,729,0,537
729,729,0,537
730,729,0,537
730,732,0,535
732,732,0,535
730,734,0,534
729,727,5,538
727,729,0,537
725,730,0,536
725,732,0,535
727,732,0,535
727,734,0,534
727,736,0,533
729,736,0,533
725,702,0,555
721,714,0,546
721,694,5,559
721,714,0,546
721,694,5,559
721,709,5,550
721,714,0,546
721,718,0,544
734,732,5,535
734,732,5,535
734,734,5,534
732,730,0,536
729,727,0,538
721,714,0,546
723,716,0,545
723,718,1,544
723,718,1,544
723,716,1,545
723,716,1,545
721,716,0,545
736,725,5,540
739,739,5,531
727,666,5,577
730,727,0,538
732,727,0,538
730,730,0,536
732,729,0,537
732,732,0,535
732,732,0,535
736,741,5,529
738,739,5,531
739,741,5,529
730,730,5,536
739,741,5,529
739,655,69,584
732,725,5,540
721,718,0,544
727,718,5,544
736,741,5,530
739,741,5,529
727,660,0,581
732,721,0,542
734,732,0,535
732,734,0,534
732,734,0,534
734,736,0,533
721,718,0,544
720,718,0,544
723,718,1,544
725,720,1,543
734,727,5,539
739,741,5,530
736,637,69,595
734,729,5,537
732,730,0,536
734,732,0,535
732,732,0,535
730,732,0,535
732,732,0,535
732,732,0,535
736,734,5,534
739,736,5,533
736,736,5,533
738,736,5,533
734,732,0,535
732,730,0,536
734,730,0,536
730,730,0,536
730,729,0,537
725,720,0,543
723,716,0,545
721,718,0,544
721,723,0,541
723,721,0,542
725,723,5,541
727,727,5,539
729,727,0,538
736,741,5,530
738,741,5,529
739,745,5,527
739,675,69,571
730,675,0,571
734,723,0,541
734,732,0,535
734,734,0,534
734,736,0,533
736,738,0,532
739,631,69,599
734,720,5,543
739,639,69,594
736,741,5,530
736,738,0,532
739,736,0,533
736,619,68,607
734,703,0,553
736,729,0,537
736,732,0,535
738,734,5,534
727,721,0,542
725,721,0,542
727,707,0,551
725,712,0,548
723,721,0,542
725,723,0,541
727,727,0,539
736,734,0,534
727,727,0,538
727,727,0,539
730,729,5,537
732,730,5,536
730,729,0,537
727,727,0,538
729,727,0,538
730,729,0,537
730,729,0,537
732,730,0,536
732,729,0,537
736,736,5,533
739,741,5,529
727,626,0,602
729,714,0,546
727,718,1,544
727,718,1,544
727,718,0,544
727,720,0,543
727,720,0,543
729,718,0,544
727,720,0,543
727,720,0,543
729,712,5,548
725,723,0,541
721,721,0,542
725,723,0,541
729,727,0,538
734,730,5,536
736,738,5,532
734,736,0,533
730,732,0,535
727,729,0,537
729,729,0,537
727,729,0,537
730,729,0,537
730,730,0,536
730,729,0,537
738,747,5,526
739,748,5,525
727,613,0,610
734,714,0,546
734,729,0,537
734,732,0,535
734,734,0,534
734,736,0,533
734,736,0,533
734,738,0,532
739,734,69,534
730,738,5,532
734,606,68,615
734,729,0,537
736,734,0,534
738,736,0,533
736,736,0,533
738,738,0,532
734,736,0,533
736,736,0,533
725,720,0,543
727,723,0,541
729,729,0,537
730,729,0,537
739,747,5,526
729,601,69,618
734,736,0,533
730,732,0,535
739,747,5,526
727,694,5,559
739,743,5,528
734,601,69,618
732,727,0,539
730,729,0,537
730,732,0,535
741,590,69,625
730,585,69,628
739,736,5,533
730,730,5,536
734,730,0,536
732,732,0,535
730,730,0,536
730,734,0,534
739,741,5,529
730,729,5,537
730,718,0,544
730,723,1,541
734,734,0,534
732,734,0,534
732,741,5,529
727,617,5,608
739,741,68,530
730,687,0,564
734,727,0,539
721,721,0,542
725,723,0,541
739,732,5,535
727,619,5,607
739,612,68,611
732,667,0,576
739,729,0,537
738,734,0,534
736,738,0,532
730,606,69,615
725,716,0,545
725,720,0,543
727,723,0,541
730,721,5,542
734,727,5,539
734,732,0,535
736,730,5,536
734,727,0,538
732,727,0,538
730,727,0,539
730,727,0,539
730,727,0,538
734,729,0,537
736,738,5,532
736,736,5,533
738,738,5,532
739,741,5,530
739,739,0,531
738,736,0,533
736,736,0,533
739,738,0,532
738,738,0,532
739,635,68,597
730,689,5,562
738,727,5,539
739,631,69,599
732,727,5,539
738,732,5,535
738,732,0,535
736,732,0,535
736,732,0,535
734,729,0,537
734,729,0,537
732,727,0,538
730,727,0,538
739,702,69,554
734,739,5,531
739,739,5,531
732,732,5,535
738,736,5,533
736,592,68,624
730,693,5,560
739,655,69,584
732,694,0,559
734,727,0,538
734,730,0,536
734,732,0,535
734,732,0,535
734,734,0,534
738,732,0,535
736,734,0,534
739,685,69,565
734,741,5,530
739,739,0,531
739,739,0,531
736,736,0,533
739,752,69,523
730,738,5,532
734,610,69,613
738,748,5,525
729,599,68,619
734,716,0,545
736,730,0,536
739,736,0,533
739,736,0,533
738,617,68,608
734,736,5,533
736,612,69,612
736,741,5,530
730,599,69,620
734,732,0,535
736,729,0,537
734,729,0,537
732,729,0,537
734,599,69,619
738,741,5,529
729,720,5,543
727,718,0,544
727,721,1,542
730,723,1,541
730,727,1,539
730,727,1,539
730,723,0,541
730,732,0,535
732,732,0,535
730,729,0,537
730,730,0,536
734,723,5,541
738,736,5,533
738,637,68,595
732,736,0,533
734,741,0,530
736,644,69,591
730,639,69,594
729,639,5,594
736,646,68,590
729,639,68,594
730,696,0,558
736,734,0,534
736,741,0,530
739,741,0,529
738,743,0,528
739,648,69,589
734,646,69,590
730,640,69,593
729,639,69,594
736,727,0,539
738,738,0,532
736,739,0,531
734,639,69,594
734,757,5,519
730,637,69,596
739,675,69,571
730,687,0,564
734,738,5,532
730,626,69,602
736,747,5,526
730,631,69,599
739,664,68,578
729,673,0,573
734,729,0,537
736,738,0,532
738,741,0,529
738,741,0,529
739,747,0,526
739,648,69,589
736,648,69,589
734,644,69,591
734,646,69,590
730,648,68,589
734,648,69,589
734,648,69,589
736,646,69,590
736,646,69,590
736,646,68,590
734,642,68,592
734,640,68,593
739,734,0,534
739,738,0,532
739,637,68,595
738,734,0,534
739,770,5,511
727,635,5,597
738,770,5,511
734,635,69,597
736,703,0,553
734,707,0,551
732,624,68,604
732,676,0,570
738,631,69,599
729,624,5,603
741,702,68,555
732,635,68,597
730,631,68,599
730,635,68,597
732,750,5,524
739,671,69,574
729,637,0,596
739,729,0,537
734,637,68,595
730,635,68,597
730,637,68,595
730,685,0,565
736,732,0,535
739,649,68,587
730,637,69,596
730,637,69,595
734,696,0,558
739,646,68,590
732,637,68,596
738,736,5,533
729,624,69,604
738,649,68,588
736,709,0,550
736,730,0,536
738,734,0,534
739,739,0,531
732,637,68,595
729,637,68,596
738,702,0,555
738,648,68,589
730,637,69,596
738,646,69,590
730,639,69,594
729,637,69,595
738,720,0,543
739,734,0,534
739,649,68,588
730,639,68,594
736,700,0,556
739,734,0,534
734,640,69,593
730,639,69,594
734,756,5,520
734,639,69,594
734,696,0,558
730,624,68,604
729,624,68,603
734,687,0,563
736,631,68,599
730,630,69,600
730,631,69,599
730,635,68,597
732,635,68,597
732,637,68,596
734,640,68,593
732,635,68,597
730,637,68,596
729,635,68,597
730,637,68,595
729,637,69,595
741,723,69,541
736,648,69,589
734,644,69,591
734,644,68,591
734,644,68,591
734,646,68,590
734,644,68,591
732,644,68,591
734,644,68,591
734,646,69,590
734,648,69,589
732,644,69,591
734,644,69,591
736,646,68,590
730,639,69,594
730,637,69,595
739,750,5,524
732,637,69,596
729,673,5,573
738,646,69,590
730,637,68,596
738,725,0,540
739,648,68,589
734,640,68,593
732,639,68,594
729,637,68,595
730,642,69,592
730,637,69,596
729,637,69,596
734,730,5,536
739,637,69,595
730,626,69,602
734,727,0,539
734,732,0,535
734,631,68,599
729,631,0,599
739,748,5,525
730,633,69,598
730,644,0,591
736,727,0,539
736,639,68,594
730,639,68,594
730,640,68,593
732,640,68,593
730,639,68,594
732,644,68,591
732,639,69,594
732,644,69,591
732,646,69,590
734,646,69,590
734,646,68,590
734,648,68,589
734,642,68,592
734,648,68,589
734,648,68,589
734,644,68,591
734,644,69,591
734,642,69,592
734,642,69,592
736,723,0,541
736,736,0,533
736,630,69,600
730,631,69,599
730,630,69,600
730,633,69,598
736,630,69,600
730,631,69,599
730,630,69,600
730,633,69,598
736,739,5,531
736,642,69,592
732,639,69,594
732,640,69,593
732,640,68,593
732,642,68,592
734,642,68,592
732,640,68,593
730,640,68,593
730,640,68,593
730,644,69,591
730,640,69,593
730,640,69,593
734,644,69,591
734,648,68,589
732,644,68,591
734,642,68,592
732,640,68,593
734,696,68,558
734,691,68,561
736,698,68,557
736,702,68,555
734,714,68,547
736,716,68,545
738,727,68,539
743,729,68,537
745,736,69,533
747,739,69,531
743,729,68,537
743,729,68,537
743,727,68,538
745,732,68,535
743,739,68,531
741,736,68,533
743,736,68,533
743,732,68,535
739,736,69,533
739,727,69,539
739,721,68,542
738,714,68,546
736,712,68,548
736,707,68,551
732,702,68,555
739,718,69,544
741,723,69,541
739,725,69,540
739,734,68,534
741,734,68,534
743,739,68,531
743,741,68,530
745,745,68,527
745,741,68,530
745,741,69,530
747,747,69,526
748,743,69,528
748,754,69,521
743,739,69,531
745,741,69,530
747,736,69,533
745,736,69,533
739,734,68,534
741,734,68,534
743,739,68,531
743,741,68,530
745,745,68,527
745,741,68,530
745,741,69,530
747,747,69,526
748,743,69,528
748,754,69,521
752,748,68,525
752,750,68,524
748,748,68,525
748,748,68,525
750,741,68,529
743,741,68,530
741,736,68,533
743,739,69,531
745,741,69,530
747,736,69,533
745,736,69,533
745,734,68,534
747,730,68,536
747,723,68,541
745,721,68,542
743,718,68,544
743,714,68,546
739,711,69,549
739,727,68,539
739,723,68,541
739,729,69,537
741,739,69,531
741,734,68,534
741,730,68,536
743,736,68,533
745,747,68,526
741,691,68,561
741,702,68,555
741,702,68,555
741,702,68,554
743,712,68,548
743,716,68,545
741,718,68,544
739,702,69,554
736,696,69,558
734,711,68,549
736,720,68,543
739,718,68,544
739,725,68,540
736,718,68,544
739,718,68,544
739,727,68,539
739,723,68,541
739,729,69,537
741,739,69,531
741,734,68,534
741,730,68,536
743,736,68,533
745,747,68,526
748,743,68,528
748,747,68,526
748,754,68,522
747,750,68,524
748,768,69,513
750,770,69,511
745,766,68,514
747,763,69,516
743,766,68,514
748,759,68,518
748,756,68,520
745,756,68,520
748,754,68,522
747,752,68,523
745,748,69,525
747,745,69,527
745,739,69,531
743,738,69,532
739,766,5,514
736,693,69,560
734,703,68,553
736,714,68,547
736,711,68,549
739,716,68,545
743,714,68,546
745,721,68,542
745,727,68,539
741,720,68,543
743,723,69,541
743,727,69,538
745,732,68,535
743,734,68,534
743,729,68,537
743,730,68,536
743,734,68,534
743,729,68,537
743,730,68,536
743,736,68,533
734,703,68,553
736,714,68,547
736,711,68,549
739,716,68,545
743,714,68,546
745,721,68,542
745,727,68,539
741,720,68,543
743,723,69,541
743,727,69,538
745,732,68,535
743,734,68,534
743,729,68,537
743,730,68,536
743,734,68,534
743,729,68,537
743,730,68,536
743,736,68,533
743,736,69,533
743,727,69,538
743,729,68,537
743,727,68,539
743,727,68,539
739,721,68,542
739,718,68,544
739,714,68,547
736,712,68,548
745,720,68,543
743,725,68,540
743,727,69,538
745,732,69,535
745,732,68,535
747,738,68,532
748,741,68,530
748,739,68,531
748,741,68,530
748,748,68,525
736,682,69,567
739,687,68,563
739,693,68,560
739,696,68,558
741,702,68,554
743,714,68,547
747,716,68,545
745,720,68,543
743,725,68,540
743,727,69,538
745,732,69,535
745,732,68,535
747,738,68,532
748,741,68,530
748,739,68,531
748,741,68,530
748,748,68,525
750,745,68,527
752,741,68,530
752,748,69,525
752,748,69,525
725,676,68,570
721,657,69,583
723,664,68,578
723,667,68,576
723,669,68,575
723,675,68,572
725,676,68,570
727,684,68,566
727,682,68,567
727,685,68,565
729,687,69,563
730,693,69,560
729,685,68,565
727,691,68,561
727,684,68,566
725,687,68,563
725,684,68,566
725,689,68,562
725,689,68,562
725,691,68,561
725,689,69,562
723,685,69,565
723,689,69,562
725,687,69,564
725,694,68,559
725,691,68,561
725,687,68,563
721,687,68,563
721,687,68,563
721,687,68,563
721,685,69,565
723,689,69,562
721,685,69,565
721,685,69,565
725,687,68,563
727,685,68,565
727,685,68,565
727,682,68,567
727,678,68,569
727,676,68,570
732,702,69,555
732,703,69,553
732,707,68,551
730,705,68,552
730,707,68,551
730,714,68,546
734,714,68,546
730,723,68,541
734,723,68,541
736,714,68,547
736,725,69,540
738,723,69,541
736,723,68,541
730,720,69,543
734,718,69,544
734,727,69,538
736,732,69,535
727,662,68,579
727,671,68,574
730,676,68,570
730,685,68,565
729,687,68,563
730,689,68,562
732,698,68,557
732,702,68,554
732,702,69,555
732,703,69,553
732,707,68,551
730,705,68,552
730,707,68,551
730,714,68,546
734,714,68,546
730,723,68,541
734,723,68,541
736,714,68,547
736,725,69,540
738,723,69,541
736,723,68,541
736,723,68,541
738,727,68,539
736,729,68,537
738,729,68,537
738,730,68,536
736,723,68,541
730,727,68,538
730,720,69,543
734,718,69,544
734,727,69,538
736,732,69,535
738,727,68,538
736,723,68,541
736,727,68,539
736,729,68,537
736,723,68,541
736,718,68,544
734,720,69,543
736,716,69,545
732,714,69,547
734,714,69,547
736,709,68,550
732,702,68,554
729,700,68,556
727,691,68,561
725,687,68,564
734,725,68,540
734,727,68,539
736,729,69,537
734,730,69,536
727,702,69,554
729,709,68,550
729,709,68,550
730,714,68,547
730,714,68,547
730,720,68,543
729,721,68,542
734,725,68,540
734,727,68,539
736,729,69,537
734,730,69,536
736,738,68,532
736,736,68,533
739,739,68,531
739,741,68,529
739,741,68,530
734,734,68,534
730,741,68,530
734,745,68,527
738,747,69,526
738,750,69,524
743,750,69,524
734,752,69,523
732,743,68,528
736,748,68,525
739,745,68,527
739,754,68,522
739,750,68,524
739,745,68,527
734,739,69,531
732,748,69,525
738,745,69,527
739,741,69,529
741,748,68,525
739,741,68,529
741,741,68,529
736,734,68,534
730,732,68,535
736,727,68,538
739,727,68,538
739,729,69,537
739,741,69,529
739,703,68,553
741,712,68,548
739,714,68,546
741,723,68,541
741,727,68,539
743,729,68,537
739,727,68,538
739,727,68,538
739,729,69,537
739,741,69,529
743,741,69,530
741,745,68,527
743,750,68,524
743,752,68,523
745,748,68,525
739,748,68,525
736,752,68,523
734,754,68,521
739,759,68,518
743,765,69,515
743,759,69,518
736,757,68,519
734,756,68,520
736,759,68,518
734,763,68,516
738,757,68,519
745,763,68,516
743,757,68,519
739,759,68,518
736,759,69,518
734,754,69,521
736,748,69,525
734,745,68,527
736,748,68,525
739,752,68,523
743,750,68,524
739,745,68,527
734,738,68,532
732,736,68,533
734,738,69,532
736,734,69,534
738,732,68,535
739,732,68,535
723,666,68,577
721,664,68,578
720,662,68,579
721,669,68,575
721,671,68,574
725,675,68,571
727,680,68,568
727,685,68,565
725,687,69,564
725,682,69,567
725,687,69,564
725,687,69,563
725,687,68,563
725,702,68,555
725,694,68,559
723,696,68,558
725,702,68,555
725,698,68,557
721,696,69,558
723,698,69,557
721,698,69,557
723,696,68,558
723,696,68,558
723,694,68,559
729,676,68,570
730,694,68,559
729,682,68,567
725,680,68,568
723,675,68,572
721,675,68,572
721,682,69,567
721,678,69,569
720,680,68,568
720,676,68,570
720,675,68,571
720,682,68,567
721,682,68,567
730,727,68,539
730,729,68,537
732,732,68,535
723,693,69,560
725,698,68,557
727,702,68,554
727,703,68,553
727,714,68,547
730,721,68,542
730,727,68,539
730,729,68,537
732,732,68,535
734,736,69,533
734,739,69,531
736,741,68,530
739,741,68,529
743,748,68,525
738,743,68,528
734,745,68,527
730,747,68,526
734,754,68,522
739,757,68,519
739,761,69,517
743,759,69,518
739,759,68,518
738,756,68,520
736,759,68,518
734,750,68,524
736,754,68,521
741,757,68,519
743,756,68,520
743,748,68,525
738,748,69,525
734,747,69,526
739,752,68,523
738,741,68,529
739,750,68,524
739,741,68,529
739,743,68,528
736,734,68,534
730,727,68,539
732,721,68,542
734,714,69,546
723,727,0,538
723,687,68,563
727,703,68,553
727,702,68,554
727,709,69,550
730,714,69,546
730,714,69,547
732,709,69,550
736,714,68,547
725,675,68,572
727,675,68,571
723,678,68,569
725,682,68,567
723,678,68,569
723,687,68,563
727,703,68,553
727,702,68,554
727,709,69,550
730,714,69,546
730,714,69,547
732,709,69,550
736,714,68,547
736,705,68,552
736,714,68,547
734,707,68,551
734,714,68,546
734,714,68,546
734,714,69,547
727,714,69,546
729,714,69,546
736,723,69,541
734,727,68,539
734,723,68,541
734,721,68,542
734,718,68,544
734,712,68,548
730,716,68,545
732,716,69,545
734,718,69,544
734,720,69,543
736,714,69,546
736,712,68,548
734,709,68,550
732,703,68,553
730,700,68,556
729,694,68,559
727,689,68,562
734,736,0,533
734,684,68,566
741,707,69,551
739,712,68,548
739,712,68,548
736,711,68,549
736,720,68,543
734,723,68,541
738,727,68,538
739,727,68,539
739,712,68,548
736,711,68,549
736,720,68,543
734,723,68,541
738,727,68,538
739,727,68,539
739,727,68,539
739,729,68,537
743,736,69,533
743,736,69,533
745,730,68,536
745,729,69,537
736,736,68,533
734,734,68,534
736,741,68,529
739,739,68,531
743,748,68,525
743,736,68,533
736,736,69,533
734,734,69,534
734,732,69,535
741,732,69,535
745,738,68,532
745,732,68,535
743,730,68,536
732,720,68,543
732,720,68,543
734,721,68,542
736,720,69,543
732,718,69,544
734,714,69,546
734,702,69,555
730,689,68,562
729,684,68,566
721,673,68,573
721,675,68,572
720,678,68,569
721,676,68,570
718,673,69,573
720,669,69,575
725,678,69,569
721,675,69,571
727,703,68,553
729,711,68,549
729,714,69,546
730,725,69,540
732,721,68,542
730,716,68,545
729,716,68,545
734,730,68,536
730,718,68,544
730,720,68,543
732,727,68,538
736,723,68,541
736,734,69,534
739,741,69,529
741,734,68,534
739,732,68,535
739,732,68,535
736,729,68,537
732,721,68,542
730,716,68,545
729,716,68,545
734,730,68,536
730,718,68,544
730,720,68,543
732,727,68,538
736,723,68,541
736,734,69,534
739,741,69,529
741,734,68,534
739,732,68,535
739,732,68,535
736,729,68,537
736,729,68,537
734,736,68,533
736,745,68,527
741,741,68,529
734,727,69,538
727,725,69,540
734,732,68,535
736,738,68,532
738,745,68,527
718,615,68,609
721,689,68,562
718,624,68,603
721,709,5,550
729,752,5,523
725,644,68,591
721,637,68,595
721,640,68,593
721,640,68,593
721,646,68,590
723,648,68,589
723,642,68,592
723,651,68,586
725,644,69,591
725,644,69,591
725,642,68,592
725,644,68,591
725,644,68,591
725,644,68,591
725,644,68,591
725,644,68,591
725,642,68,592
723,640,68,593
725,640,69,593
725,640,69,593
729,664,69,578
725,635,69,597
721,637,68,596
720,637,69,596
721,637,68,596
720,637,68,595
720,635,68,597
720,637,68,596
718,635,68,597
720,637,68,595
718,637,69,595
720,639,69,594
720,637,69,596
721,637,69,595
721,631,69,599
718,635,68,597
718,664,0,578
725,716,0,545
727,725,0,540
727,730,0,536
727,729,0,537
730,646,68,590
727,644,68,591
725,640,69,593
723,642,69,592
723,637,69,595
721,637,69,595
721,637,68,595
721,640,68,593
721,639,68,594
721,639,68,594
721,640,68,593
721,639,68,594
720,637,69,595
718,637,68,596
718,637,69,595
720,637,69,595
721,646,68,590
721,642,68,592
721,644,68,591
721,648,68,589
725,644,68,591
725,648,68,589
729,637,68,595
725,639,69,594
721,639,69,594
721,640,68,593
721,640,68,593
723,646,68,590
723,648,68,589
725,648,68,589
725,649,68,587
727,651,68,586
725,655,68,584
727,657,69,583
730,658,68,582
725,655,68,584
730,662,69,580
732,662,69,580
725,649,69,587
727,649,69,588
718,637,68,596
718,639,68,594
720,642,68,592
721,646,69,590
721,648,69,589
721,651,68,586
723,651,68,586
725,657,68,583
725,657,68,583
727,658,68,582
727,660,68,581
729,660,68,581
729,662,68,579
730,660,69,581
730,662,69,579
734,666,69,577
723,651,68,586
725,657,68,583
725,657,68,583
727,658,68,582
727,660,68,581
729,660,68,581
729,662,68,579
730,660,69,581
730,662,69,579
734,666,69,577
732,664,69,578
734,664,68,578
732,664,68,578
734,664,68,578
730,662,68,580
725,644,69,591
725,648,68,589
725,649,68,588
725,653,68,585
727,657,68,583
727,657,68,583
727,658,68,582
730,662,68,580
725,653,68,585
727,657,68,583
727,657,68,583
727,658,68,582
730,662,68,580
730,664,68,578
730,666,69,577
734,671,69,574
734,667,69,576
732,669,69,575
727,664,68,578
725,662,68,579
729,666,68,577
730,671,68,574
734,669,68,575
736,673,68,573
729,669,69,575
727,669,69,575
727,667,69,576
730,669,69,575
736,671,68,574
736,671,68,574
736,673,68,573
736,673,68,573
732,671,68,574
729,667,68,576
729,664,69,578
727,662,69,579
730,639,69,594
729,642,68,592
732,648,68,589
730,651,68,586
734,655,68,584
730,653,68,585
730,657,68,583
730,660,68,581
730,660,68,581
732,664,69,578
732,666,69,577
732,648,68,589
730,651,68,586
734,655,68,584
730,653,68,585
730,657,68,583
730,660,68,581
730,660,68,581
732,664,69,578
732,666,69,577
734,671,69,574
736,673,69,573
736,673,68,573
739,675,68,571
739,676,68,570
739,678,68,569
736,675,68,571
734,673,68,573
732,673,68,573
732,673,69,573
729,673,69,573
736,678,69,569
743,684,69,566
741,682,68,567
743,684,68,566
743,684,68,566
745,685,68,565
743,682,68,567
743,684,68,566
743,682,69,567
743,678,69,569
741,678,69,569
743,678,69,569
743,678,68,569
741,675,68,571
739,673,68,573
725,644,68,591
725,646,68,590
725,649,68,588
727,653,68,585
729,658,68,582
729,660,68,581
730,660,68,581
730,662,68,580
734,664,69,578
734,667,69,576
736,671,69,574
736,671,69,574
736,673,68,573
739,675,68,572
739,675,68,571
739,675,68,572
738,675,68,572
739,673,68,573
739,675,69,571
739,675,69,571
739,675,69,571
739,675,69,571
743,675,68,571
739,675,68,572
739,673,68,573
739,671,68,574
741,675,68,572
739,673,68,573
739,669,69,575
739,671,69,574
730,658,68,582
730,660,68,581
730,662,68,580
730,662,68,580
730,662,68,579
730,662,68,579
730,667,68,576
734,669,68,575
734,669,69,575
736,669,69,575
736,671,69,574
738,673,69,573
738,673,68,573
738,673,68,573
738,673,68,573
736,673,68,573
736,673,68,573
736,671,68,574
739,675,69,572
738,673,69,573
736,669,69,575
736,669,69,575
736,669,68,575
738,667,68,576
727,658,68,582
730,660,68,581
730,662,68,579
730,662,68,579
730,664,68,578
730,664,68,578
734,664,69,578
734,664,69,578
734,666,69,577
734,664,69,578
730,660,69,581
730,658,68,582
730,658,68,582
730,662,68,580
730,658,68,582
732,662,68,579
730,660,68,581
734,664,69,578
734,662,69,580
721,639,68,594
720,637,68,596
721,621,68,606
718,628,68,601
721,633,68,598
721,635,68,597
721,637,68,596
734,662,69,579
734,662,68,579
734,664,68,578
734,662,68,579
732,662,68,579
727,657,69,583
729,660,68,581
730,658,68,582
734,664,69,578
734,662,68,579
734,664,68,578
736,666,68,577
736,667,68,576
736,666,68,577
734,662,68,580
725,637,68,595
729,657,69,583
729,655,68,584
736,673,68,573
736,667,68,576
738,669,68,575
736,671,68,574
736,667,68,576
736,669,68,575
736,669,68,575
736,667,69,576
738,669,69,575
739,669,69,575
739,669,69,575
739,671,68,574
738,667,68,576
739,667,68,576
739,667,68,576
721,626,68,602
721,633,69,598
738,667,68,576
736,671,68,574
738,673,68,573
738,673,68,573
741,678,68,569
739,675,68,571
741,671,69,574
743,673,69,573
743,673,69,573
743,675,69,571
743,675,68,572
745,675,68,572
743,671,68,574
743,671,68,574
743,667,68,576
741,671,68,574
723,644,69,591
725,648,68,589
723,648,68,589
725,653,68,585
729,657,68,583
730,662,68,580
732,664,68,578
732,664,68,578
732,666,68,577
732,666,69,577
734,666,69,577
734,666,69,577
736,667,69,576
736,673,68,573
738,666,68,577
736,669,68,575
738,673,68,573
739,673,68,573
739,673,68,573
738,671,69,574
739,671,69,574
739,666,69,577
738,667,69,576
738,669,68,575
738,662,68,579
720,637,68,596
723,637,69,595
725,642,69,592
727,631,68,599
729,633,68,598
725,633,68,598
725,637,69,596
727,639,69,594
727,639,68,594
723,635,68,597
720,633,68,598
721,633,69,598
721,631,69,599
721,637,69,596
725,639,69,594
725,637,68,596
718,633,69,598
718,635,69,597
721,637,69,596
721,639,69,594
727,754,5,522
727,644,69,591
721,639,69,594
721,637,69,595
721,637,69,595
723,639,69,594
725,637,68,595
723,637,68,595
725,633,69,598
720,628,69,601
721,633,68,598
721,635,68,597
723,639,68,594
725,640,68,593
725,639,69,594
723,637,69,596
725,622,68,605
727,624,69,604
727,624,69,604
727,630,69,600
727,630,68,600
727,633,68,598
727,635,68,597
727,635,68,597
725,635,68,597
723,633,68,598
725,635,68,597
725,635,68,597
725,639,69,594
725,624,68,603
727,646,68,590
721,613,68,610
721,619,68,607
721,622,68,605
725,624,69,603
723,626,69,602
725,628,68,601
725,633,68,598
725,635,68,597
725,633,68,598
723,631,68,599
721,630,68,600
721,630,68,600
721,631,68,599
721,633,69,598
721,633,69,598
725,637,68,596
723,637,69,596
725,637,68,596
725,626,68,602
721,628,68,601
721,630,68,600
721,633,69,598
723,633,69,598
725,637,68,595
725,639,69,594
727,622,68,605
734,655,69,584
734,655,68,584
736,658,68,582
736,658,68,582
736,660,68,581
739,662,68,580
738,662,68,579
739,662,69,580
741,664,69,578
739,664,69,578
741,664,69,578
743,660,68,581
725,617,68,608
725,622,69,605
732,653,68,585
732,653,68,585
734,657,68,583
734,658,68,582
736,660,68,581
736,660,69,581
738,662,69,580
738,662,69,580
739,662,69,579
741,666,68,577
741,667,68,576
739,664,68,578
739,664,68,578
739,666,68,577
739,666,68,577
739,664,69,578
739,666,69,577
739,664,69,578
729,639,68,594
730,646,68,590
730,648,68,589
732,648,68,589
734,655,68,584
738,662,68,579
739,667,68,576
741,669,68,575
775,756,1,520
781,793,0,497
783,797,0,495
781,795,0,496
784,795,1,496
790,797,1,495
786,799,0,494
783,795,0,496
781,792,0,498
783,793,0,497
779,790,0,499
781,790,0,499
761,680,69,568
759,675,68,571
756,675,68,572
754,673,68,573
752,673,68,573
748,671,68,574
748,669,68,575
745,667,68,576
727,624,68,603
729,648,68,589
736,662,68,579
730,662,68,579
730,637,68,595
727,639,68,594
727,644,68,591
734,658,68,582
730,657,68,583
734,664,69,578
734,664,68,578
729,660,68,581
730,662,68,579
734,664,68,578
734,662,68,580
730,655,69,584
730,660,68,581
734,662,68,580
734,662,68,580
736,664,68,578
738,667,68,576
738,667,68,576
739,669,68,575
739,667,68,576
739,669,69,575
743,675,69,572
743,673,69,573
743,673,69,573
743,671,68,574
743,673,68,573
741,671,68,574
739,667,68,576
739,671,68,574
739,669,68,575
739,667,69,576
741,666,69,577
734,662,68,579
734,666,68,577
736,669,68,575
738,671,68,574
739,675,68,571
739,675,69,571
739,676,69,570
743,676,69,570
745,680,69,568
745,678,68,569
747,682,68,567
747,680,68,568
747,682,68,567
747,684,68,566
748,684,68,566
748,685,68,565
750,684,69,566
748,684,69,566
750,684,69,566
750,682,69,567
748,684,68,566
748,682,68,567
750,684,68,566
748,678,68,569
748,678,68,569
748,675,68,571
748,675,69,571
748,673,69,573
732,646,68,590
732,648,68,589
730,649,68,588
730,653,68,585
732,657,68,583
734,660,68,581
734,662,68,579
736,667,69,576
738,669,69,575
739,675,68,571
741,676,68,570
743,680,68,568
743,682,68,567
747,685,68,565
747,685,68,565
750,689,68,562
752,694,68,559
752,689,69,562
752,689,69,562
752,691,69,561
752,689,69,562
754,691,68,561
754,694,68,559
754,691,68,561
754,691,68,561
756,689,68,562
754,687,68,563
754,687,69,564
752,684,69,566
752,685,69,565
752,682,69,567
752,682,68,567
752,682,68,567
748,675,68,571
748,675,68,572
725,639,68,594
727,644,68,591
727,646,69,590
729,649,69,588
729,649,69,588
730,651,68,586
732,653,68,585
734,658,68,582
736,662,68,579
736,666,68,577
738,664,68,578
739,669,68,575
739,671,68,574
741,675,69,572
743,673,69,573
743,676,68,570
743,676,68,570
745,676,68,570
745,678,68,569
747,680,68,568
747,678,68,569
747,680,68,568
748,682,68,567
748,682,69,567
750,684,69,566
750,682,69,567
750,682,69,567
750,682,68,567
752,682,68,567
750,678,68,569
750,678,68,569
748,675,68,572
748,675,68,571
747,673,69,573
747,673,69,573
725,619,68,607
725,622,68,605
732,646,68,590
732,648,68,589
730,649,68,588
732,651,68,586
734,655,68,584
734,660,68,581
736,660,69,581
736,662,69,579
739,667,69,576
741,667,69,576
743,671,68,574
743,673,68,573
743,675,68,572
745,676,68,570
745,676,68,570
747,676,68,570
747,678,69,569
747,678,69,569
748,678,69,569
748,678,69,569
748,682,68,567
748,682,68,567
748,676,68,570
748,678,68,569
748,676,68,570
750,678,68,569
748,676,69,570
748,676,69,570
748,675,69,571
748,676,69,570
748,675,68,572
750,675,68,571
748,673,68,573
748,669,68,575
730,635,68,597
732,646,68,590
730,648,68,589
734,651,68,586
736,655,68,584
736,658,68,582
738,662,68,580
738,662,68,580
739,664,68,578
741,669,69,575
743,669,69,575
743,669,69,575
745,671,69,574
747,673,68,573
745,673,68,573
745,675,68,571
745,675,68,571
747,675,68,571
748,678,68,569
748,678,69,569
748,676,69,570
748,676,69,570
748,676,69,570
748,675,68,571
748,675,68,572
748,675,68,571
748,671,68,574
748,673,68,573
727,649,68,588
727,649,68,587
727,655,68,584
732,658,68,582
734,660,68,581
736,662,68,579
736,667,68,576
738,666,69,577
738,669,69,575
739,669,68,575
743,671,69,574
741,669,68,575
741,669,68,575
743,675,68,571
743,676,68,570
745,675,68,571
745,676,68,570
745,678,69,569
745,675,69,571
745,675,69,571
745,675,69,572
745,669,68,575
743,669,68,575
725,675,0,572
723,624,69,603
718,621,69,606
718,622,68,605
721,624,68,604
730,653,69,585
730,657,68,583
730,657,68,583
730,658,68,582
732,660,68,581
732,660,68,581
721,622,68,605
721,624,68,603
730,653,69,585
732,655,68,584
730,657,69,583
732,658,68,582
734,662,68,580
736,662,68,579
736,664,68,578
736,667,68,576
738,667,68,576
738,666,68,577
736,662,68,579
738,669,69,575
739,667,69,576
739,669,69,575
739,664,69,578
739,662,68,579
738,667,68,576
739,669,68,575
738,666,68,577
739,667,68,576
738,666,68,577
738,666,69,577
720,613,68,610
721,619,68,607
721,622,69,605
721,622,69,605
720,624,68,603
721,630,68,600
721,626,68,602
721,628,69,601
721,631,68,599
721,637,68,595
720,635,68,597
721,640,69,593
727,646,69,590
727,648,69,589
723,615,68,609
721,621,69,606
725,622,69,605
725,626,68,602
718,628,68,601
725,723,0,541
725,624,69,603
721,626,69,602
720,624,69,604
720,624,69,604
725,725,0,540
730,644,69,591
725,622,69,605
721,621,69,606
720,619,69,607
720,622,68,605
718,619,68,607
718,622,68,605
718,624,68,604
720,624,68,604
720,622,68,605
718,651,0,586
727,630,69,600
723,626,69,602
723,628,69,601
721,628,69,601
721,628,68,601
725,685,0,565
730,640,68,593
720,619,69,607
718,622,68,605
718,626,68,602
720,628,68,601
720,624,69,603
725,626,68,602
721,622,68,605
721,626,68,602
721,637,68,595
721,637,69,595
721,637,69,596
721,635,68,597
721,637,68,596
721,637,68,596
721,637,68,595
721,637,68,596
721,635,68,597
718,624,68,603
720,655,0,584
727,635,69,597
727,612,68,611
721,612,68,612
725,619,68,607
727,622,68,605
725,637,68,595
725,637,68,595
725,639,69,594
727,642,69,592
727,642,68,592
727,637,68,596
727,640,68,593
725,639,68,594
725,639,68,594
725,639,68,594
725,639,68,594
723,637,68,596
725,639,69,594
725,624,68,604
727,630,68,600
725,631,68,599
723,631,68,599
725,633,69,598
725,615,68,609
723,619,68,607
725,619,69,607
723,622,69,605
723,624,68,603
725,642,68,592
725,640,68,593
725,640,69,593
725,640,69,593
725,640,68,593
725,640,68,593
725,640,68,593
725,640,69,593
725,642,69,592
725,644,69,591
727,644,69,591
725,644,68,591
725,644,68,591
727,648,68,589
727,648,68,589
727,648,68,589
725,648,68,589
723,619,68,607
725,622,69,605
723,624,68,604
730,649,68,587
732,655,68,584
732,655,68,584
734,657,68,583
734,660,68,581
736,662,69,580
736,662,69,579
725,615,68,609
725,621,68,606
725,624,69,603
727,626,69,602
738,657,68,583
736,660,68,581
738,662,68,580
736,662,68,579
739,666,68,577
739,664,68,578
739,667,69,576
743,667,69,576
741,667,69,576
743,669,69,575
743,667,68,576
743,667,68,576
727,626,68,602
727,628,68,601
729,642,68,592
730,646,69,590
729,644,69,591
729,646,68,590
729,651,68,586
730,653,68,585
734,658,68,582
736,658,68,582
721,613,68,610
720,613,68,610
718,615,68,609
721,624,69,603
718,613,68,610
720,619,69,607
727,644,68,591
727,644,69,591
727,648,69,589
730,653,68,585
734,655,68,584
732,657,68,583
734,658,68,582
736,660,68,581
736,662,68,580
736,660,68,581
736,664,69,578
739,664,69,578
739,662,68,579
739,664,68,578
739,666,68,577
718,628,68,601
718,631,68,599
720,630,69,600
718,622,68,605
725,707,0,551
727,637,69,596
720,630,69,600
721,631,68,599
721,630,68,600
725,613,68,610
721,612,68,611
721,615,68,609
718,714,0,547
725,714,5,546
718,707,0,551
727,720,0,543
721,718,0,544
720,716,0,545
727,624,69,603
720,720,5,543
720,723,0,541
720,721,0,542
727,727,0,539
738,610,68,613
727,653,0,585
736,691,0,561
736,612,68,611
732,613,68,610
732,732,0,535
738,624,69,603
736,727,0,538
739,745,5,527
738,730,0,536
741,736,0,533
743,739,0,531
736,612,69,612
730,610,69,613
732,707,0,551
739,730,0,536
734,730,0,536
730,729,0,537
734,727,5,539
