763,556,69,647
765,554,69,648
766,558,69,646
766,554,69,648
768,558,69,645
770,554,69,648
770,554,69,648
772,558,69,646
772,558,69,646
772,558,69,646
774,558,69,646
774,550,69,650
772,550,69,650
774,549,69,651
736,491,69,686
738,491,69,686
736,489,69,687
736,489,69,687
738,489,69,687
734,496,69,683
734,496,69,683
734,496,69,683
734,504,69,679
734,500,69,681
738,504,69,679
738,504,69,679
739,502,69,680
738,502,69,680
738,500,69,681
732,482,69,692
752,527,69,665
754,529,69,663
757,529,69,663
752,523,69,667
754,525,69,666
754,531,69,662
759,527,69,665
761,532,69,661
761,536,69,659
763,540,69,657
763,534,69,660
763,532,69,661
763,534,69,660
765,534,69,660
766,538,69,658
766,538,69,658
768,538,69,658
768,538,69,658
752,525,69,666
752,527,69,664
756,531,69,662
738,493,69,685
738,493,69,685
738,491,69,686
739,496,69,683
739,493,69,685
741,491,69,686
741,495,69,684
741,491,69,686
741,489,69,688
743,489,69,688
743,489,69,688
743,489,69,688
736,491,69,686
736,493,69,685
734,496,69,683
736,498,69,682
738,502,69,680
734,489,69,687
736,493,69,685
734,491,69,686
734,495,69,684
739,498,69,682
741,496,69,683
741,502,69,680
741,504,69,679
745,505,69,678
745,504,69,679
748,507,69,677
748,509,69,676
748,507,69,677
750,509,69,675
752,507,69,677
752,507,69,677
752,507,69,677
754,507,69,677
752,505,69,678
752,504,69,679
752,502,69,680
752,504,69,679
752,500,69,681
750,496,69,683
754,500,69,681
752,498,69,682
750,493,69,685
748,489,69,687
748,489,69,687
748,489,69,688
748,486,69,690
745,480,69,693
745,478,69,694
743,477,69,695
743,471,69,698
739,469,69,699
738,466,69,702
757,532,69,661
756,529,69,663
759,531,69,662
761,532,69,661
759,529,69,663
761,531,69,662
763,531,69,662
761,531,69,662
736,486,69,690
736,487,69,689
739,487,69,689
739,489,69,687
741,489,69,687
741,489,69,687
743,491,69,686
743,493,69,685
743,495,69,684
745,493,69,685
747,493,69,685
745,495,69,684
747,496,69,683
747,498,69,682
748,496,69,683
748,498,69,682
748,495,69,684
747,498,69,682
752,496,69,683
750,496,69,683
752,495,69,684
752,493,69,685
748,493,69,685
748,491,69,686
750,491,69,686
748,489,69,687
748,487,69,689
750,486,69,690
748,486,69,690
747,480,69,693
745,478,69,694
745,477,69,695
743,471,69,698
741,469,69,699
743,468,69,700
752,525,69,666
756,525,69,666
757,527,69,665
759,527,69,665
759,527,69,665
761,529,69,663
761,529,69,663
761,529,69,663
754,518,69,670
754,523,69,667
761,527,69,665
761,527,69,665
761,527,69,665
761,527,69,664
763,525,69,666
763,529,69,663
765,531,69,662
765,529,69,663
766,531,69,662
766,531,69,662
756,523,69,667
754,522,69,668
756,527,69,665
757,527,69,664
757,531,69,662
766,538,69,658
766,529,69,663
765,532,69,661
766,527,69,665
766,529,69,663
736,504,69,679
741,514,69,672
736,489,69,687
734,491,69,686
736,491,69,686
736,493,69,685
739,498,69,682
741,496,69,683
741,504,69,679
743,502,69,680
745,505,69,678
745,504,69,679
745,502,69,680
747,505,69,678
747,504,69,679
748,505,69,678
750,505,69,678
752,507,69,677
752,504,69,679
