727,534,69,660
725,532,69,661
721,527,69,665
725,532,69,661
725,527,69,665
729,527,69,665
725,529,69,663
730,531,69,662
738,541,101,655
725,630,69,600
736,516,101,671
732,525,101,666
734,529,101,663
736,527,101,665
727,525,101,666
732,527,101,665
732,498,101,682
727,527,69,664
730,531,69,662
734,529,69,663
730,527,69,665
725,529,69,663
730,532,69,661
730,527,69,665
725,527,69,664
727,531,69,662
734,462,101,704
725,453,101,709
723,599,69,620
736,532,101,661
725,513,101,673
725,514,101,672
725,612,69,611
732,516,101,671
721,563,69,642
734,622,69,605
734,639,69,594
725,509,101,675
729,509,101,676
721,594,69,623
729,608,69,614
732,513,101,673
723,585,69,628
725,594,69,623
729,648,69,589
730,511,101,674
732,653,69,585
720,637,69,596
736,518,101,670
730,520,101,669
725,451,101,710
725,621,69,606
727,529,69,663
727,531,69,662
730,534,69,660
734,531,69,662
732,534,69,660
734,538,69,658
736,532,101,661
729,459,101,706
729,457,101,707
720,493,69,685
725,487,101,689
734,563,69,642
732,468,101,701
736,500,101,681
725,486,101,690
729,484,101,691
727,482,101,692
725,469,101,699
734,579,69,632
734,487,101,689
732,487,101,689
727,487,101,689
732,489,101,688
738,484,101,691
732,480,101,693
725,478,101,694
727,484,101,691
730,484,101,691
723,486,101,690
730,486,101,690
727,475,101,696
723,538,69,658
738,489,101,688
727,477,101,695
725,471,101,698
721,531,69,662
730,549,69,651
727,541,69,655
729,540,69,657
730,541,69,655
730,543,69,654
727,543,69,654
759,763,1,516
752,505,101,678
730,514,101,672
721,561,69,643
736,550,101,650
727,511,101,674
727,516,101,671
725,520,101,669
725,527,101,665
725,525,101,666
729,541,69,656
727,475,101,696
725,478,101,694
729,486,101,690
727,576,69,634
734,489,101,687
730,489,101,688
727,489,101,688
725,489,101,687
727,491,101,686
729,493,101,685
727,493,101,685
725,489,101,687
725,486,101,690
727,570,69,638
736,502,101,680
734,500,101,681
730,500,101,681
734,500,101,681
723,493,69,685
732,583,69,630
732,585,69,628
734,504,101,679
732,493,101,685
727,495,101,684
727,491,101,686
729,500,101,681
734,504,101,679
736,502,101,680
732,496,101,683
730,493,101,685
730,500,101,681
725,496,101,683
730,498,101,682
730,495,101,684
725,541,69,655
732,554,69,648
730,487,101,689
725,482,101,692
718,541,69,656
721,550,69,650
721,550,69,650
725,660,5,581
732,509,101,675
727,509,101,675
725,511,101,674
727,516,101,671
725,520,101,669
734,633,69,598
727,513,101,673
725,523,101,667
725,538,69,658
734,568,69,639
730,482,101,692
729,482,101,692
729,482,101,692
723,563,69,642
734,581,69,631
727,487,101,689
729,487,101,689
727,489,101,688
727,489,101,687
730,493,101,685
730,495,101,684
734,496,101,683
734,498,101,682
732,495,101,684
727,496,101,683
730,498,101,682
730,498,101,682
730,491,101,686
727,489,101,688
725,487,101,689
729,496,101,683
734,502,101,680
736,500,101,681
727,493,101,685
725,585,69,628
739,507,101,677
738,505,101,678
739,504,101,679
736,491,101,686
727,489,101,688
727,493,101,685
730,496,101,683
736,495,101,684
734,495,101,684
736,491,101,686
732,482,101,692
732,478,101,694
725,480,101,693
725,478,101,694
729,559,69,644
732,559,69,644
721,549,69,651
718,558,69,646
718,550,69,650
734,642,69,592
