727,493,101,685
730,473,101,697
721,471,101,698
748,662,1,580
741,464,101,703
732,477,101,695
729,475,101,696
738,464,101,703
738,466,101,702
738,466,101,702
736,462,101,704
738,462,101,704
747,466,101,702
743,464,101,703
741,462,101,704
741,462,101,704
739,457,101,707
739,457,101,707
738,455,101,708
739,453,101,709
738,450,101,711
741,491,101,686
743,496,101,683
743,496,101,683
743,496,101,683
721,477,101,695
747,640,1,593
752,468,101,701
752,464,101,703
754,464,101,703
750,507,101,677
754,509,101,675
754,509,101,676
752,507,101,677
750,504,101,679
775,658,1,582
788,727,1,539
797,763,1,516
797,525,69,666
745,498,101,682
743,498,101,682
739,500,101,681
739,500,101,681
741,504,101,679
741,475,101,696
739,500,101,681
743,504,101,679
745,507,101,677
747,509,101,676
747,509,101,675
748,509,101,675
748,509,101,676
750,498,101,682
748,466,101,702
752,464,101,703
752,464,101,703
748,466,101,702
752,464,101,703
754,464,101,703
754,471,101,698
756,464,101,703
754,464,101,703
756,464,101,703
754,464,101,703
752,462,101,704
754,460,101,705
754,460,101,705
754,459,101,706
748,457,101,707
752,453,101,709
748,496,101,683
748,502,101,680
752,505,101,678
750,505,101,678
747,504,101,679
748,504,101,679
748,500,101,681
770,676,1,570
788,711,1,549
792,741,1,530
797,759,1,518
795,532,69,661
739,498,101,682
739,498,101,682
739,502,101,680
743,504,101,679
743,505,101,678
745,507,101,677
747,504,101,679
748,509,101,676
750,475,101,696
752,464,101,703
750,509,101,675
754,475,101,696
754,468,101,701
756,464,101,703
761,511,101,674
759,495,101,684
757,491,101,686
761,491,101,686
759,471,101,698
761,511,101,674
763,511,101,674
761,507,101,677
761,511,101,674
761,511,101,674
763,498,101,682
759,500,101,681
757,498,101,682
754,502,101,680
754,507,101,677
752,505,101,678
752,504,101,679
750,504,101,679
752,500,101,681
772,709,1,550
788,750,1,524
795,761,1,517
799,768,1,512
745,502,101,680
747,505,101,678
748,507,101,677
748,509,101,676
752,471,101,698
748,464,101,703
750,504,101,679
752,477,101,695
754,507,101,677
754,500,101,681
756,473,101,697
757,511,101,674
757,469,101,699
759,469,101,699
763,469,101,699
761,469,101,699
763,468,101,700
763,468,101,700
763,468,101,701
765,468,101,701
763,468,101,701
763,466,101,702
759,464,101,703
761,462,101,704
761,505,101,678
759,511,101,674
763,513,101,673
763,511,101,674
759,504,101,679
761,509,101,676
761,509,101,676
759,507,101,677
781,698,1,557
797,747,1,526
795,509,69,675
793,691,1,561
765,685,1,565
772,720,1,543
775,741,1,529
779,754,1,521
738,498,101,682
