727,714,5,547
727,720,5,543
725,433,69,721
725,435,69,720
727,435,69,720
727,439,69,718
727,439,69,717
729,439,69,717
729,439,69,717
730,441,69,716
730,441,69,716
730,442,69,715
730,442,69,715
732,442,69,715
734,442,69,715
732,442,69,715
734,442,69,715
734,441,69,716
734,439,69,717
723,432,69,722
721,430,69,723
730,430,69,723
730,428,69,724
732,426,69,725
732,424,69,726
730,423,69,727
732,421,69,728
730,419,69,729
729,417,69,730
729,417,69,730
729,415,69,731
727,414,69,732
727,414,69,732
727,412,69,733
727,410,69,734
725,410,69,734
725,408,69,735
725,406,69,736
721,405,69,737
721,405,69,737
720,405,69,737
718,403,69,738
718,586,5,627
721,687,5,563
725,711,5,549
727,714,5,547
727,720,5,543
729,716,5,545
727,448,69,712
723,412,69,733
720,403,69,738
718,644,5,591
723,709,5,550
725,714,5,546
725,712,5,548
725,707,5,551
729,738,5,532
729,460,69,705
721,421,69,728
718,570,5,638
725,729,5,537
727,741,5,530
729,732,69,535
725,432,69,722
723,432,69,722
723,432,69,722
721,435,69,720
721,433,69,721
723,435,69,720
725,437,69,719
727,439,69,717
727,441,69,716
727,444,69,714
727,442,69,715
730,446,69,713
730,446,69,713
730,446,69,713
730,446,69,713
732,450,69,711
729,444,69,714
723,442,69,715
730,448,69,712
736,448,69,712
729,442,69,715
723,439,69,717
721,439,69,718
730,439,69,717
734,439,69,717
734,437,69,719
725,432,69,722
721,432,69,722
729,433,69,721
732,433,69,721
732,432,69,722
734,430,69,723
734,430,69,723
732,430,69,723
732,428,69,724
730,428,69,724
730,426,69,725
730,426,69,725
730,426,69,725
729,424,69,726
729,424,69,726
729,423,69,727
727,421,69,728
727,421,69,728
727,419,69,729
727,417,69,730
725,415,69,731
721,703,5,553
725,718,5,544
727,721,5,542
727,727,5,539
727,729,5,537
729,736,5,533
727,448,69,712
725,435,69,720
721,435,69,720
723,435,69,720
721,435,69,720
725,439,69,718
725,439,69,718
725,442,69,715
727,446,69,713
727,446,69,713
727,446,69,713
727,448,69,712
730,448,69,712
730,453,69,709
732,448,69,712
734,453,69,709
732,450,69,711
725,444,69,714
725,448,69,712
734,455,69,708
734,455,69,708
729,446,69,713
723,446,69,713
723,446,69,713
730,450,69,711
734,453,69,709
723,446,69,713
721,444,69,714
729,451,69,710
734,450,69,711
727,444,69,714
721,441,69,716
725,444,69,714
730,446,69,713
734,446,69,713
734,444,69,714
734,444,69,714
734,439,69,717
721,433,69,721
725,437,69,719
730,435,69,720
730,433,69,721
730,433,69,721
729,433,69,721
730,433,69,721
730,432,69,722
729,430,69,723
729,430,69,723
729,428,69,724
727,428,69,724
727,428,69,724
727,424,69,726
729,736,5,533
727,448,69,712
725,435,69,720
721,435,69,720
723,435,69,720
721,435,69,720
725,439,69,718
725,439,69,718
725,442,69,715
727,446,69,713
727,446,69,713
727,446,69,713
727,448,69,712
730,448,69,712
730,453,69,709
732,448,69,712
734,453,69,709
732,450,69,711
725,444,69,714
725,448,69,712
734,455,69,708
734,455,69,708
729,446,69,713
723,446,69,713
723,446,69,713
730,450,69,711
734,453,69,709
723,446,69,713
721,444,69,714
729,451,69,710
734,450,69,711
727,444,69,714
721,441,69,716
725,444,69,714
730,446,69,713
734,446,69,713
734,444,69,714
734,444,69,714
734,439,69,717
721,433,69,721
725,437,69,719
730,435,69,720
730,433,69,721
730,433,69,721
729,433,69,721
730,433,69,721
730,432,69,722
729,430,69,723
729,430,69,723
729,428,69,724
727,428,69,724
727,428,69,724
727,424,69,726
725,426,69,725
727,716,5,545
727,723,5,541
729,727,5,539
727,442,69,715
725,433,69,721
721,430,69,723
723,437,69,719
721,439,69,718
727,439,69,718
729,439,69,717
729,442,69,715
730,441,69,716
730,442,69,715
730,446,69,713
732,446,69,713
729,442,69,715
723,439,69,718
727,446,69,713
730,442,69,715
730,439,69,717
732,441,69,716
734,441,69,716
734,441,69,716
723,435,69,720
727,437,69,719
730,437,69,719
730,435,69,720
730,433,69,721
730,433,69,721
729,432,69,722
727,432,69,722
729,432,69,722
727,430,69,723
725,428,69,724
725,426,69,725
723,424,69,726
729,444,69,714
725,433,69,721
727,727,5,538
725,448,69,712
725,439,69,718
723,439,69,718
723,435,69,720
723,709,5,550
720,703,5,553
718,705,5,552
718,702,5,554
718,703,5,553
716,702,5,554
720,705,5,552
720,709,5,550
720,705,5,552
720,703,5,553
721,707,5,551
721,709,5,550
721,711,5,549
721,709,5,550
721,711,5,549
721,711,5,549
721,711,5,549
721,711,5,549
725,712,5,548
725,712,5,548
725,711,5,549
725,709,5,550
723,707,5,551
723,712,5,548
721,705,5,552
723,705,5,552
721,703,5,553
721,702,5,554
721,702,5,555
721,702,5,555
721,702,5,554
723,703,5,553
727,707,5,551
727,705,5,552
725,702,5,554
721,698,5,557
721,702,5,555
725,703,5,553
725,703,5,553
721,702,5,555
723,730,5,536
725,727,5,538
725,732,5,535
727,732,5,535
727,734,5,534
727,729,5,537
727,732,5,535
725,419,69,729
721,412,69,733
718,408,69,735
720,660,5,581
723,716,5,545
725,723,5,541
725,720,5,543
727,720,5,543
727,718,5,544
727,720,5,543
725,716,5,545
725,716,5,545
725,716,5,545
725,716,5,545
725,714,5,546
725,714,5,547
725,714,5,547
725,712,5,548
727,734,5,534
727,736,5,533
725,732,5,535
727,739,5,531
729,448,69,712
725,424,69,726
725,714,5,547
725,714,5,547
725,714,5,546
727,714,5,546
727,711,5,549
725,712,5,548
725,714,5,547
725,711,5,549
725,729,5,537
723,730,5,536
721,729,5,537
721,736,5,533
723,734,5,534
721,732,5,535
723,736,5,533
723,736,5,533
725,738,5,532
727,741,5,530
729,741,5,529
725,428,69,724
723,421,69,728
721,417,69,730
721,415,69,731
725,716,5,545
727,721,5,542
729,721,5,542
723,711,5,549
725,714,5,547
727,714,5,546
725,714,5,547
725,712,5,548
725,711,5,549
725,707,5,551
725,709,5,550
723,707,5,551
725,709,5,550
729,711,5,549
725,705,5,552
723,721,5,542
725,723,5,541
723,716,5,545
721,718,5,544
725,723,5,541
727,723,5,541
729,723,5,541
725,716,5,545
721,716,5,545
725,716,5,545
727,721,5,542
725,714,5,546
723,714,5,547
723,714,5,547
725,714,5,547
727,716,5,545
723,714,5,547
721,712,5,548
721,711,5,549
718,705,5,552
718,705,5,552
718,703,5,553
716,702,5,555
716,702,5,555
721,707,5,551
721,707,5,551
721,707,5,551
721,703,5,553
718,702,5,555
718,702,5,555
721,703,5,553
721,703,5,553
721,703,5,553
721,702,5,554
721,702,5,554
721,702,5,555
720,700,5,556
721,702,5,554
720,702,5,555
721,712,5,548
721,711,5,549
718,705,5,552
718,707,5,551
721,714,5,547
720,709,5,550
718,711,5,549
718,709,5,550
723,714,5,547
721,709,5,550
718,707,5,551
718,702,5,554
721,703,5,553
723,703,5,553
721,702,5,554
718,702,5,555
721,702,5,554
721,702,5,555
723,703,5,553
723,703,5,553
723,702,5,554
725,702,5,554
725,702,5,555
723,702,5,554
725,702,5,554
723,700,5,556
723,700,5,556
723,702,5,555
721,700,5,556
721,698,5,557
721,698,5,557
721,698,5,557
727,738,5,532
727,739,5,531
730,720,69,543
723,423,69,727
718,419,69,729
718,421,69,728
718,417,69,730
720,684,5,566
723,727,5,538
725,730,5,536
727,738,5,532
727,734,5,534
727,714,5,547
727,720,5,543
725,712,5,548
725,716,5,545
725,716,5,545
725,716,5,545
725,714,5,547
725,714,5,546
721,711,5,549
721,709,5,550
721,709,5,550
723,729,5,537
725,729,5,537
725,727,5,538
723,729,5,537
725,732,5,535
725,734,5,534
727,732,5,535
729,739,5,531
727,439,69,718
721,428,69,724
721,428,69,724
721,424,69,726
721,426,69,725
721,424,69,726
727,714,5,547
727,716,5,545
727,718,5,544
727,720,5,543
727,718,5,544
727,718,5,544
727,718,5,544
727,718,5,544
727,716,5,545
727,716,5,545
725,741,5,530
727,741,5,530
727,453,69,709
725,441,69,716
725,442,69,715
721,439,69,717
721,439,69,717
720,439,69,717
721,439,69,717
723,442,69,715
723,442,69,715
725,444,69,714
725,446,69,713
725,451,69,710
727,451,69,710
727,451,69,710
729,453,69,709
729,455,69,708
729,455,69,708
730,457,69,707
730,455,69,708
730,455,69,708
730,457,69,707
732,457,69,707
732,455,69,708
734,457,69,707
732,457,69,707
725,448,69,712
721,451,69,710
729,455,69,708
732,453,69,709
732,455,69,708
732,451,69,710
732,451,69,710
734,450,69,711
730,448,69,712
730,444,69,714
730,446,69,713
730,444,69,714
730,444,69,714
730,444,69,714
730,444,69,714
730,444,69,714
730,446,69,713
730,444,69,714
730,442,69,715
730,444,69,714
729,442,69,715
727,444,69,714
727,444,69,714
730,736,1,533
725,459,69,706
721,451,69,710
721,451,69,710
721,448,69,712
721,448,69,712
721,450,69,711
725,450,69,711
723,450,69,711
721,453,69,709
723,455,69,708
725,457,69,707
725,455,69,708
725,460,69,705
727,459,69,706
725,457,69,707
727,455,69,708
727,455,69,708
727,457,69,707
729,457,69,707
729,460,69,705
730,459,69,706
729,457,69,707
730,460,69,705
730,460,69,705
730,462,69,704
732,462,69,704
730,464,69,703
730,464,69,703
732,460,69,705
721,453,69,709
725,459,69,706
727,453,69,709
730,455,69,708
730,455,69,708
730,455,69,708
730,457,69,707
730,457,69,707
730,460,69,705
730,459,69,706
730,451,69,710
729,450,69,711
727,450,69,711
727,448,69,712
727,444,69,714
727,442,69,715
727,439,69,718
725,439,69,718
725,437,69,719
723,709,5,550
725,707,5,551
721,703,5,553
721,707,5,551
721,702,5,554
721,702,5,554
720,703,5,553
721,702,5,554
729,727,5,539
727,442,69,715
725,433,69,721
725,430,69,723
725,430,69,723
721,433,69,721
721,430,69,723
723,430,69,723
721,432,69,722
721,428,69,724
721,432,69,722
721,432,69,722
725,439,69,718
727,437,69,719
721,430,69,723
723,437,69,719
721,439,69,718
727,439,69,718
729,439,69,717
729,442,69,715
730,441,69,716
730,442,69,715
730,446,69,713
732,446,69,713
729,442,69,715
723,439,69,718
727,446,69,713
730,442,69,715
730,439,69,717
732,441,69,716
734,441,69,716
734,441,69,716
723,435,69,720
727,437,69,719
730,437,69,719
730,435,69,720
730,433,69,721
730,433,69,721
729,432,69,722
727,432,69,722
729,432,69,722
727,430,69,723
725,428,69,724
725,426,69,725
723,424,69,726
721,424,69,726
723,424,69,726
721,423,69,727
721,421,69,728
720,421,69,728
721,419,69,729
721,421,69,728
721,421,69,728
721,419,69,729
718,417,69,730
720,655,5,584
721,702,5,555
725,714,5,547
725,714,5,546
725,712,5,548
721,711,5,549
721,714,5,547
721,714,1,547
723,712,1,548
723,711,1,549
723,712,1,548
721,711,1,549
721,711,1,549
721,709,1,550
721,709,1,550
721,709,1,550
721,711,1,549
721,709,1,550
720,707,1,551
720,707,1,551
721,709,1,550
720,709,1,550
720,707,1,551
720,705,1,552
720,709,1,550
720,707,1,551
718,705,1,552
718,703,1,553
718,705,1,552
718,703,1,553
716,703,5,553
716,705,5,552
718,707,5,551
718,707,5,551
721,709,5,550
721,712,5,548
721,716,5,545
723,721,5,542
725,725,5,540
725,727,5,539
725,727,5,539
727,729,5,537
729,444,69,714
725,433,69,721
725,432,69,722
721,426,69,725
721,426,69,725
721,428,69,724
721,428,69,724
721,426,69,725
721,426,69,725
720,424,69,726
720,428,69,724
720,428,69,724
720,428,69,724
718,622,5,605
721,702,5,555
725,718,5,544
727,727,5,538
725,448,69,712
725,439,69,718
723,439,69,718
723,435,69,720
721,433,69,721
723,433,69,721
721,435,69,720
721,433,69,721
721,433,69,721
721,435,69,720
721,435,69,720
721,433,69,721
721,435,69,720
721,437,69,719
720,433,69,721
721,435,69,720
721,433,69,721
720,432,69,722
721,432,69,722
721,432,69,722
721,433,69,721
721,435,69,720
721,435,69,720
720,433,69,721
721,433,69,721
723,435,69,720
723,435,69,720
721,435,69,720
721,435,69,720
721,435,69,720
721,435,69,720
721,433,69,721
725,433,69,721
723,433,69,721
721,432,69,722
721,432,69,722
721,430,69,723
720,430,69,723
721,428,69,724
720,428,69,724
718,549,5,651
718,676,5,570
721,705,5,552
725,718,5,544
725,723,1,541
725,723,1,541
727,723,1,541
727,723,1,541
725,725,1,540
725,723,1,541
725,727,1,539
725,725,1,540
725,718,1,544
725,712,1,548
725,711,1,549
725,707,1,551
723,705,1,552
721,709,1,550
721,703,1,553
720,702,1,554
718,702,1,555
718,702,1,554
718,702,1,555
716,698,1,557
716,694,1,559
716,693,1,560
714,691,1,561
712,691,5,561
712,689,5,562
712,689,5,562
712,689,5,562
712,687,5,563
714,689,5,562
712,689,5,562
712,689,5,562
714,689,5,562
712,689,5,562
712,694,5,559
712,693,5,560
712,694,5,559
716,698,5,557
718,702,5,555
720,702,5,554
721,702,5,555
720,702,5,554
718,702,5,554
716,702,5,555
718,702,5,555
716,702,5,555
716,700,5,556
718,698,5,557
721,703,5,553
723,709,5,550
720,703,5,553
718,705,5,552
718,702,5,554
718,703,5,553
716,702,5,554
720,705,5,552
720,709,5,550
720,705,5,552
720,703,5,553
721,707,5,551
721,709,5,550
721,711,5,549
721,709,5,550
721,711,5,549
721,711,5,549
721,711,5,549
721,711,5,549
725,712,5,548
725,712,5,548
725,711,5,549
725,709,5,550
723,707,5,551
723,712,5,548
721,705,5,552
723,705,5,552
721,703,5,553
721,702,5,554
721,702,5,555
721,702,5,555
721,702,5,554
723,703,5,553
727,707,5,551
727,705,5,552
725,702,5,554
721,698,5,557
721,702,5,555
725,703,5,553
725,703,5,553
721,702,5,555
720,698,5,557
718,696,5,558
720,698,5,557
723,700,5,556
721,696,5,558
716,691,5,561
714,687,5,563
714,687,5,564
712,685,1,565
709,685,1,565
707,682,1,567
707,682,1,567
705,682,1,567
705,678,1,569
707,676,1,570
705,675,1,571
703,675,1,572
703,675,1,572
702,675,1,572
702,673,1,573
700,667,1,576
698,667,1,576
698,667,1,576
698,667,1,576
698,666,1,577
698,666,1,577
698,666,1,577
694,664,1,578
694,666,1,577
696,664,1,578
694,664,1,578
694,664,1,578
691,660,1,581
691,660,1,581
691,662,1,580
691,662,1,579
691,664,1,578
689,667,1,576
689,664,1,578
689,673,1,573
689,675,1,572
689,678,5,569
689,678,5,569
689,678,5,569
691,687,5,564
693,689,5,562
694,687,5,563
694,696,5,558
700,702,5,554
703,711,5,549
707,709,5,550
709,714,5,547
712,711,5,549
714,716,5,545
716,720,5,543
718,723,5,541
721,727,5,539
721,727,5,539
718,723,5,541
718,721,5,542
720,725,5,540
720,727,5,539
723,729,5,537
723,730,5,536
725,727,5,538
725,732,5,535
727,732,5,535
727,734,5,534
727,729,5,537
727,732,5,535
725,419,69,729
721,412,69,733
718,408,69,735
720,660,5,581
723,716,5,545
725,723,5,541
725,720,5,543
727,720,5,543
727,718,5,544
727,720,5,543
725,716,5,545
725,716,5,545
725,716,5,545
725,716,5,545
725,714,5,546
725,714,5,547
725,714,5,547
725,712,5,548
725,714,5,547
725,712,5,548
727,714,5,546
729,716,5,545
725,417,69,730
716,477,5,695
718,696,5,558
725,712,5,548
725,712,5,548
725,711,5,549
723,709,5,550
721,707,5,551
721,707,5,551
723,709,5,550
721,705,5,552
721,707,5,551
718,703,1,553
718,703,1,553
716,702,1,554
714,702,1,555
712,700,1,556
712,698,1,557
711,698,1,557
711,698,1,557
709,700,1,556
709,698,1,557
709,694,1,559
707,694,1,559
707,694,1,559
707,696,1,558
707,694,1,559
707,694,1,559
707,694,1,559
707,693,1,560
705,691,1,561
705,691,1,561
705,691,1,561
705,689,1,562
703,687,1,563
703,687,5,564
703,685,5,565
707,684,5,566
705,687,5,564
707,687,5,563
707,691,5,561
707,694,5,559
709,694,5,559
707,698,5,557
709,702,5,554
709,707,5,551
711,703,5,553
712,711,5,549
716,723,5,541
718,727,5,539
721,727,5,538
725,729,5,537
727,734,5,534
727,736,5,533
727,736,5,533
727,432,69,722
723,415,69,731
718,412,69,733
718,531,5,662
721,720,5,543
725,732,5,535
727,739,5,531
729,448,69,712
725,424,69,726
723,417,69,730
721,415,69,731
721,414,69,732
721,414,69,732
721,410,69,734
720,412,69,733
720,408,69,735
720,414,69,732
720,414,69,732
721,415,69,731
721,414,69,732
721,412,69,733
720,412,69,733
721,412,69,733
721,410,69,734
721,408,69,735
718,405,69,737
718,405,69,737
718,626,5,602
721,693,5,560
725,707,5,551
725,714,5,547
725,714,5,547
725,714,5,546
727,714,5,546
727,711,5,549
725,712,5,548
725,714,5,547
725,711,5,549
725,709,5,550
725,711,5,549
727,714,5,547
725,421,69,728
718,408,69,735
718,588,5,626
718,689,5,562
723,705,5,552
725,705,5,552
721,707,5,551
721,705,5,552
723,709,5,550
725,707,5,551
725,711,5,549
721,709,5,550
721,707,1,551
720,702,1,554
718,705,1,552
716,702,1,554
716,702,1,555
716,696,1,558
714,694,1,559
712,696,1,558
712,694,1,559
711,696,1,558
711,694,1,559
709,694,1,559
709,693,1,560
709,694,1,559
709,693,1,560
707,689,1,562
707,687,1,563
707,689,1,562
705,689,1,562
705,689,1,562
705,691,1,561
703,689,1,562
703,689,1,562
703,687,5,563
703,689,5,562
705,687,5,563
707,687,5,563
707,689,5,562
707,691,5,561
707,694,5,559
709,694,5,559
709,698,5,557
711,700,5,556
712,702,5,554
714,705,5,552
716,707,5,551
716,712,5,548
718,714,5,546
721,720,5,543
723,727,5,539
725,729,5,537
723,730,5,536
721,729,5,537
721,736,5,533
723,734,5,534
721,732,5,535
723,736,5,533
723,736,5,533
725,738,5,532
727,741,5,530
729,741,5,529
725,428,69,724
723,421,69,728
721,417,69,730
721,415,69,731
721,410,69,734
721,410,69,734
721,408,69,735
721,408,69,735
720,406,69,736
720,405,69,737
720,406,69,736
720,410,69,734
716,408,5,735
721,673,5,573
725,716,5,545
727,721,5,542
729,721,5,542
727,721,5,542
729,455,69,708
725,410,69,734
721,406,69,736
720,403,69,738
718,592,5,624
721,685,5,565
723,711,5,549
725,714,5,547
727,714,5,546
725,714,5,547
725,712,5,548
725,711,5,549
725,707,5,551
725,709,5,550
723,707,5,551
725,709,5,550
729,711,5,549
725,705,5,552
723,703,5,553
723,703,5,553
721,702,5,554
721,702,5,555
723,702,5,554
725,703,5,553
725,702,5,554
723,702,5,554
721,702,5,555
718,700,1,556
716,696,1,558
714,694,1,559
712,693,1,560
711,689,1,562
711,689,1,562
709,687,1,564
707,685,1,565
707,685,1,565
707,682,1,567
705,682,1,567
703,680,1,568
703,678,1,569
703,678,1,569
702,676,1,570
702,675,1,571
700,675,1,571
700,675,1,572
698,673,1,573
698,669,1,575
698,669,1,575
698,671,1,574
698,669,1,575
694,669,5,575
694,673,5,573
698,675,5,571
700,675,5,571
703,675,5,571
700,678,5,569
700,676,5,570
700,682,5,567
700,687,5,564
698,689,5,562
700,691,5,561
700,696,5,558
700,702,5,555
703,694,5,559
705,700,5,556
709,709,5,550
709,711,5,549
712,709,5,550
714,714,5,546
716,716,5,545
718,716,5,545
720,718,5,544
721,720,5,543
718,718,5,544
718,716,5,545
718,720,5,543
723,721,5,542
725,723,5,541
723,716,5,545
721,718,5,544
725,723,5,541
727,723,5,541
729,723,5,541
725,716,5,545
721,716,5,545
725,716,5,545
727,721,5,542
725,714,5,546
723,714,5,547
723,714,5,547
725,714,5,547
727,716,5,545
723,714,5,547
721,712,5,548
721,711,5,549
718,705,5,552
718,705,5,552
718,703,5,553
716,702,5,555
716,702,5,555
721,707,5,551
721,707,5,551
721,707,5,551
721,703,5,553
718,702,5,555
718,702,5,555
721,703,5,553
721,703,5,553
721,703,5,553
721,702,5,554
721,702,5,554
721,702,5,555
720,700,5,556
721,702,5,554
720,702,5,555
721,702,5,555
721,702,5,554
720,702,5,555
718,700,5,556
714,696,5,558
716,698,5,557
716,694,5,559
714,691,5,561
714,691,1,561
712,689,1,562
709,687,1,563
707,687,1,564
707,687,1,563
705,685,1,565
705,685,1,565
703,685,1,565
703,684,1,566
703,680,1,568
702,678,1,569
700,676,1,570
700,676,1,570
700,675,1,571
700,676,1,570
698,675,1,571
698,675,1,572
698,673,1,573
696,673,1,573
696,673,1,573
694,673,1,573
694,671,1,574
694,667,1,576
691,666,5,577
691,666,5,577
691,669,5,575
691,669,5,575
691,669,5,575
691,669,5,575
691,671,5,574
691,673,5,573
693,675,5,571
691,675,5,572
693,675,5,571
691,676,5,570
694,680,5,568
698,684,5,566
700,687,5,564
703,689,5,562
703,691,5,561
705,693,5,560
707,694,5,559
707,693,5,560
709,696,5,558
709,698,5,557
709,698,5,557
712,700,5,556
712,702,5,555
714,702,5,554
714,703,5,553
716,703,5,553
716,705,5,552
718,705,5,552
720,709,5,550
720,711,5,549
721,712,5,548
721,711,5,549
718,705,5,552
718,707,5,551
721,714,5,547
720,709,5,550
718,711,5,549
718,709,5,550
723,714,5,547
721,709,5,550
718,707,5,551
718,702,5,554
721,703,5,553
723,703,5,553
721,702,5,554
718,702,5,555
721,702,5,554
721,702,5,555
723,703,5,553
723,703,5,553
723,702,5,554
725,702,5,554
725,702,5,555
723,702,5,554
725,702,5,554
723,700,5,556
723,700,5,556
723,702,5,555
721,700,5,556
721,698,5,557
721,698,5,557
721,698,5,557
720,691,5,561
720,694,5,559
720,694,5,559
720,694,5,559
718,693,5,560
718,691,5,561
716,687,5,563
714,687,5,563
711,687,5,563
709,687,1,564
707,682,1,567
705,676,1,570
703,676,1,570
702,675,1,571
700,675,1,571
700,675,1,572
700,671,1,574
698,671,1,574
698,669,1,575
696,667,1,576
694,666,1,577
694,666,1,577
694,664,1,578
693,664,1,578
693,664,1,578
691,664,1,578
691,662,1,579
691,666,1,577
689,666,1,577
689,664,1,578
689,662,1,579
689,662,1,580
685,662,5,580
685,664,5,578
687,662,5,580
687,664,5,578
687,664,5,578
687,664,5,578
689,669,5,575
689,671,5,574
689,675,5,571
689,678,5,569
691,685,5,565
694,687,5,563
696,689,5,562
698,698,5,557
702,698,5,557
703,700,5,556
707,702,5,554
709,705,5,552
712,712,5,548
712,711,5,549
714,718,5,544
716,723,5,541
718,723,5,541
720,725,5,540
721,729,5,537
725,732,5,535
727,738,5,532
727,739,5,531
730,720,69,543
723,423,69,727
718,419,69,729
718,421,69,728
718,417,69,730
720,684,5,566
723,727,5,538
725,730,5,536
727,738,5,532
727,734,5,534
725,426,69,725
721,419,69,729
720,417,69,730
720,415,69,731
720,412,69,733
720,410,69,734
718,523,5,667
723,684,5,566
727,714,5,547
727,720,5,543
727,727,5,539
725,423,69,727
725,415,69,731
723,410,69,734
718,410,69,734
718,408,69,735
718,649,5,587
721,698,5,557
725,712,5,548
725,716,5,545
725,716,5,545
725,716,5,545
725,714,5,547
725,714,5,546
721,711,5,549
721,709,5,550
721,709,5,550
723,712,5,548
725,714,5,547
727,712,5,548
727,711,5,549
723,711,5,549
720,703,5,553
720,707,5,551
721,707,5,551
720,707,1,551
718,702,1,554
716,702,1,555
714,702,1,554
712,698,1,557
712,696,1,558
711,696,1,558
709,694,1,559
709,693,1,560
707,691,1,561
707,693,1,560
705,687,1,563
703,685,1,565
703,685,1,565
703,685,1,565
703,687,1,564
702,684,1,566
700,684,1,566
700,680,1,568
700,678,1,569
698,676,1,570
698,678,1,569
698,675,1,571
698,673,5,573
694,675,5,572
698,673,5,573
698,673,5,573
698,671,5,574
698,676,5,570
698,682,5,567
700,684,5,566
700,687,5,564
702,691,5,561
702,689,5,562
702,689,5,562
702,691,5,561
707,696,5,558
709,698,5,557
709,702,5,554
712,703,5,553
714,709,5,550
716,714,5,546
718,718,5,544
721,723,5,541
723,725,5,540
723,729,5,537
725,729,5,537
725,727,5,538
723,729,5,537
725,732,5,535
725,734,5,534
727,732,5,535
729,739,5,531
727,439,69,718
721,428,69,724
721,428,69,724
721,424,69,726
721,426,69,725
721,424,69,726
721,423,69,727
721,424,69,726
721,424,69,726
721,424,69,726
721,423,69,727
721,421,69,728
721,419,69,729
721,417,69,730
720,415,69,731
720,414,69,732
721,412,69,733
721,412,69,733
721,412,69,733
718,410,69,734
720,412,69,733
718,410,69,734
718,619,5,607
725,696,5,558
727,714,5,547
727,716,5,545
727,718,5,544
727,720,5,543
727,718,5,544
727,718,5,544
727,718,5,544
727,718,5,544
727,716,5,545
727,716,5,545
727,716,5,545
727,716,5,545
727,714,5,546
727,718,5,544
727,439,69,717
718,424,69,726
716,628,5,601
718,703,5,553
721,712,5,548
723,711,1,549
721,712,1,548
721,712,1,548
720,711,1,549
720,711,1,549
720,712,1,548
718,711,1,549
718,709,1,550
718,711,1,549
716,709,1,550
716,709,1,550
716,709,1,550
716,709,1,550
716,707,1,551
716,709,1,550
716,711,1,549
716,712,1,548
716,712,1,548
716,711,1,549
714,711,1,549
714,711,1,549
716,709,1,550
714,709,1,550
714,711,1,549
714,712,1,548
716,712,1,548
716,711,1,549
716,714,1,546
716,712,1,548
716,714,1,547
716,714,1,546
716,716,1,545
716,714,1,546
716,716,5,545
718,720,5,543
720,725,5,540
721,727,5,538
723,736,5,533
725,741,5,530
727,741,5,530
727,453,69,709
725,441,69,716
725,442,69,715
721,439,69,717
721,439,69,717
720,439,69,717
721,439,69,717
723,442,69,715
723,442,69,715
725,444,69,714
725,446,69,713
725,451,69,710
727,451,69,710
727,451,69,710
729,453,69,709
729,455,69,708
729,455,69,708
730,457,69,707
730,455,69,708
730,455,69,708
730,457,69,707
732,457,69,707
732,455,69,708
734,457,69,707
732,457,69,707
725,448,69,712
721,451,69,710
729,455,69,708
732,453,69,709
732,455,69,708
732,451,69,710
732,451,69,710
734,450,69,711
730,448,69,712
730,444,69,714
730,446,69,713
730,444,69,714
730,444,69,714
730,444,69,714
730,444,69,714
730,444,69,714
730,446,69,713
730,444,69,714
730,442,69,715
730,444,69,714
729,442,69,715
727,444,69,714
727,444,69,714
727,444,69,714
727,444,69,714
725,442,69,715
727,442,69,715
725,446,69,713
720,442,69,715
718,439,69,718
718,664,5,578
723,711,1,549
727,720,1,543
727,727,1,538
727,729,1,537
727,730,1,536
727,729,1,537
727,732,1,535
727,730,1,536
727,732,1,535
729,734,1,534
729,734,1,534
729,734,1,534
729,732,1,535
729,734,1,534
729,734,1,534
729,736,1,533
730,738,1,532
730,736,1,533
730,736,1,533
730,736,1,533
730,736,1,533
730,736,1,533
730,736,1,533
725,459,69,706
721,451,69,710
721,451,69,710
721,448,69,712
721,448,69,712
721,450,69,711
725,450,69,711
723,450,69,711
721,453,69,709
723,455,69,708
725,457,69,707
725,455,69,708
725,460,69,705
727,459,69,706
725,457,69,707
727,455,69,708
727,455,69,708
727,457,69,707
729,457,69,707
729,460,69,705
730,459,69,706
729,457,69,707
730,460,69,705
730,460,69,705
730,462,69,704
732,462,69,704
730,464,69,703
730,464,69,703
732,460,69,705
721,453,69,709
725,459,69,706
727,453,69,709
730,455,69,708
730,455,69,708
730,455,69,708
730,457,69,707
730,457,69,707
730,460,69,705
730,459,69,706
730,451,69,710
729,450,69,711
727,450,69,711
727,448,69,712
727,444,69,714
727,442,69,715
727,439,69,718
725,439,69,718
725,437,69,719
725,433,69,721
723,432,69,722
723,430,69,723
721,428,69,724
720,426,69,725
718,549,5,651
720,682,5,567
721,700,5,556
723,703,5,553
723,709,5,550
725,707,5,551
721,703,5,553
721,707,5,551
721,702,5,554
721,702,5,554
720,703,5,553
721,702,5,554
721,700,5,556
721,703,5,553
725,709,5,550
725,707,5,551
721,702,5,554
718,698,5,557
718,698,5,557
718,698,5,557
716,694,1,559
714,689,1,562
714,689,1,562
712,687,1,563
711,687,1,563
711,687,1,564
709,687,1,564
709,687,1,564
709,685,1,565
709,684,1,566
707,682,1,567
707,682,1,567
705,680,1,568
707,676,1,570
703,678,1,569
700,675,1,571
700,675,1,571
700,673,1,573
698,673,1,573
698,671,1,574
696,669,1,575
698,669,1,575
698,667,1,576
696,664,5,578
693,667,5,576
694,667,5,576
694,666,5,577
694,666,5,577
694,671,5,574
694,673,5,573
694,673,5,573
694,682,5,567
694,678,5,569
694,682,5,567
696,684,5,566
698,685,5,565
700,687,5,564
700,687,5,563
703,693,5,560
705,698,5,557
707,702,5,554
709,707,5,551
711,703,5,553
711,703,5,553
712,707,5,551
714,712,5,548
716,714,5,547
718,716,5,545
720,723,5,541
718,718,5,544
716,718,5,544
727,703,5,553
723,702,5,555
716,693,5,560
716,694,5,559
714,696,5,558
718,702,5,554
714,700,5,556
714,698,5,557
716,698,5,557
718,702,5,555
720,702,5,554
716,698,5,557
712,696,5,558
716,698,5,557
718,700,5,556
718,702,5,555
718,702,5,555
718,702,5,555
721,709,5,550
721,709,5,550
727,714,5,547
725,707,5,551
721,707,5,551
721,705,5,552
720,703,5,553
720,702,5,554
721,702,5,554
721,702,5,554
718,702,5,555
714,696,5,558
714,694,5,559
714,691,5,561
709,689,5,562
709,691,5,561
709,687,5,563
709,689,5,562
720,702,5,555
718,702,5,554
716,702,5,555
716,705,5,552
716,707,5,551
716,702,5,554
716,702,5,555
716,702,5,555
716,700,5,556
716,702,5,555
716,700,5,556
714,698,5,557
721,712,1,548
723,709,1,550
723,711,1,549
721,709,1,550
721,709,1,550
721,705,1,552
721,705,1,552
721,703,1,553
720,702,1,555
718,700,1,556
720,700,1,556
716,696,1,558
734,464,69,703
730,459,69,706
730,459,69,706
734,462,69,704
732,459,69,706
734,460,69,705
736,460,69,705
730,455,69,708
732,455,69,708
727,450,69,711
732,450,69,711
734,450,69,711
730,446,69,713
730,448,69,712
727,637,1,596
729,714,1,546
725,727,1,539
734,736,1,533
734,738,1,532
727,732,1,535
725,732,1,535
729,734,1,534
727,734,1,534
727,732,1,535
725,732,1,535
729,736,1,533
729,736,1,533
734,757,1,519
734,759,1,518
736,757,1,519
734,757,1,519
736,757,1,519
736,765,1,515
736,765,1,515
736,761,1,517
736,765,1,515
736,757,1,519
734,752,1,523
729,743,1,528
729,747,1,526
732,745,1,527
734,743,1,528
734,745,1,527
732,743,1,528
734,741,1,529
730,741,1,529
732,741,1,530
732,739,1,531
729,739,1,531
730,739,1,531
729,739,1,531
727,732,1,535
736,743,1,528
730,736,1,533
736,741,1,530
730,736,1,533
729,736,1,533
736,741,1,529
734,748,1,525
732,747,1,526
734,752,1,523
734,444,69,714
730,439,69,718
736,439,69,717
734,435,69,720
730,432,69,722
727,428,69,724
730,430,69,723
730,424,69,726
729,423,69,727
727,419,69,729
727,568,1,639
729,703,1,553
721,720,1,543
730,730,1,536
725,727,1,539
725,727,1,539
732,732,1,535
721,721,1,542
730,727,1,539
730,441,69,716
730,441,69,716
729,439,69,717
730,439,69,717
730,439,69,717
730,655,1,584
730,714,1,547
721,709,1,550
723,705,1,552
725,702,1,554
723,702,1,554
723,702,1,554
723,703,1,553
723,702,1,554
725,703,1,553
723,702,1,555
723,702,1,555
723,700,1,556
721,698,1,557
721,696,1,558
721,694,1,559
718,693,1,560
718,694,1,559
718,694,1,559
718,691,1,561
721,712,1,548
723,709,1,550
721,709,1,550
721,707,1,551
721,705,1,552
718,703,1,553
721,703,1,553
721,703,1,553
721,702,1,554
721,700,1,556
721,698,1,557
720,698,1,557
718,694,1,559
718,694,1,559
718,694,1,559
716,691,1,561
716,689,1,562
723,727,1,539
729,734,1,534
727,729,1,537
729,732,1,535
732,734,1,534
729,428,69,724
734,428,69,724
730,424,69,726
730,424,69,726
734,423,69,727
729,421,69,728
730,421,69,728
732,421,69,728
732,419,69,729
727,415,69,731
727,415,69,731
725,612,1,612
727,711,1,549
721,714,1,546
732,729,1,537
734,732,1,535
729,729,1,537
725,729,1,537
725,729,1,537
734,736,1,533
729,732,1,535
734,752,1,523
736,750,1,524
736,750,1,524
734,743,1,528
734,745,1,527
736,754,1,521
736,745,1,527
730,716,1,545
730,723,1,541
729,727,1,539
732,730,1,536
730,729,1,537
730,727,1,539
732,727,1,539
734,727,1,539
730,723,1,541
736,727,1,538
738,727,1,538
736,466,69,702
729,442,69,715
730,442,69,715
732,444,69,714
732,444,69,714
729,442,69,715
729,442,69,715
730,444,69,714
730,444,69,714
727,714,1,546
725,712,1,548
727,711,1,549
727,712,1,548
725,711,1,549
725,707,1,551
725,707,1,551
725,707,1,551
725,707,1,551
725,707,1,551
725,705,1,552
725,703,1,553
725,702,1,554
732,757,1,519
730,761,1,517
732,759,1,518
736,761,1,517
734,761,1,517
732,759,1,518
736,759,1,518
734,757,1,519
736,759,1,518
730,747,1,526
734,748,1,525
736,743,1,528
729,732,1,535
734,738,1,532
734,736,1,533
736,738,1,532
734,734,1,534
736,734,1,534
736,734,1,534
730,730,1,536
734,729,1,537
734,730,1,536
734,734,1,534
734,729,1,537
732,727,1,539
732,748,1,525
734,747,1,526
736,748,1,525
736,745,1,527
730,732,1,535
732,732,1,535
730,727,1,538
732,734,1,534
730,732,1,535
730,732,1,535
730,729,1,537
729,732,1,535
727,727,1,539
734,732,1,535
730,727,1,539
729,723,1,541
732,727,1,539
734,729,1,537
729,725,1,540
736,732,1,535
736,723,1,541
721,707,1,551
721,707,1,551
723,707,1,551
725,705,1,552
723,705,1,552
723,702,1,554
721,702,1,555
723,700,1,556
723,700,1,556
738,477,69,695
727,439,69,718
736,439,69,717
730,435,69,720
734,435,69,720
730,433,69,721
736,433,69,721
736,433,69,721
729,428,69,724
730,423,69,727
730,631,1,599
727,727,1,539
729,738,1,532
730,736,1,533
730,739,1,531
730,741,1,529
734,739,1,531
732,741,1,529
732,745,1,527
734,745,1,527
732,741,1,530
730,739,1,531
730,738,1,532
736,462,69,704
734,460,69,705
736,468,69,701
734,473,69,697
734,468,69,701
736,468,69,700
736,468,69,700
736,468,69,700
729,462,69,704
734,468,69,700
736,471,69,698
738,468,69,700
736,468,69,701
730,462,69,704
734,468,69,701
736,466,69,702
729,460,69,705
732,464,69,703
736,466,69,702
736,466,69,702
730,459,69,706
734,464,69,703
736,464,69,703
734,459,69,706
729,457,69,707
730,457,69,707
734,459,69,706
734,459,69,706
734,455,69,708
734,455,69,708
734,455,69,708
738,455,69,708
725,588,1,626
732,714,1,546
729,729,1,537
729,738,1,532
730,739,1,531
734,415,69,731
732,415,69,731
730,415,69,731
730,415,69,731
732,415,69,731
727,423,69,727
732,424,69,726
736,448,69,712
732,448,69,712
736,453,69,709
734,451,69,710
734,455,69,708
739,457,69,707
734,455,69,708
730,457,69,707
734,459,69,706
736,460,69,705
734,460,69,705
736,464,69,703
734,462,69,704
736,462,69,704
734,464,69,703
734,462,69,704
734,460,69,705
732,459,69,706
734,459,69,706
738,459,69,706
734,459,69,706
736,457,69,707
734,457,69,707
736,455,69,708
736,453,69,709
732,450,69,711
734,446,69,713
732,444,69,714
732,442,69,715
732,444,69,714
732,446,69,713
736,446,69,713
734,442,69,715
734,442,69,715
736,441,69,716
732,439,69,717
734,442,69,715
734,442,69,715
734,761,1,517
732,765,1,515
732,768,1,513
734,768,1,513
736,768,1,512
736,770,1,511
736,772,1,510
738,777,1,507
736,473,69,697
736,469,69,699
738,469,69,699
730,468,69,701
732,468,69,700
738,475,69,696
736,471,69,698
734,468,69,701
732,468,69,700
734,469,69,699
734,468,69,700
736,469,69,699
736,469,69,699
734,471,69,698
734,471,69,698
734,468,69,701
734,469,69,699
736,471,69,698
736,477,69,695
736,477,69,695
736,475,69,696
738,471,69,698
738,471,69,698
736,468,69,700
736,468,69,701
732,466,69,702
729,460,69,705
729,459,69,706
730,462,69,704
734,464,69,703
734,460,69,705
736,460,69,705
736,457,69,707
736,457,69,707
736,455,69,708
734,453,69,709
734,451,69,710
732,450,69,711
734,450,69,711
739,441,69,716
736,439,69,718
736,439,69,717
738,439,69,717
736,439,69,718
738,439,69,717
738,439,69,717
736,439,69,718
739,439,69,717
736,441,69,716
730,439,69,718
736,441,69,716
734,439,69,717
734,439,69,717
736,439,69,717
732,439,69,718
734,439,69,717
730,439,69,717
736,442,69,715
734,439,69,717
736,442,69,715
732,441,69,716
734,441,69,716
736,446,69,713
734,446,69,713
738,450,69,711
727,576,1,634
732,711,1,549
727,727,1,538
727,734,1,534
727,738,1,532
727,738,1,532
727,738,1,532
729,741,1,529
738,748,69,525
732,453,69,709
732,453,69,709
734,450,69,711
730,450,69,711
732,446,69,713
732,444,69,714
734,444,69,714
736,442,69,715
729,442,69,715
732,448,69,712
734,450,69,711
736,451,69,710
736,450,69,711
730,446,69,713
727,442,69,715
734,448,69,712
736,444,69,714
729,441,69,716
738,444,69,714
734,444,69,714
734,439,69,717
727,441,69,716
734,442,69,715
732,441,69,716
732,441,69,716
732,439,69,717
734,442,69,715
730,424,69,726
727,419,69,729
727,619,1,607
730,702,1,554
732,725,1,540
736,736,1,533
736,736,1,533
734,738,1,532
734,741,1,530
734,741,1,529
736,747,1,526
738,748,1,525
734,442,69,715
729,433,69,721
727,426,69,725
729,426,69,725
729,426,69,725
727,426,69,725
729,426,69,725
727,426,69,725
729,424,69,726
729,428,69,724
727,426,69,725
727,424,69,726
734,426,69,725
730,426,69,725
736,424,69,726
734,424,69,726
739,426,69,725
734,426,69,725
734,424,69,726
736,423,69,727
729,415,69,731
727,412,69,733
730,415,69,731
736,417,69,730
732,415,69,731
736,415,69,731
730,414,69,732
736,414,69,732
734,410,69,734
730,408,69,735
730,408,69,735
730,651,1,586
732,720,1,543
725,727,1,539
734,732,1,535
725,723,1,541
730,729,1,537
725,727,1,539
729,729,1,537
729,729,1,537
732,732,1,535
729,721,1,542
727,720,1,543
730,727,1,539
730,723,1,541
721,725,1,540
729,732,1,535
723,727,1,538
729,738,1,532
727,727,1,538
729,734,1,534
727,721,1,542
725,705,1,552
725,707,1,551
727,707,1,551
727,705,1,552
727,705,1,552
725,705,1,552
725,703,1,553
725,703,1,553
725,703,1,553
725,703,1,553
725,702,1,554
725,703,1,553
725,703,1,553
725,703,1,553
725,702,1,555
725,703,1,553
723,702,1,554
725,702,1,554
727,702,1,555
725,702,1,555
725,702,1,555
725,702,1,555
725,702,1,554
725,702,1,554
727,707,1,551
727,707,1,551
727,709,1,550
727,709,1,550
727,709,1,550
727,709,1,550
727,707,1,551
725,703,1,553
727,703,1,553
725,707,1,551
725,707,1,551
727,707,1,551
727,705,1,552
727,705,1,552
727,703,1,553
727,703,1,553
725,705,1,552
725,703,1,553
727,718,1,544
736,721,1,542
736,721,1,542
736,720,1,543
730,743,1,528
732,741,1,529
732,752,1,523
734,747,1,526
734,748,1,525
730,739,1,531
730,741,1,530
736,741,1,529
734,417,69,730
730,410,69,734
734,410,69,734
730,406,69,736
734,403,69,738
734,403,69,738
729,401,69,739
734,403,69,738
736,405,69,737
727,397,69,741
730,399,69,740
725,531,1,662
730,691,1,561
730,723,1,541
734,725,1,540
736,732,1,535
738,730,1,536
734,723,1,541
729,721,1,542
734,727,1,539
736,417,69,730
736,419,69,729
732,421,69,728
730,415,69,731
729,419,69,729
734,421,69,728
734,419,69,729
736,417,69,730
734,415,69,731
734,414,69,732
732,412,69,733
730,419,69,729
732,423,69,727
730,417,69,730
730,415,69,731
734,423,69,727
730,421,69,728
729,421,69,728
732,424,69,726
736,424,69,726
734,421,69,728
729,415,69,731
727,628,1,601
727,727,1,538
732,729,1,537
730,734,1,534
734,741,1,529
730,741,1,529
730,741,1,530
730,739,1,531
730,736,1,533
736,736,1,533
730,732,1,535
734,736,1,533
730,732,1,535
736,437,69,719
736,439,69,717
739,444,69,714
734,446,69,713
739,453,69,709
736,453,69,709
739,459,69,706
730,459,69,706
730,460,69,705
734,468,69,701
739,469,69,699
736,469,69,699
734,468,69,700
732,469,69,699
734,471,69,698
734,471,69,698
734,473,69,697
736,473,69,697
736,477,69,695
738,477,69,695
738,477,69,695
734,471,69,698
734,468,69,701
734,466,69,702
734,466,69,702
736,468,69,700
734,468,69,700
734,468,69,701
736,466,69,702
734,466,69,702
738,468,69,701
739,464,69,703
734,460,69,705
732,457,69,707
730,451,69,710
730,455,69,708
736,457,69,707
738,455,69,708
736,451,69,710
729,446,69,713
730,446,69,713
734,448,69,712
736,446,69,713
736,446,69,713
734,444,69,714
734,446,69,713
727,721,1,542
725,720,1,543
730,723,1,541
721,714,1,546
727,727,1,539
727,721,1,542
721,718,1,544
727,723,1,541
730,408,69,735
736,410,69,734
732,408,69,735
736,410,69,734
734,410,69,734
736,410,69,734
736,412,69,733
732,408,69,735
730,408,69,735
732,408,69,735
729,405,69,737
736,406,69,736
736,408,69,735
734,405,69,737
736,405,69,737
736,405,69,737
730,396,69,742
734,396,69,742
727,388,69,746
734,390,69,745
732,390,69,745
734,388,69,746
734,388,69,746
730,387,69,747
730,385,69,748
734,383,69,749
732,383,69,749
736,745,1,527
734,414,69,732
727,703,1,553
734,745,1,527
738,473,69,697
732,415,69,731
730,417,69,730
736,419,69,729
732,417,69,730
738,421,69,728
734,423,69,727
738,424,69,726
736,424,69,726
736,426,69,725
741,428,69,724
727,421,69,728
734,426,69,725
734,428,69,724
730,426,69,725
730,428,69,724
732,432,69,722
734,432,69,722
734,432,69,722
734,432,69,722
736,430,69,723
736,428,69,724
736,430,69,723
734,428,69,724
734,426,69,725
736,426,69,725
734,424,69,726
738,426,69,725
736,423,69,727
734,423,69,727
734,423,69,727
734,419,69,729
732,417,69,730
736,415,69,731
730,412,69,733
730,408,69,735
730,406,69,736
730,405,69,737
736,403,69,738
727,396,69,742
736,399,69,740
736,397,69,741
730,394,69,743
734,397,69,741
734,410,69,734
734,415,69,731
736,417,69,730
734,417,69,730
738,417,69,730
734,415,69,731
732,415,69,731
738,417,69,730
736,414,69,732
734,412,69,733
738,414,69,732
734,414,69,732
730,410,69,734
730,412,69,733
734,414,69,732
729,410,69,734
734,412,69,733
730,410,69,734
729,408,69,735
734,412,69,733
736,415,69,731
734,415,69,731
738,415,69,731
730,412,69,733
732,412,69,733
736,414,69,732
734,415,69,731
736,415,69,731
734,414,69,732
736,415,69,731
734,414,69,732
734,433,69,721
730,435,69,720
736,439,69,717
730,439,69,717
736,442,69,715
736,444,69,714
734,446,69,713
736,455,69,708
739,459,69,706
725,586,1,627
734,718,1,544
734,757,1,519
736,766,1,514
736,768,1,513
734,469,69,699
729,460,69,705
730,462,69,704
730,466,69,702
736,464,69,703
738,468,69,701
739,469,69,699
734,468,69,701
732,464,69,703
730,462,69,704
730,462,69,704
730,462,69,704
730,462,69,704
729,459,69,706
730,460,69,705
730,460,69,705
729,455,69,708
730,453,69,709
729,450,69,711
732,453,69,709
734,453,69,709
736,455,69,708
736,453,69,709
738,451,69,710
736,453,69,709
738,451,69,710
736,451,69,710
739,451,69,710
738,451,69,710
738,451,69,710
736,448,69,712
732,437,69,719
730,433,69,721
727,433,69,721
727,430,69,723
730,432,69,722
734,433,69,721
736,435,69,720
734,435,69,720
736,439,69,717
736,439,69,717
736,441,69,716
736,441,69,716
739,444,69,714
734,444,69,714
734,446,69,713
734,448,69,712
734,450,69,711
738,457,69,707
734,455,69,708
727,459,69,706
729,462,69,704
739,469,69,699
738,471,69,698
730,469,69,699
730,475,69,696
734,473,69,697
734,477,69,695
736,482,69,692
736,482,69,692
736,486,69,690
738,486,69,690
736,486,69,690
734,487,69,689
736,487,69,689
739,489,69,687
738,489,69,687
738,489,69,687
739,489,69,687
739,489,69,687
736,489,69,688
738,489,69,687
736,489,69,688
736,489,69,688
736,486,69,690
736,484,69,691
736,484,69,691
734,482,69,692
736,480,69,693
736,480,69,693
736,480,69,693
736,478,69,694
734,473,69,697
734,471,69,698
734,468,69,701
736,469,69,699
736,471,69,698
739,471,69,698
736,468,69,701
730,464,69,703
730,468,69,701
734,468,69,701
734,466,69,702
732,464,69,703
738,457,69,707
734,455,69,708
734,457,69,707
734,460,69,705
736,460,69,705
730,464,69,703
734,468,69,700
739,471,69,698
734,471,69,698
734,473,69,697
734,471,69,698
734,473,69,697
736,473,69,697
738,477,69,695
738,477,69,695
736,477,69,695
739,475,69,696
734,469,69,699
732,469,69,699
734,471,69,698
732,469,69,699
732,468,69,700
730,468,69,701
730,466,69,702
730,464,69,703
732,464,69,703
730,462,69,704
730,462,69,704
732,466,69,702
736,469,69,699
739,468,69,700
739,471,69,698
738,471,69,698
734,468,69,700
732,469,69,699
732,468,69,700
730,468,69,701
730,464,69,703
730,462,69,704
729,462,69,704
730,462,69,704
732,462,69,704
734,466,69,702
738,466,69,702
739,464,69,703
739,464,69,703
736,459,69,706
732,455,69,708
730,453,69,709
729,450,69,711
730,448,69,712
730,453,69,709
734,455,69,708
732,453,69,709
743,743,1,528
743,741,1,530
736,439,69,718
734,428,69,724
734,426,69,725
732,423,69,727
730,421,69,728
730,417,69,730
727,415,69,731
727,414,69,732
727,558,1,646
727,682,1,567
729,716,1,545
729,720,1,543
730,727,1,539
732,732,1,535
734,736,1,533
732,739,1,531
729,738,1,532
732,745,1,527
734,741,1,529
734,750,1,524
736,754,1,521
736,748,1,525
732,743,1,528
734,747,1,526
730,745,1,527
732,745,1,527
736,754,1,521
736,754,1,521
736,754,1,522
736,745,1,527
734,754,1,522
736,756,1,520
736,754,1,521
734,455,69,708
730,428,69,724
732,426,69,725
734,430,69,723
736,432,69,722
738,433,69,721
730,423,69,727
734,426,69,725
734,428,69,724
734,428,69,724
734,426,69,725
734,426,69,725
734,424,69,726
734,421,69,728
732,421,69,728
734,417,69,730
732,415,69,731
736,419,69,729
730,415,69,731
734,417,69,730
730,417,69,730
736,414,69,732
730,410,69,734
736,412,69,733
734,410,69,734
729,406,69,736
732,410,69,734
736,410,69,734
734,408,69,735
736,406,69,736
734,406,69,736
734,406,69,736
734,419,69,729
734,421,69,728
734,419,69,729
736,423,69,727
734,421,69,728
736,424,69,726
736,426,69,725
739,426,69,725
736,426,69,725
729,424,69,726
732,423,69,727
739,430,69,723
732,424,69,726
730,428,69,724
730,426,69,725
730,426,69,725
729,428,69,724
729,428,69,724
730,426,69,725
730,424,69,726
734,432,69,722
736,433,69,721
736,432,69,722
736,432,69,722
736,433,69,721
738,432,69,722
736,430,69,723
739,428,69,724
732,421,69,728
729,419,69,729
729,419,69,729
734,417,69,730
734,417,69,730
734,414,69,732
736,412,69,733
734,410,69,734
732,406,69,736
730,405,69,737
736,408,69,735
730,401,69,739
729,401,69,739
734,406,69,736
734,406,69,736
732,739,1,531
732,741,1,530
736,466,69,702
732,424,69,726
739,424,69,726
738,424,69,726
730,421,69,728
734,426,69,725
730,424,69,726
732,426,69,725
729,430,69,723
730,428,69,724
734,433,69,721
730,432,69,722
734,435,69,720
732,433,69,721
734,435,69,720
732,437,69,719
732,437,69,719
734,439,69,717
736,441,69,716
736,439,69,718
738,444,69,714
736,441,69,716
739,439,69,718
732,441,69,716
730,439,69,718
730,439,69,718
727,435,69,720
732,439,69,717
736,442,69,715
739,442,69,715
732,435,69,720
730,433,69,721
729,432,69,722
729,428,69,724
732,430,69,723
734,432,69,722
738,430,69,723
736,428,69,724
736,428,69,724
738,424,69,726
736,419,69,729
736,419,69,729
736,415,69,731
734,414,69,732
734,412,69,733
734,410,69,734
732,414,69,732
732,412,69,733
734,412,69,733
730,410,69,734
736,421,69,728
730,408,69,735
729,405,69,737
727,403,69,738
727,405,69,737
730,660,1,581
734,718,1,544
736,732,1,535
736,732,1,535
736,739,1,531
736,741,1,529
732,745,1,527
730,750,1,524
730,752,1,523
736,761,1,517
736,759,1,518
736,759,1,518
736,761,1,517
736,761,1,517
736,761,1,517
736,466,69,702
730,446,69,713
732,444,69,714
729,441,69,716
730,441,69,716
736,444,69,714
741,453,69,709
732,442,69,715
729,444,69,714
734,446,69,713
736,444,69,714
736,441,69,716
736,439,69,717
736,444,69,714
738,444,69,714
738,444,69,714
739,442,69,715
738,442,69,715
739,446,69,713
736,442,69,715
730,441,69,716
730,439,69,717
730,439,69,717
730,439,69,718
736,441,69,716
739,439,69,717
739,441,69,716
739,437,69,719
739,435,69,720
736,433,69,721
738,433,69,721
736,428,69,724
736,426,69,725
736,426,69,725
736,426,69,725
736,423,69,727
734,408,69,735
734,405,69,737
736,403,69,738
738,401,69,739
734,399,69,740
734,397,69,741
736,741,1,530
736,741,1,530
738,741,69,530
734,741,69,529
734,739,69,531
736,741,69,530
739,741,69,530
732,738,69,532
736,736,69,533
739,734,69,534
738,732,69,535
734,739,69,531
736,739,69,531
734,741,69,530
739,741,69,529
739,745,69,527
734,748,69,525
736,747,69,526
736,747,69,526
739,752,69,523
739,748,69,525
734,747,69,526
734,747,69,526
734,748,69,525
736,752,69,523
736,752,69,523
734,750,69,524
741,754,69,521
738,752,69,523
736,750,69,524
734,750,69,524
736,748,69,525
734,747,69,526
738,748,69,525
741,748,69,525
734,748,69,525
738,748,69,525
736,747,69,526
736,745,69,527
739,745,69,527
732,743,69,528
734,741,69,529
734,739,69,531
736,741,69,530
739,741,69,530
732,738,69,532
736,736,69,533
739,734,69,534
738,732,69,535
734,739,69,531
736,739,69,531
734,741,69,530
739,741,69,529
739,745,69,527
734,748,69,525
736,747,69,526
736,747,69,526
739,752,69,523
739,748,69,525
734,747,69,526
734,747,69,526
734,748,69,525
736,752,69,523
736,752,69,523
734,750,69,524
741,754,69,521
738,752,69,523
736,750,69,524
734,750,69,524
736,748,69,525
734,747,69,526
738,748,69,525
741,748,69,525
734,748,69,525
738,748,69,525
736,747,69,526
736,745,69,527
739,745,69,527
732,743,69,528
738,743,69,528
736,741,69,529
736,741,69,530
739,741,69,530
730,739,69,531
736,741,69,530
736,741,69,529
739,741,69,529
738,741,69,529
738,741,69,529
736,734,69,534
730,667,1,576
727,682,1,567
732,687,1,564
727,693,1,560
734,693,1,560
727,703,1,553
734,711,1,549
734,720,1,543
730,721,1,542
734,729,1,537
734,732,1,535
730,730,1,536
729,730,1,536
734,738,1,532
734,738,1,532
730,739,1,531
732,741,1,529
734,741,1,529
736,743,1,528
732,743,1,528
736,743,1,528
736,748,1,525
738,745,69,527
730,738,69,532
736,738,69,532
736,738,69,532
738,739,69,531
732,734,69,534
736,734,69,534
736,732,69,535
736,734,69,534
736,720,1,543
738,727,1,539
736,727,1,538
734,732,69,535
736,736,69,533
736,741,69,530
732,743,69,528
734,748,69,525
734,754,69,522
734,759,69,518
736,765,69,515
736,768,69,512
738,772,69,510
736,779,69,506
738,784,69,503
734,784,69,503
734,783,69,504
739,786,69,501
736,786,69,501
734,784,69,502
739,788,69,500
739,793,69,497
736,797,69,495
734,799,69,494
734,801,69,493
738,799,69,494
738,806,69,489
739,804,69,490
734,801,69,493
739,799,69,494
738,792,69,498
734,786,69,501
732,779,69,506
736,775,69,508
738,774,69,509
738,772,69,510
739,770,69,511
734,768,69,513
736,765,69,515
738,765,69,515
736,761,69,517
734,757,69,519
736,756,69,520
734,732,69,535
736,736,69,533
736,741,69,530
732,743,69,528
734,748,69,525
734,754,69,522
734,759,69,518
736,765,69,515
736,768,69,512
738,772,69,510
736,779,69,506
738,784,69,503
734,784,69,503
734,783,69,504
739,786,69,501
736,786,69,501
734,784,69,502
739,788,69,500
739,793,69,497
736,797,69,495
734,799,69,494
734,801,69,493
738,799,69,494
738,806,69,489
739,804,69,490
734,801,69,493
739,799,69,494
738,792,69,498
734,786,69,501
732,779,69,506
736,775,69,508
738,774,69,509
738,772,69,510
739,770,69,511
734,768,69,513
736,765,69,515
738,765,69,515
736,761,69,517
734,757,69,519
736,756,69,520
739,756,69,520
732,752,69,523
739,752,69,523
739,745,69,527
736,745,69,527
736,748,69,525
736,750,69,524
736,754,69,522
738,756,69,520
736,759,69,518
738,761,69,517
739,768,69,513
739,770,69,511
738,772,69,510
736,774,69,509
741,777,69,507
736,774,69,509
736,775,69,508
734,775,69,508
734,777,69,507
734,781,69,505
739,783,69,504
741,783,69,504
739,779,69,506
738,779,69,506
736,777,69,507
736,777,69,507
736,775,69,508
739,777,69,507
739,777,69,507
741,779,69,506
736,777,69,507
736,777,69,507
736,774,69,509
739,774,69,509
739,772,69,510
738,768,69,512
734,768,69,513
736,768,69,513
738,768,69,513
738,766,69,514
736,766,69,514
738,766,69,514
736,765,69,515
738,763,69,516
736,761,69,517
736,759,69,518
738,756,69,520
736,738,1,532
738,741,69,530
739,743,69,528
739,743,69,528
739,745,69,527
736,745,69,527
736,748,69,525
736,750,69,524
736,754,69,522
738,756,69,520
736,759,69,518
738,761,69,517
739,768,69,513
739,770,69,511
738,772,69,510
736,774,69,509
741,777,69,507
736,774,69,509
736,775,69,508
734,775,69,508
734,777,69,507
734,781,69,505
739,783,69,504
741,783,69,504
739,779,69,506
738,779,69,506
736,777,69,507
736,777,69,507
736,775,69,508
739,777,69,507
739,777,69,507
741,779,69,506
736,777,69,507
736,777,69,507
736,774,69,509
739,774,69,509
739,772,69,510
738,768,69,512
734,768,69,513
736,768,69,513
738,768,69,513
738,766,69,514
736,766,69,514
738,766,69,514
736,765,69,515
738,763,69,516
736,761,69,517
736,759,69,518
738,756,69,520
736,752,69,523
736,752,69,523
734,748,69,525
736,747,69,526
738,727,1,538
736,729,1,537
734,727,1,539
734,727,1,538
736,727,1,538
734,727,1,538
736,727,1,539
734,727,1,538
736,727,1,538
734,730,1,536
736,736,1,533
736,736,1,533
732,734,1,534
730,732,1,535
732,729,1,537
736,734,1,534
738,732,1,535
739,732,69,535
739,732,69,535
736,736,69,533
736,736,69,533
734,738,69,532
736,741,69,530
736,741,69,530
739,743,69,528
738,748,69,525
741,754,69,522
736,757,69,519
734,763,69,516
738,768,69,513
736,772,69,510
738,777,69,507
739,784,69,503
741,784,69,502
739,788,69,500
741,793,69,497
743,801,69,493
743,801,69,492
743,801,69,492
745,804,69,490
743,799,69,494
743,797,69,495
743,792,69,498
743,786,69,501
743,786,69,501
739,784,69,503
739,779,69,506
736,772,69,510
736,770,69,511
736,768,69,512
736,768,69,512
736,766,69,514
736,759,69,518
736,745,69,527
736,741,69,529
734,729,69,537
736,734,69,534
730,736,69,533
738,732,1,535
739,732,69,535
739,732,69,535
736,736,69,533
736,736,69,533
734,738,69,532
736,741,69,530
736,741,69,530
739,743,69,528
738,748,69,525
741,754,69,522
736,757,69,519
734,763,69,516
738,768,69,513
736,772,69,510
738,777,69,507
739,784,69,503
741,784,69,502
739,788,69,500
741,793,69,497
743,801,69,493
743,801,69,492
743,801,69,492
745,804,69,490
743,799,69,494
743,797,69,495
743,792,69,498
743,786,69,501
743,786,69,501
739,784,69,503
739,779,69,506
736,772,69,510
736,770,69,511
736,768,69,512
736,768,69,512
736,766,69,514
736,759,69,518
736,745,69,527
736,741,69,529
734,729,69,537
736,734,69,534
732,727,69,539
730,736,69,533
734,732,69,535
739,727,69,539
732,729,69,537
736,702,69,554
734,714,69,547
730,716,69,545
734,718,69,544
729,723,69,541
734,727,69,539
734,685,1,565
729,702,1,555
732,703,1,553
734,705,1,552
730,714,1,547
734,714,1,547
734,712,1,548
734,716,1,545
736,718,1,544
730,714,1,546
732,718,1,544
732,721,1,542
734,727,1,538
734,727,1,538
734,732,1,535
736,736,1,533
734,738,1,532
732,741,1,530
734,743,1,528
730,741,1,530
727,741,1,530
736,745,1,527
730,747,1,526
734,752,1,523
734,752,1,523
730,752,1,523
730,752,1,523
738,754,69,522
732,752,69,523
736,754,69,521
738,754,69,522
739,754,69,522
732,752,69,523
730,750,69,524
730,750,69,524
734,748,69,525
729,745,69,527
736,747,69,526
732,745,69,527
732,743,69,528
734,741,69,530
730,736,69,533
734,739,69,531
734,741,69,530
732,752,69,523
736,754,69,521
738,754,69,522
739,754,69,522
732,752,69,523
730,750,69,524
730,750,69,524
734,748,69,525
729,745,69,527
736,747,69,526
732,745,69,527
732,743,69,528
734,741,69,530
730,736,69,533
734,739,69,531
734,741,69,530
738,741,69,530
732,741,69,530
734,739,69,531
736,738,69,532
736,736,69,533
736,736,69,533
738,723,69,541
732,721,69,542
736,721,69,542
738,725,69,540
738,727,69,538
734,730,69,536
734,729,69,537
734,730,69,536
734,730,69,536
734,729,69,537
734,738,69,532
734,734,69,534
736,738,69,532
736,738,69,532
736,741,69,529
739,747,69,526
732,747,69,526
734,748,69,525
736,754,69,521
738,759,69,518
734,761,69,517
734,765,69,515
734,766,69,514
734,768,69,512
732,768,69,513
734,768,69,513
734,768,69,513
734,768,69,512
734,766,69,514
732,765,69,515
730,763,69,516
730,761,69,517
736,763,69,516
736,759,69,518
732,754,69,521
734,752,69,523
732,752,69,523
734,752,69,523
734,748,69,525
732,748,69,525
736,747,69,526
732,743,69,528
730,743,69,528
734,741,69,530
732,736,69,533
734,738,69,532
738,741,69,530
739,743,69,528
739,747,69,526
738,723,69,541
732,721,69,542
736,721,69,542
738,725,69,540
738,727,69,538
734,730,69,536
734,729,69,537
734,730,69,536
734,730,69,536
734,729,69,537
734,738,69,532
734,734,69,534
736,738,69,532
736,738,69,532
736,741,69,529
739,747,69,526
732,747,69,526
734,748,69,525
736,754,69,521
738,759,69,518
734,761,69,517
734,765,69,515
734,766,69,514
734,768,69,512
732,768,69,513
734,768,69,513
734,768,69,513
734,768,69,512
734,766,69,514
732,765,69,515
730,763,69,516
730,761,69,517
736,763,69,516
736,759,69,518
732,754,69,521
734,752,69,523
732,752,69,523
734,752,69,523
734,748,69,525
732,748,69,525
736,747,69,526
732,743,69,528
730,743,69,528
734,741,69,530
732,736,69,533
734,738,69,532
738,741,69,530
739,743,69,528
739,747,69,526
738,743,69,528
739,743,69,528
738,741,69,529
739,741,69,529
736,738,69,532
736,736,69,533
739,739,69,531
739,736,69,533
734,734,69,534
736,739,69,531
741,741,69,530
738,741,69,529
736,745,69,527
736,748,69,525
736,748,69,525
739,754,69,522
745,756,69,520
739,761,69,517
739,765,69,515
736,768,69,513
736,768,69,512
739,770,69,511
743,772,69,510
739,772,69,510
739,774,69,509
739,774,69,509
739,772,69,510
738,768,69,512
738,770,69,511
739,770,69,511
738,768,69,512
736,768,69,513
738,766,69,514
736,765,69,515
736,766,69,514
736,766,69,514
736,759,69,518
739,759,69,518
739,756,69,520
739,754,69,521
739,756,69,520
736,757,69,519
738,754,69,521
739,754,69,522
738,730,69,536
734,727,69,539
734,730,69,536
732,732,69,535
734,730,69,536
734,732,69,535
734,730,69,536
734,732,69,535
736,736,69,533
734,736,69,533
736,734,69,534
736,734,69,534
736,736,69,533
736,736,69,533
738,741,69,530
736,736,69,533
738,739,69,531
738,739,69,531
734,736,69,533
730,736,69,533
730,736,69,533
734,738,69,532
736,738,69,532
736,736,69,533
739,739,69,531
739,736,69,533
734,734,69,534
736,739,69,531
741,741,69,530
738,741,69,529
736,745,69,527
736,748,69,525
736,748,69,525
739,754,69,522
745,756,69,520
739,761,69,517
739,765,69,515
736,768,69,513
736,768,69,512
739,770,69,511
743,772,69,510
739,772,69,510
739,774,69,509
739,774,69,509
739,772,69,510
738,768,69,512
738,770,69,511
739,770,69,511
738,768,69,512
736,768,69,513
738,766,69,514
736,765,69,515
736,766,69,514
736,766,69,514
736,759,69,518
739,759,69,518
739,756,69,520
739,754,69,521
739,756,69,520
736,757,69,519
738,754,69,521
739,754,69,522
739,754,69,522
738,754,69,522
738,754,69,521
739,732,69,535
738,732,69,535
736,734,69,534
734,734,69,534
736,736,69,533
736,736,69,533
738,741,69,530
738,745,69,527
738,748,69,525
734,750,69,524
734,754,69,522
736,754,69,521
736,757,69,519
739,763,69,516
736,765,69,515
736,768,69,513
734,768,69,513
738,770,69,511
739,772,69,510
739,777,69,507
741,779,69,506
741,777,69,507
739,777,69,507
736,774,69,509
736,772,69,510
734,770,69,511
736,770,69,511
739,768,69,512
739,768,69,512
741,770,69,511
741,770,69,511
736,766,69,514
736,761,69,517
738,761,69,517
739,761,69,517
739,757,69,519
738,757,69,519
739,757,69,519
738,757,69,519
738,756,69,520
736,754,69,521
739,727,69,538
739,727,69,538
738,723,69,541
738,729,69,537
738,727,69,538
739,730,69,536
739,730,69,536
739,732,69,535
734,727,69,538
734,727,69,538
739,727,69,538
739,732,69,535
738,732,69,535
736,734,69,534
734,734,69,534
736,736,69,533
736,736,69,533
738,741,69,530
738,745,69,527
738,748,69,525
734,750,69,524
734,754,69,522
736,754,69,521
736,757,69,519
739,763,69,516
736,765,69,515
736,768,69,513
734,768,69,513
738,770,69,511
739,772,69,510
739,777,69,507
741,779,69,506
741,777,69,507
739,777,69,507
736,774,69,509
736,772,69,510
734,770,69,511
736,770,69,511
739,768,69,512
739,768,69,512
741,770,69,511
741,770,69,511
736,766,69,514
736,761,69,517
738,761,69,517
739,761,69,517
739,757,69,519
738,757,69,519
739,757,69,519
738,757,69,519
738,756,69,520
736,754,69,521
736,754,69,522
736,754,69,522
739,754,69,522
741,754,69,521
736,712,1,548
736,711,1,549
734,714,1,547
736,716,1,545
739,721,69,542
730,714,69,546
734,716,69,545
734,716,69,545
734,718,69,544
734,714,69,546
734,714,69,547
734,714,69,546
734,714,69,546
734,716,69,545
736,720,69,543
734,720,69,543
734,720,69,543
734,723,69,541
734,723,69,541
736,725,69,540
736,727,69,539
734,723,69,541
736,723,69,541
734,723,69,541
736,723,69,541
736,727,69,539
738,725,69,540
736,727,69,539
736,727,69,539
729,723,69,541
736,729,69,537
736,736,69,533
736,739,69,531
736,736,69,533
738,738,69,532
739,736,69,533
736,734,69,534
736,730,69,536
738,732,69,535
736,732,69,535
738,732,69,535
739,738,69,532
739,721,69,542
730,714,69,546
734,716,69,545
734,716,69,545
734,718,69,544
734,714,69,546
734,714,69,547
734,714,69,546
734,714,69,546
734,716,69,545
736,720,69,543
734,720,69,543
734,720,69,543
734,723,69,541
734,723,69,541
736,725,69,540
736,727,69,539
734,723,69,541
736,723,69,541
734,723,69,541
736,723,69,541
736,727,69,539
738,725,69,540
736,727,69,539
736,727,69,539
729,723,69,541
736,729,69,537
736,736,69,533
736,739,69,531
736,736,69,533
738,738,69,532
739,736,69,533
736,734,69,534
736,730,69,536
738,732,69,535
736,732,69,535
738,732,69,535
739,738,69,532
734,736,69,533
738,736,69,533
736,734,69,534
738,730,69,536
734,727,69,538
734,727,69,538
732,729,69,537
732,729,69,537
732,727,69,539
732,727,69,538
730,729,69,537
732,730,69,536
734,734,69,534
734,732,69,535
734,732,69,535
736,732,69,535
736,734,69,534
736,736,69,533
736,736,69,533
736,738,69,532
736,739,69,531
736,738,69,532
736,738,69,532
738,738,69,532
736,738,69,532
738,739,69,531
738,736,69,533
739,734,69,534
738,736,69,533
739,739,69,531
736,741,69,530
734,741,69,529
734,741,69,530
734,739,69,531
732,739,69,531
734,741,69,530
738,745,69,527
739,745,69,527
734,741,69,530
734,741,69,530
738,741,69,530
739,743,69,528
739,741,69,529
738,741,69,530
732,736,69,533
736,738,69,532
739,741,69,530
739,739,69,531
736,739,69,531
736,739,69,531
736,738,69,532
739,745,69,527
739,745,69,527
739,741,69,529
738,741,69,530
738,741,69,530
738,743,69,528
739,741,69,530
736,741,69,529
739,738,69,532
739,736,69,533
739,739,69,531
732,736,69,533
736,739,69,531
739,739,69,531
739,739,69,531
739,738,69,532
738,734,69,534
738,736,69,533
738,736,69,533
739,736,69,533
736,732,69,535
739,734,69,534
732,729,69,537
734,730,69,536
736,729,69,537
734,729,69,537
730,727,69,539
734,727,69,539
736,729,69,537
736,727,69,538
734,727,69,538
732,727,69,539
730,723,69,541
730,723,69,541
734,723,69,541
736,723,69,541
734,705,69,552
734,718,69,544
741,723,69,541
745,725,69,540
734,720,69,543
738,716,69,545
736,707,69,551
734,721,69,542
736,727,69,539
736,727,69,538
736,732,69,535
736,732,69,535
738,732,69,535
738,732,69,535
738,732,69,535
738,730,69,536
738,730,69,536
734,727,69,538
734,727,69,538
732,729,69,537
732,729,69,537
732,727,69,539
732,727,69,538
730,729,69,537
732,730,69,536
734,734,69,534
734,732,69,535
734,732,69,535
736,732,69,535
736,734,69,534
736,736,69,533
736,736,69,533
736,738,69,532
736,739,69,531
736,738,69,532
736,738,69,532
738,738,69,532
736,738,69,532
738,739,69,531
738,736,69,533
739,734,69,534
738,736,69,533
739,739,69,531
736,741,69,530
734,741,69,529
734,741,69,530
734,739,69,531
732,739,69,531
734,741,69,530
738,745,69,527
739,745,69,527
734,741,69,530
734,741,69,530
738,741,69,530
739,743,69,528
739,741,69,529
738,741,69,530
732,736,69,533
736,738,69,532
739,741,69,530
739,739,69,531
736,739,69,531
736,739,69,531
736,738,69,532
739,745,69,527
739,745,69,527
739,741,69,529
738,741,69,530
738,741,69,530
738,743,69,528
739,741,69,530
736,741,69,529
739,738,69,532
739,736,69,533
739,739,69,531
732,736,69,533
736,739,69,531
739,739,69,531
739,739,69,531
739,738,69,532
738,734,69,534
738,736,69,533
738,736,69,533
739,736,69,533
736,732,69,535
739,734,69,534
732,729,69,537
734,730,69,536
736,729,69,537
734,729,69,537
730,727,69,539
734,727,69,539
736,729,69,537
736,727,69,538
734,727,69,538
732,727,69,539
730,723,69,541
730,723,69,541
734,723,69,541
736,723,69,541
734,705,69,552
734,718,69,544
741,723,69,541
745,725,69,540
734,720,69,543
738,716,69,545
736,707,69,551
734,721,69,542
736,727,69,539
736,727,69,538
736,732,69,535
736,732,69,535
738,732,69,535
738,732,69,535
738,732,69,535
738,730,69,536
738,727,69,538
739,727,69,538
738,727,69,538
739,727,69,538
721,714,1,547
721,685,1,565
716,666,1,577
716,667,1,576
716,675,1,572
725,705,1,552
727,711,1,549
727,720,1,543
730,720,1,543
729,723,1,541
727,727,1,539
727,727,1,539
730,725,1,540
729,723,1,541
736,727,1,539
734,729,1,537
736,732,1,535
734,729,1,537
734,734,1,534
729,736,1,533
736,739,1,531
736,743,1,528
732,747,1,526
732,743,1,528
734,745,1,527
732,747,1,526
730,750,1,524
730,754,1,521
732,757,1,519
730,761,1,517
734,763,1,516
732,765,1,515
734,768,1,513
736,770,1,511
736,772,1,510
734,774,1,509
734,774,1,509
736,775,1,508
734,774,1,509
730,770,1,511
734,768,1,512
739,768,69,512
736,768,69,513
736,765,69,515
734,761,69,517
734,763,69,516
734,759,69,518
732,757,69,519
734,754,69,522
732,750,69,524
736,752,69,523
739,756,69,520
734,754,69,522
732,750,69,524
734,768,1,512
739,768,69,512
736,768,69,513
736,765,69,515
734,761,69,517
734,763,69,516
734,759,69,518
732,757,69,519
734,754,69,522
732,750,69,524
736,752,69,523
739,756,69,520
734,754,69,522
732,750,69,524
729,747,69,526
738,750,69,524
732,747,69,526
738,745,69,527
736,720,1,543
736,720,1,543
734,720,1,543
730,720,1,543
732,723,1,541
730,720,1,543
730,716,1,545
730,718,1,544
730,720,1,543
730,723,1,541
730,721,1,542
730,721,1,542
730,721,1,542
732,723,1,541
730,725,1,540
730,727,1,539
730,727,1,539
730,725,1,540
732,727,1,539
732,723,1,541
732,727,1,539
732,723,1,541
730,723,1,541
727,721,1,542
736,723,1,541
734,727,1,538
734,729,1,537
734,727,1,539
734,727,1,538
734,732,1,535
734,727,1,538
734,727,1,539
734,727,1,538
734,727,1,539
736,727,1,538
734,727,1,539
734,725,1,540
734,723,1,541
734,723,1,541
734,723,1,541
738,730,69,536
736,727,69,538
736,727,69,538
736,727,69,538
736,727,69,538
738,729,69,537
730,727,69,539
736,727,69,539
739,727,69,538
738,727,69,539
736,727,69,539
736,729,69,537
738,730,69,536
736,727,69,538
736,727,69,538
736,727,69,538
736,727,69,538
738,729,69,537
730,727,69,539
736,727,69,539
739,727,69,538
738,727,69,539
736,727,69,539
736,729,69,537
738,727,69,539
739,723,69,541
738,727,69,538
736,732,69,535
738,732,69,535
736,730,69,536
738,729,69,537
736,729,69,537
736,730,69,536
736,727,69,538
736,716,1,545
734,716,1,545
734,718,1,544
734,725,1,540
734,727,1,539
732,732,1,535
727,730,1,536
732,734,1,534
734,738,1,532
736,741,1,529
738,743,1,528
736,748,69,525
736,748,69,525
736,752,69,523
736,754,69,521
734,759,69,518
736,763,69,516
736,766,69,514
736,768,69,512
736,770,69,511
738,772,69,510
739,775,69,508
739,779,69,506
739,775,69,508
738,779,69,506
734,775,69,508
736,777,69,507
738,779,69,506
739,779,69,506
739,781,69,505
739,781,69,505
734,779,69,506
736,779,69,506
739,779,69,506
739,779,69,506
739,779,69,506
736,777,69,507
736,775,69,508
739,774,69,509
741,774,69,509
739,774,69,509
739,772,69,510
739,772,69,510
736,766,69,514
736,763,69,516
736,761,69,517
734,759,69,518
739,761,69,517
743,763,69,516
738,743,1,528
736,748,69,525
736,748,69,525
736,752,69,523
736,754,69,521
734,759,69,518
736,763,69,516
736,766,69,514
736,768,69,512
736,770,69,511
738,772,69,510
739,775,69,508
739,779,69,506
739,775,69,508
738,779,69,506
734,775,69,508
736,777,69,507
738,779,69,506
739,779,69,506
739,781,69,505
739,781,69,505
734,779,69,506
736,779,69,506
739,779,69,506
739,779,69,506
739,779,69,506
736,777,69,507
736,775,69,508
739,774,69,509
741,774,69,509
739,774,69,509
739,772,69,510
739,772,69,510
736,766,69,514
736,763,69,516
736,761,69,517
734,759,69,518
739,761,69,517
743,763,69,516
741,757,69,519
739,756,69,520
739,754,69,521
739,754,69,522
738,745,1,527
738,752,69,523
736,754,69,521
738,757,69,519
739,765,69,515
739,768,69,513
739,772,69,510
736,774,69,509
736,783,69,504
736,786,69,501
736,792,69,498
736,797,69,495
738,799,69,494
738,802,69,491
739,802,69,491
739,811,69,486
739,810,69,487
739,819,69,481
739,822,69,479
739,820,69,480
741,822,69,479
741,822,69,479
738,829,69,475
738,835,69,472
739,835,69,472
739,833,69,473
739,826,69,477
743,824,69,478
738,817,69,482
736,819,69,481
736,810,69,487
739,811,69,486
738,804,69,490
738,799,69,494
738,793,69,497
736,788,69,500
738,786,69,501
736,783,69,504
736,779,69,506
734,774,69,509
739,774,69,509
738,772,69,510
736,770,69,511
738,745,1,527
738,752,69,523
736,754,69,521
738,757,69,519
739,765,69,515
739,768,69,513
739,772,69,510
736,774,69,509
736,783,69,504
736,786,69,501
736,792,69,498
736,797,69,495
738,799,69,494
738,802,69,491
739,802,69,491
739,811,69,486
739,810,69,487
739,819,69,481
739,822,69,479
739,820,69,480
741,822,69,479
741,822,69,479
738,829,69,475
738,835,69,472
739,835,69,472
739,833,69,473
739,826,69,477
743,824,69,478
738,817,69,482
736,819,69,481
736,810,69,487
739,811,69,486
738,804,69,490
738,799,69,494
738,793,69,497
736,788,69,500
738,786,69,501
736,783,69,504
736,779,69,506
734,774,69,509
739,774,69,509
738,772,69,510
736,770,69,511
736,768,69,512
736,766,69,514
739,766,69,514
739,765,69,515
741,741,69,530
739,741,69,529
739,741,69,529
739,743,69,528
739,748,69,525
736,750,69,524
739,754,69,522
739,759,69,518
738,763,69,516
736,765,69,515
736,765,69,515
736,766,69,514
736,768,69,513
736,770,69,511
736,774,69,509
738,777,69,507
738,781,69,505
736,781,69,505
739,784,69,503
739,784,69,503
739,784,69,502
738,784,69,502
738,784,69,503
739,784,69,503
738,784,69,503
738,784,69,503
738,781,69,505
739,779,69,506
736,777,69,507
738,777,69,507
736,775,69,508
743,775,69,508
741,775,69,508
739,774,69,509
738,772,69,510
738,772,69,510
738,770,69,511
736,768,69,512
736,768,69,512
736,768,69,512
738,768,69,513
736,766,69,514
738,765,69,515
741,765,69,515
739,763,69,516
736,761,69,517
734,759,69,518
739,756,69,520
739,741,69,529
739,741,69,530
738,741,69,529
736,741,69,529
736,739,69,531
736,739,69,531
736,736,69,533
736,736,69,533
734,734,69,534
734,734,69,534
734,732,69,535
734,736,69,533
736,736,69,533
739,736,69,533
739,736,69,533
739,739,69,531
741,741,69,530
739,741,69,529
739,741,69,529
739,743,69,528
739,748,69,525
736,750,69,524
739,754,69,522
739,759,69,518
738,763,69,516
736,765,69,515
736,765,69,515
736,766,69,514
736,768,69,513
736,770,69,511
736,774,69,509
738,777,69,507
738,781,69,505
736,781,69,505
739,784,69,503
739,784,69,503
739,784,69,502
738,784,69,502
738,784,69,503
739,784,69,503
738,784,69,503
738,784,69,503
738,781,69,505
739,779,69,506
736,777,69,507
738,777,69,507
736,775,69,508
743,775,69,508
741,775,69,508
739,774,69,509
738,772,69,510
738,772,69,510
738,770,69,511
736,768,69,512
736,768,69,512
736,768,69,512
738,768,69,513
736,766,69,514
738,765,69,515
741,765,69,515
739,763,69,516
736,761,69,517
734,759,69,518
739,756,69,520
739,756,69,520
739,757,69,519
739,756,69,520
734,759,69,518
736,759,69,518
734,727,1,539
736,729,1,537
736,732,1,535
739,736,69,533
736,732,1,535
739,736,69,533
730,734,69,534
736,738,69,532
730,732,69,535
736,732,69,535
734,729,69,537
736,723,69,541
732,721,69,542
734,716,69,545
730,714,69,546
730,714,69,547
734,714,69,546
734,711,69,549
734,714,69,547
734,714,69,546
736,720,69,543
738,725,69,540
736,723,69,541
736,723,69,541
736,723,69,541
734,721,69,542
736,720,69,543
736,721,69,542
736,723,69,541
736,727,69,539
736,727,69,539
736,721,69,542
736,716,69,545
736,716,69,545
730,714,69,546
734,718,69,544
736,720,69,543
736,723,69,541
732,723,69,541
734,727,69,539
736,727,69,538
736,725,69,540
738,721,1,542
736,720,1,543
734,720,1,543
736,721,1,542
736,723,1,541
739,723,69,541
736,721,69,542
736,720,69,543
738,721,69,542
736,725,69,540
734,721,69,542
734,721,69,542
734,721,69,542
736,723,69,541
736,720,69,543
736,725,69,540
736,727,69,539
736,732,69,535
736,732,69,535
738,732,69,535
736,730,69,536
738,732,69,535
738,734,69,534
739,732,69,535
736,730,69,536
736,734,69,534
736,736,69,533
736,738,69,532
736,739,69,531
736,741,69,529
730,741,69,530
734,739,69,531
739,741,69,529
732,739,69,531
736,741,69,530
739,741,69,529
739,741,69,529
739,741,69,529
739,743,69,528
736,743,69,528
741,747,69,526
736,745,69,527
736,745,69,527
736,745,69,527
738,745,69,527
738,741,69,529
738,739,69,531
739,723,69,541
736,721,69,542
736,720,69,543
738,721,69,542
736,725,69,540
734,721,69,542
734,721,69,542
734,721,69,542
736,723,69,541
736,720,69,543
736,725,69,540
736,727,69,539
736,732,69,535
736,732,69,535
738,732,69,535
736,730,69,536
738,732,69,535
738,734,69,534
739,732,69,535
736,730,69,536
736,734,69,534
736,736,69,533
736,738,69,532
736,739,69,531
736,741,69,529
730,741,69,530
734,739,69,531
739,741,69,529
732,739,69,531
736,741,69,530
739,741,69,529
739,741,69,529
739,741,69,529
739,743,69,528
736,743,69,528
741,747,69,526
736,745,69,527
736,745,69,527
736,745,69,527
738,745,69,527
738,741,69,529
738,739,69,531
738,738,69,532
738,741,69,530
736,739,69,531
738,739,69,531
736,738,69,532
739,739,69,531
736,741,69,530
736,745,69,527
736,741,69,530
763,552,69,649
761,552,69,649
763,552,69,649
730,390,69,745
732,397,69,741
732,405,69,737
732,401,69,739
730,516,69,671
730,675,69,572
729,711,69,549
734,720,69,543
736,727,69,539
734,723,69,541
736,725,69,540
734,723,69,541
736,723,69,541
736,723,69,541
734,723,69,541
734,723,69,541
734,723,69,541
736,721,69,542
734,720,69,543
729,712,69,548
730,716,69,545
730,714,69,546
730,716,69,545
730,716,69,545
730,714,69,547
729,712,5,548
727,711,5,549
727,711,5,549
727,709,5,550
727,707,5,551
727,709,5,550
725,707,5,551
725,707,5,551
725,705,5,552
725,703,5,553
725,703,5,553
725,703,5,553
723,702,5,555
723,700,5,556
721,700,5,556
725,707,5,551
725,707,5,551
727,707,5,551
725,705,5,552
725,705,5,552
723,702,5,554
723,702,5,554
723,702,5,555
721,702,5,555
721,702,5,555
721,702,5,555
739,471,69,698
734,468,69,701
738,475,69,696
738,475,69,696
736,477,69,695
734,478,69,694
736,478,69,694
736,480,69,693
736,484,69,691
734,482,69,692
738,487,69,689
739,486,69,690
736,484,69,691
736,489,69,688
741,489,69,687
736,489,69,687
739,486,69,690
739,487,69,689
739,489,69,688
739,486,69,690
739,489,69,688
741,487,69,689
738,489,69,688
736,487,69,689
736,486,69,690
734,486,69,690
734,487,69,689
736,487,69,689
736,487,69,689
739,489,69,687
736,487,69,689
734,484,69,691
736,489,69,688
739,487,69,689
734,482,69,692
732,473,69,697
734,480,69,693
738,478,69,694
736,471,69,698
736,468,69,700
734,468,69,701
734,464,69,703
732,464,69,703
734,469,69,699
738,469,69,699
734,464,69,703
732,464,69,703
734,464,69,703
736,464,69,703
736,464,69,703
730,453,69,709
730,455,69,708
730,459,69,706
730,460,69,705
730,464,69,703
730,466,69,702
734,471,69,698
736,471,69,698
730,473,69,697
734,477,69,695
732,478,69,694
732,482,69,692
736,486,69,690
738,486,69,690
734,486,69,690
734,489,69,688
736,489,69,687
736,491,69,686
736,486,69,690
734,489,69,688
739,495,69,684
738,491,69,686
738,491,69,686
739,500,69,681
739,495,69,684
738,491,69,686
739,491,69,686
743,495,69,684
738,496,69,683
736,495,69,684
734,495,69,684
736,491,69,686
734,491,69,686
736,491,69,686
736,493,69,685
734,487,69,689
734,486,69,690
734,486,69,690
734,486,69,690
732,484,69,691
734,484,69,691
736,484,69,691
734,480,69,693
739,489,69,687
739,491,69,686
741,489,69,687
741,489,69,687
743,486,69,690
738,486,69,690
739,482,69,692
736,478,69,694
736,477,69,695
734,473,69,697
736,475,69,696
736,473,69,697
734,475,69,696
734,473,69,697
736,475,69,696
736,478,69,694
738,478,69,694
730,473,69,697
727,660,5,581
727,734,5,534
732,455,69,708
736,460,69,705
736,459,69,706
734,460,69,705
739,464,69,703
732,460,69,705
739,468,69,701
739,464,69,703
734,464,69,703
734,466,69,702
739,468,69,701
736,464,69,703
738,468,69,700
739,468,69,701
736,466,69,702
739,471,69,698
738,468,69,701
736,466,69,702
743,471,69,698
738,468,69,701
738,464,69,703
739,469,69,699
739,468,69,701
736,462,69,704
734,459,69,706
734,457,69,707
732,453,69,709
734,453,69,709
732,450,69,711
730,448,69,712
734,468,69,701
734,469,69,699
734,469,69,699
736,473,69,697
736,478,69,694
736,477,69,695
734,478,69,694
734,486,69,690
736,484,69,691
736,478,69,694
736,482,69,692
739,482,69,692
736,475,69,696
734,477,69,695
738,480,69,693
736,473,69,697
734,475,69,696
734,473,69,697
734,471,69,698
736,475,69,696
736,478,69,694
736,486,69,690
736,489,69,688
739,491,69,686
734,493,69,685
734,498,69,682
734,498,69,682
734,498,69,682
734,500,69,681
734,504,69,679
736,507,69,677
738,507,69,677
739,509,69,675
738,507,69,677
734,505,69,678
734,505,69,678
734,505,69,678
734,507,69,677
734,507,69,677
738,513,69,673
743,511,69,674
738,509,69,676
736,507,69,677
736,505,69,678
736,504,69,679
736,504,69,679
736,504,69,679
736,500,69,681
736,498,69,682
736,496,69,683
736,493,69,685
734,489,69,688
736,495,69,684
739,495,69,684
739,491,69,686
734,487,69,689
734,489,69,687
736,489,69,688
736,489,69,688
739,487,69,689
738,484,69,691
736,480,69,693
736,478,69,694
734,473,69,697
736,478,69,694
739,482,69,692
739,484,69,691
738,486,69,690
739,487,69,689
734,484,69,691
732,486,69,690
738,491,69,686
741,495,69,684
739,493,69,685
732,489,69,687
734,491,69,686
734,493,69,685
734,495,69,684
738,495,69,684
739,496,69,683
739,496,69,683
741,500,69,681
745,498,69,682
738,498,69,682
738,500,69,681
738,500,69,681
738,502,69,680
736,504,69,679
736,500,69,681
739,504,69,679
738,502,69,680
739,504,69,679
741,505,69,678
743,505,69,678
743,505,69,678
743,507,69,677
745,505,69,678
745,505,69,678
741,502,69,680
741,498,69,682
741,495,69,684
743,493,69,685
739,493,69,685
739,491,69,686
739,489,69,687
739,487,69,689
739,486,69,690
736,482,69,692
734,478,69,694
739,482,69,692
743,482,69,692
736,475,69,696
734,473,69,697
738,482,69,692
738,478,69,694
734,475,69,696
747,486,69,690
743,484,69,691
739,478,69,694
732,450,69,711
734,453,69,709
734,455,69,708
739,459,69,706
739,459,69,706
736,459,69,706
741,462,69,704
732,462,69,704
732,464,69,703
736,468,69,701
739,468,69,701
734,468,69,701
734,469,69,699
736,468,69,700
732,468,69,700
736,469,69,699
738,473,69,697
739,473,69,697
736,468,69,700
732,471,69,698
739,477,69,695
736,468,69,700
739,475,69,696
736,469,69,699
738,480,69,693
739,473,69,697
738,477,69,695
739,475,69,696
739,475,69,696
741,477,69,695
739,471,69,698
739,477,69,695
739,473,69,697
739,475,69,696
739,471,69,698
734,469,69,699
734,471,69,698
732,471,69,698
736,475,69,696
738,478,69,694
738,475,69,696
734,469,69,699
730,469,69,699
734,469,69,699
736,469,69,699
736,468,69,701
736,464,69,703
736,460,69,705
734,459,69,706
734,453,69,709
732,453,69,709
730,450,69,711
730,448,69,712
734,451,69,710
738,453,69,709
739,455,69,708
741,455,69,708
738,451,69,710
734,448,69,712
739,466,69,702
734,464,69,703
734,462,69,704
734,460,69,705
736,459,69,706
736,455,69,708
736,453,69,709
732,450,69,711
732,448,69,712
732,453,69,709
734,453,69,709
736,455,69,708
734,451,69,710
734,451,69,710
732,450,69,711
730,446,69,713
732,448,69,712
734,450,69,711
734,448,69,712
732,446,69,713
736,451,69,710
734,448,69,712
732,446,69,713
732,446,69,713
732,444,69,714
732,442,69,715
734,442,69,715
734,442,69,715
730,439,69,717
730,441,69,716
732,441,69,716
729,437,69,719
729,649,5,587
734,723,5,541
730,721,5,542
727,720,5,543
725,729,5,537
729,732,5,535
727,732,5,535
727,732,5,535
727,720,5,543
734,727,5,538
736,732,5,535
730,448,69,712
727,612,5,612
730,741,5,529
734,741,5,530
734,743,5,528
734,738,5,532
736,743,5,528
738,741,5,529
734,448,69,712
727,565,5,641
736,721,5,542
736,747,5,526
734,754,5,522
734,745,5,527
734,757,5,519
736,455,69,708
730,448,69,712
734,446,69,713
734,442,69,715
738,444,69,714
736,446,69,713
736,446,69,713
738,446,69,713
736,446,69,713
734,444,69,714
734,444,69,714
734,442,69,715
734,439,69,717
734,441,69,716
734,442,69,715
736,441,69,716
736,446,69,713
734,442,69,715
734,441,69,716
734,441,69,716
734,446,69,713
736,444,69,714
734,444,69,714
734,444,69,714
736,442,69,715
736,442,69,715
734,441,69,716
736,442,69,715
736,441,69,716
736,439,69,717
734,437,69,719
732,433,69,721
736,435,69,720
732,430,69,723
734,432,69,722
730,428,69,724
729,428,69,724
734,432,69,722
734,430,69,723
727,424,69,726
730,428,69,724
734,466,69,702
734,468,69,701
732,466,69,702
730,468,69,701
736,473,69,697
738,478,69,694
736,471,69,698
734,471,69,698
739,478,69,694
736,473,69,697
736,468,69,700
736,468,69,700
734,469,69,699
736,468,69,701
736,468,69,700
734,466,69,702
734,459,69,706
732,462,69,704
734,464,69,703
736,466,69,702
734,464,69,703
736,464,69,703
734,464,69,703
734,460,69,705
734,457,69,707
730,453,69,709
734,459,69,706
732,457,69,707
734,459,69,706
734,460,69,705
734,464,69,703
736,466,69,702
732,464,69,703
736,469,69,699
738,471,69,698
734,471,69,698
736,477,69,695
738,477,69,695
738,480,69,693
739,486,69,690
734,478,69,694
738,478,69,694
734,473,69,697
734,473,69,697
739,475,69,696
736,469,69,699
734,468,69,701
736,466,69,702
736,466,69,702
734,464,69,703
734,466,69,702
736,468,69,700
739,469,69,699
736,466,69,702
732,466,69,702
736,468,69,700
739,468,69,701
734,460,69,705
732,462,69,704
734,466,69,702
736,468,69,701
736,468,69,700
738,466,69,702
738,466,69,702
738,462,69,704
736,462,69,704
738,462,69,704
736,460,69,705
736,459,69,706
736,459,69,706
736,459,69,706
734,459,69,706
734,462,69,704
734,457,69,707
734,457,69,707
736,459,69,706
736,460,69,705
734,453,69,709
736,455,69,708
736,455,69,708
736,457,69,707
736,459,69,706
734,459,69,706
734,459,69,706
734,459,69,706
734,462,69,704
736,466,69,702
738,468,69,701
738,469,69,699
734,468,69,701
730,468,69,700
736,473,69,697
736,471,69,698
738,473,69,697
739,473,69,697
736,473,69,697
732,469,69,699
739,478,69,694
736,477,69,695
734,475,69,696
734,475,69,696
738,482,69,692
739,480,69,693
739,478,69,694
739,478,69,694
739,478,69,694
739,478,69,694
739,478,69,694
739,478,69,694
741,477,69,695
743,478,69,694
741,480,69,693
743,484,69,691
739,477,69,695
736,478,69,694
734,475,69,696
734,473,69,697
734,471,69,698
732,473,69,697
734,471,69,698
734,471,69,698
732,468,69,700
736,473,69,697
739,473,69,697
738,471,69,698
736,469,69,699
736,466,69,702
736,464,69,703
736,459,69,706
734,459,69,706
734,457,69,707
736,462,69,704
736,459,69,706
732,453,69,709
734,453,69,709
736,455,69,708
743,462,69,704
739,453,69,709
734,448,69,712
730,442,69,715
730,444,69,714
730,444,69,714
730,448,69,712
730,450,69,711
732,453,69,709
732,453,69,709
736,459,69,706
736,459,69,706
738,459,69,706
736,460,69,705
734,464,69,703
736,466,69,702
738,468,69,701
734,468,69,701
734,464,69,703
739,471,69,698
732,466,69,702
732,469,69,699
734,471,69,698
738,475,69,696
734,469,69,699
736,473,69,697
738,471,69,698
736,473,69,697
736,473,69,697
736,469,69,699
736,468,69,700
738,468,69,701
736,469,69,699
736,469,69,699
736,471,69,698
736,473,69,697
741,475,69,696
734,471,69,698
732,468,69,701
736,478,69,694
739,477,69,695
739,478,69,694
736,473,69,697
736,473,69,697
738,473,69,697
738,469,69,699
734,468,69,700
732,468,69,701
736,469,69,699
739,468,69,701
738,464,69,703
736,460,69,705
736,459,69,706
732,453,69,709
732,450,69,711
734,453,69,709
736,451,69,710
736,451,69,710
734,451,69,710
730,451,69,710
727,451,69,710
725,455,69,708
729,459,69,706
725,455,69,708
725,460,69,705
729,464,69,703
723,462,69,704
727,464,69,703
729,466,69,702
729,466,69,702
725,464,69,703
725,466,69,702
729,468,69,700
727,464,69,703
727,468,69,700
729,468,69,700
727,468,69,701
727,469,69,699
727,468,69,700
730,473,69,697
730,471,69,698
727,468,69,701
725,466,69,702
727,473,69,697
727,475,69,696
727,471,69,698
727,475,69,696
725,471,69,698
727,471,69,698
727,469,69,699
727,471,69,698
727,473,69,697
729,471,69,698
729,473,69,697
730,469,69,699
730,469,69,699
732,469,69,699
730,468,69,701
729,468,69,701
729,466,69,702
729,464,69,703
727,462,69,704
730,462,69,704
729,457,69,707
725,451,69,710
725,451,69,710
730,450,69,711
729,444,69,714
727,442,69,715
725,439,69,717
725,439,69,718
723,441,69,716
723,444,69,714
721,444,69,714
720,446,69,713
720,450,69,711
727,459,69,706
729,464,69,703
729,468,69,701
729,468,69,700
725,468,69,701
725,469,69,699
727,473,69,697
730,478,69,694
725,471,69,698
723,477,69,695
727,480,69,693
727,478,69,694
725,480,69,693
727,475,69,696
727,475,69,696
727,477,69,695
729,475,69,696
730,482,69,692
730,482,69,692
727,484,69,691
725,486,69,690
727,480,69,693
730,487,69,689
727,489,69,688
729,484,69,691
729,486,69,690
730,489,69,688
730,491,69,686
732,489,69,687
734,491,69,686
736,491,69,686
736,487,69,689
734,486,69,690
736,486,69,690
736,486,69,690
734,482,69,692
734,484,69,691
734,480,69,693
734,478,69,694
734,473,69,697
730,469,69,699
730,468,69,701
727,466,69,702
727,464,69,703
725,460,69,705
727,462,69,704
725,459,69,706
725,462,69,704
727,464,69,703
729,464,69,703
730,462,69,704
720,448,69,712
720,450,69,711
721,457,69,707
723,459,69,706
729,462,69,704
732,464,69,703
730,462,69,704
727,464,69,703
729,466,69,702
723,459,69,706
725,464,69,703
730,466,69,702
723,460,69,705
727,464,69,703
727,464,69,703
725,462,69,704
725,464,69,703
729,468,69,701
727,464,69,703
727,462,69,704
727,468,69,701
730,468,69,701
727,464,69,703
729,468,69,700
730,466,69,702
727,462,69,704
729,464,69,703
730,469,69,699
730,468,69,700
730,468,69,701
730,468,69,701
730,468,69,701
734,468,69,700
734,468,69,700
734,464,69,703
734,466,69,702
734,466,69,702
734,464,69,703
734,464,69,703
732,462,69,704
727,459,69,706
725,457,69,707
725,457,69,707
723,451,69,710
723,457,69,707
727,457,69,707
729,455,69,708
730,453,69,709
730,451,69,710
727,450,69,711
727,446,69,713
727,446,69,713
720,432,69,722
720,437,69,719
720,439,69,718
720,442,69,715
727,450,69,711
730,453,69,709
725,453,69,709
725,457,69,707
725,459,69,706
727,460,69,705
725,462,69,704
723,464,69,703
729,469,69,699
723,466,69,702
727,471,69,698
729,475,69,696
727,473,69,697
727,477,69,695
730,478,69,694
727,473,69,697
732,484,69,691
729,480,69,693
730,482,69,692
730,487,69,689
734,487,69,689
730,486,69,690
729,484,69,691
727,484,69,691
730,484,69,691
727,484,69,691
730,486,69,690
729,484,69,691
727,486,69,690
729,487,69,689
730,487,69,689
730,484,69,691
730,486,69,690
730,487,69,689
730,484,69,691
730,484,69,691
732,484,69,691
730,482,69,692
730,480,69,693
730,478,69,694
729,477,69,695
730,475,69,696
729,471,69,698
727,471,69,698
729,468,69,700
727,464,69,703
725,460,69,705
727,459,69,706
727,459,69,706
729,459,69,706
730,459,69,706
730,457,69,707
725,453,69,709
738,462,69,704
732,455,69,708
730,453,69,709
736,455,69,708
736,477,69,695
736,477,69,695
736,478,69,694
736,478,69,694
736,478,69,694
736,480,69,693
727,478,69,694
723,477,69,695
729,484,69,691
729,482,69,692
727,482,69,692
727,484,69,691
730,489,69,688
730,487,69,689
729,487,69,689
730,491,69,686
730,489,69,687
732,493,69,685
734,496,69,683
734,500,69,681
734,498,69,682
730,498,69,682
732,498,69,682
732,498,69,682
734,500,69,681
732,500,69,681
734,502,69,680
734,500,69,681
734,500,69,681
734,496,69,683
736,504,69,679
738,498,69,682
736,495,69,684
736,495,69,684
736,496,69,683
736,493,69,685
736,491,69,686
734,493,69,685
736,491,69,686
736,489,69,687
736,489,69,687
736,487,69,689
736,486,69,690
734,482,69,692
732,478,69,694
730,477,69,695
729,475,69,696
727,471,69,698
725,469,69,699
738,480,69,693
736,478,69,694
734,475,69,696
739,478,69,694
727,437,69,719
727,439,69,718
725,439,69,717
727,444,69,714
727,444,69,714
727,448,69,712
727,451,69,710
730,457,69,707
727,455,69,708
727,459,69,706
730,462,69,704
727,460,69,705
730,468,69,701
729,466,69,702
727,468,69,701
734,471,69,698
729,469,69,699
730,471,69,698
734,475,69,696
734,478,69,694
732,473,69,697
732,477,69,695
732,475,69,696
730,477,69,695
727,477,69,695
729,478,69,694
729,477,69,695
730,480,69,693
730,478,69,694
729,482,69,692
730,480,69,693
730,482,69,692
732,480,69,693
734,486,69,690
738,486,69,690
734,484,69,691
734,484,69,691
736,484,69,691
736,480,69,693
734,480,69,693
734,478,69,694
736,477,69,695
734,475,69,696
732,473,69,697
734,471,69,698
734,471,69,698
732,468,69,700
730,466,69,702
729,460,69,705
727,459,69,706
727,455,69,708
729,459,69,706
732,459,69,706
727,453,69,709
729,455,69,708
738,459,69,706
734,459,69,706
732,451,69,710
745,516,69,671
745,518,69,670
747,518,69,670
747,520,69,669
747,455,69,708
743,457,69,707
741,455,69,708
739,457,69,707
736,459,69,706
734,462,69,704
738,468,69,700
738,471,69,698
739,475,69,696
732,477,69,695
730,478,69,694
732,486,69,690
734,487,69,689
734,489,69,688
734,489,69,687
734,495,69,684
747,520,69,669
741,511,69,674
741,514,69,672
745,516,69,671
747,516,69,671
750,520,69,669
748,520,69,669
748,520,69,669
743,514,69,672
747,516,69,671
747,520,69,669
745,520,69,669
748,520,69,669
738,466,69,702
738,466,69,702
738,468,69,701
739,464,69,703
738,468,69,700
738,471,69,698
738,473,69,697
730,473,69,697
729,471,69,698
729,469,69,699
727,468,69,700
727,471,69,698
729,473,69,697
734,480,69,693
730,477,69,695
732,478,69,694
734,480,69,693
734,477,69,695
736,448,69,712
734,451,69,710
734,451,69,710
734,455,69,708
732,455,69,708
734,457,69,707
734,459,69,706
725,459,69,706
721,460,69,705
727,469,69,699
730,473,69,697
730,471,69,698
729,471,69,698
730,478,69,694
734,482,69,692
730,478,69,694
730,484,69,691
732,484,69,691
734,486,69,690
738,455,69,708
739,455,69,708
741,455,69,708
743,455,69,708
741,453,69,709
732,446,69,713
727,444,69,714
725,442,69,715
729,448,69,712
727,446,69,713
727,446,69,713
725,448,69,712
725,451,69,710
727,455,69,708
730,457,69,707
727,455,69,708
730,462,69,704
734,464,69,703
730,462,69,704
730,466,69,702
729,464,69,703
730,468,69,701
729,469,69,699
730,475,69,696
730,471,69,698
730,480,69,693
736,480,69,693
736,484,69,691
736,487,69,689
732,487,69,689
734,489,69,688
734,489,69,687
738,491,69,686
743,487,69,689
741,487,69,689
743,484,69,691
739,482,69,692
739,478,69,694
738,477,69,695
736,473,69,697
736,471,69,698
736,468,69,700
730,464,69,703
732,464,69,703
730,464,69,703
730,460,69,705
739,468,69,701
738,468,69,701
736,464,69,703
738,450,69,711
736,451,69,710
736,451,69,710
734,453,69,709
736,455,69,708
734,457,69,707
734,460,69,705
734,459,69,706
725,457,69,707
723,460,69,705
727,468,69,701
727,466,69,702
729,468,69,700
730,469,69,699
729,471,69,698
727,475,69,696
730,478,69,694
730,480,69,693
734,482,69,692
736,486,69,690
736,487,69,689
738,489,69,688
736,489,69,687
736,489,69,687
743,457,69,707
741,457,69,707
739,459,69,706
739,460,69,705
739,464,69,703
739,464,69,703
739,466,69,702
739,466,69,702
739,468,69,700
732,468,69,701
729,468,69,701
729,468,69,700
730,471,69,698
732,473,69,697
734,475,69,696
734,482,69,692
734,484,69,691
734,486,69,690
736,487,69,689
736,487,69,689
736,489,69,687
732,489,69,688
734,491,69,686
730,451,69,710
727,448,69,712
727,450,69,711
729,451,69,710
739,455,69,708
736,453,69,709
736,459,69,706
736,459,69,706
736,460,69,705
736,459,69,706
734,462,69,704
727,457,69,707
723,455,69,708
723,457,69,707
725,459,69,706
725,460,69,705
725,468,69,701
730,473,69,697
729,471,69,698
727,473,69,697
732,475,69,696
732,478,69,694
734,484,69,691
734,484,69,691
734,486,69,690
736,489,69,687
732,487,69,689
730,487,69,689
732,489,69,687
734,464,69,703
732,462,69,704
730,457,69,707
745,520,69,669
745,523,69,667
748,523,69,667
750,527,69,665
754,529,69,663
757,532,69,661
748,477,69,695
747,477,69,695
745,475,69,696
743,478,69,694
743,473,69,697
741,473,69,697
739,475,69,696
738,468,69,700
734,468,69,700
734,469,69,699
736,469,69,699
738,477,69,695
739,477,69,695
738,477,69,695
739,480,69,693
739,482,69,692
738,482,69,692
736,482,69,692
734,478,69,694
738,480,69,693
738,484,69,691
736,482,69,692
736,486,69,690
739,466,69,702
736,464,69,703
734,462,69,704
730,459,69,706
730,453,69,709
745,511,69,674
748,518,69,670
750,518,69,670
752,522,69,668
752,522,69,668
754,522,69,668
752,516,69,671
754,520,69,669
748,516,69,671
752,518,69,670
754,520,69,669
756,523,69,667
738,453,69,709
738,451,69,710
738,450,69,711
736,455,69,708
736,462,69,704
739,466,69,702
739,468,69,700
734,500,69,681
736,487,69,689
739,491,69,686
736,487,69,689
730,732,5,535
730,734,5,534
732,741,5,530
736,741,5,530
741,527,69,664
739,446,69,713
738,439,69,717
738,439,69,717
739,439,69,718
739,437,69,719
738,441,69,716
739,446,69,713
738,441,69,716
738,439,69,718
739,437,69,719
734,435,69,720
734,437,69,719
732,439,69,718
738,437,69,719
739,433,69,721
736,433,69,721
734,432,69,722
736,430,69,723
736,424,69,726
732,419,69,729
732,644,5,591
732,705,5,552
734,721,5,542
736,727,5,538
738,729,5,537
739,448,69,712
739,430,69,723
739,426,69,725
736,739,5,531
739,739,5,531
739,739,5,531
738,736,5,533
738,736,5,533
739,736,5,533
739,739,5,531
739,739,5,531
732,403,69,738
730,396,69,742
730,707,5,551
736,732,5,535
738,732,5,535
738,736,5,533
736,732,5,535
736,734,5,534
739,736,5,533
738,410,69,734
732,396,69,742
730,394,69,743
727,531,5,662
730,709,5,550
732,725,5,540
734,727,5,539
734,730,5,536
736,727,5,538
734,727,5,539
734,725,5,540
736,723,5,541
734,721,5,542
734,720,5,543
734,716,5,545
730,718,5,544
732,720,5,543
732,721,5,542
734,720,5,543
734,720,5,543
734,723,5,541
734,718,5,544
730,716,5,545
730,720,5,543
734,723,5,541
734,727,5,539
734,725,5,540
734,721,5,542
734,720,5,543
734,720,5,543
732,718,5,544
732,718,5,544
732,720,5,543
734,721,5,542
734,720,5,543
734,723,5,541
734,720,5,543
734,723,5,541
734,723,5,541
734,721,5,542
734,721,5,542
732,720,5,543
732,723,5,541
734,721,5,542
734,720,5,543
734,725,5,540
734,721,5,542
734,727,5,539
734,721,5,542
734,721,5,542
734,720,5,543
734,720,5,543
732,424,69,726
730,426,69,725
732,428,69,724
734,428,69,724
736,430,69,723
736,430,69,723
736,430,69,723
734,428,69,724
736,432,69,722
738,432,69,722
739,432,69,722
741,435,69,720
739,435,69,720
739,437,69,719
739,435,69,720
741,433,69,721
739,432,69,722
741,432,69,722
739,428,69,724
736,428,69,724
736,426,69,725
734,421,69,728
734,417,69,730
734,415,69,731
736,417,69,730
736,415,69,731
734,412,69,733
734,408,69,735
730,406,69,736
730,408,69,735
734,410,69,734
739,410,69,734
732,408,69,735
730,406,69,736
729,406,69,736
730,405,69,737
730,662,5,580
736,432,69,722
736,437,69,719
736,439,69,718
736,439,69,718
736,442,69,715
739,446,69,713
736,446,69,713
736,446,69,713
734,450,69,711
736,451,69,710
736,451,69,710
741,455,69,708
741,460,69,705
743,459,69,706
745,459,69,706
743,462,69,704
743,466,69,702
747,468,69,701
750,468,69,700
747,468,69,701
743,464,69,703
736,464,69,703
734,462,69,704
741,466,69,702
747,466,69,702
739,460,69,705
734,459,69,706
739,464,69,703
743,460,69,705
745,460,69,705
743,460,69,705
745,460,69,705
745,459,69,706
745,459,69,706
748,460,69,705
736,453,69,709
734,450,69,711
736,453,69,709
739,455,69,708
739,455,69,708
739,451,69,710
738,451,69,710
732,451,69,710
736,459,69,706
736,460,69,705
739,466,69,702
738,466,69,702
738,468,69,701
743,466,69,702
738,468,69,701
739,468,69,700
739,468,69,700
738,468,69,701
739,469,69,699
739,468,69,701
739,468,69,701
741,468,69,701
739,469,69,699
739,468,69,700
745,471,69,698
747,471,69,698
745,473,69,697
739,471,69,698
736,471,69,698
734,468,69,700
734,471,69,698
739,473,69,697
745,473,69,697
747,475,69,696
739,469,69,699
736,471,69,698
745,471,69,698
748,469,69,699
748,471,69,698
739,468,69,701
734,464,69,703
734,466,69,702
738,469,69,699
743,468,69,700
745,468,69,701
747,468,69,701
748,468,69,701
739,462,69,704
734,462,69,704
738,464,69,703
739,464,69,703
741,462,69,704
743,462,69,704
739,462,69,704
739,460,69,705
739,460,69,705
738,459,69,706
738,453,69,709
736,451,69,710
738,451,69,710
739,453,69,709
739,459,69,706
739,460,69,705
736,455,69,708
736,455,69,708
738,460,69,705
743,464,69,703
741,468,69,700
743,469,69,699
743,469,69,699
745,473,69,697
748,475,69,696
743,469,69,699
736,473,69,697
734,473,69,697
736,477,69,695
741,480,69,693
748,482,69,692
745,484,69,691
738,477,69,695
736,480,69,693
739,477,69,695
738,478,69,694
738,478,69,694
736,477,69,695
736,473,69,697
736,471,69,698
739,477,69,695
750,478,69,694
739,473,69,697
743,477,69,695
743,471,69,698
739,468,69,700
736,466,69,702
734,462,69,704
736,462,69,704
741,464,69,703
745,464,69,703
745,464,69,703
739,459,69,706
736,455,69,708
734,457,69,707
739,462,69,704
743,459,69,706
738,453,69,709
738,453,69,709
739,455,69,708
739,459,69,706
738,457,69,707
736,459,69,706
736,460,69,705
741,464,69,703
741,464,69,703
739,466,69,702
741,466,69,702
741,468,69,700
745,469,69,699
745,471,69,698
743,473,69,697
748,475,69,696
745,477,69,695
736,473,69,697
734,473,69,697
734,478,69,694
734,477,69,695
734,477,69,695
741,484,69,691
747,486,69,690
743,480,69,693
738,478,69,694
736,480,69,693
736,477,69,695
741,484,69,691
741,484,69,691
743,489,69,688
741,482,69,692
739,477,69,695
739,473,69,697
738,468,69,700
736,466,69,702
736,464,69,703
736,464,69,703
739,468,69,701
750,468,69,701
739,464,69,703
736,462,69,704
736,460,69,705
734,460,69,705
739,464,69,703
743,464,69,703
743,466,69,702
743,462,69,704
736,455,69,708
736,439,69,717
734,433,69,721
734,430,69,723
734,426,69,725
730,417,69,730
730,415,69,731
729,567,5,640
732,694,5,559
734,712,5,548
736,718,5,544
736,718,5,544
736,716,5,545
734,716,5,545
736,718,5,544
734,714,5,547
734,714,5,546
730,712,5,548
732,712,5,548
732,711,5,549
730,709,5,550
730,709,5,550
730,712,5,548
730,709,5,550
732,714,5,546
730,711,5,549
732,711,5,549
732,709,5,550
730,709,5,550
730,707,5,551
730,703,5,553
725,716,5,545
727,718,5,544
727,714,5,546
727,718,5,544
730,720,5,543
727,716,5,545
727,718,5,544
730,721,5,542
730,714,5,546
730,714,5,547
730,714,5,546
732,714,5,547
729,711,5,549
727,711,5,549
727,709,5,550
725,709,5,550
725,707,5,551
727,707,5,551
723,703,5,553
725,703,5,553
723,703,5,553
721,702,5,555
725,703,5,553
725,703,5,553
727,703,5,553
727,705,5,552
727,705,5,552
729,730,5,536
732,727,5,538
732,723,5,541
734,727,5,538
732,727,5,539
730,723,5,541
730,723,5,541
730,729,5,537
730,721,5,542
732,732,5,535
732,727,5,539
730,723,5,541
732,727,5,539
730,720,5,543
727,714,5,546
727,711,5,549
725,709,5,550
723,705,5,552
725,709,5,550
725,709,5,550
725,709,5,550
725,707,5,551
723,703,5,553
721,700,5,556
723,703,5,553
725,702,5,554
727,702,5,554
725,702,5,555
725,700,5,556
725,727,5,539
727,727,5,539
732,734,5,534
730,725,5,540
727,721,5,542
727,727,5,539
729,727,5,538
729,725,5,540
727,725,5,540
727,720,5,543
727,718,5,544
727,718,5,544
727,714,5,547
725,712,5,548
725,714,5,547
727,711,5,549
727,709,5,550
725,709,5,550
725,707,5,551
725,703,5,553
723,703,5,553
725,711,5,549
729,711,5,549
729,711,5,549
727,709,5,550
738,734,5,534
736,732,5,535
738,732,5,535
736,734,5,534
736,732,5,535
736,732,5,535
736,729,5,537
736,727,5,538
736,727,5,539
736,727,5,539
734,723,5,541
734,721,5,542
734,723,5,541
734,723,5,541
734,721,5,542
734,721,5,542
732,720,5,543
730,716,5,545
739,750,5,524
738,743,5,528
736,748,5,525
739,754,5,522
739,750,5,524
734,397,69,741
732,394,69,743
729,417,5,730
732,721,5,542
736,739,5,531
736,736,5,533
739,739,5,531
739,444,69,714
730,385,69,748
729,378,69,752
729,707,5,551
734,727,5,539
734,727,5,539
734,727,5,539
734,723,5,541
734,723,5,541
736,723,5,541
736,723,5,541
734,721,5,542
734,723,5,541
734,720,5,543
732,720,5,543
734,736,5,533
734,732,5,535
732,736,5,533
734,743,5,528
736,741,5,529
736,745,5,527
734,732,5,535
