754,547,101,652
763,637,1,596
763,739,101,531
761,741,101,529
763,741,101,530
763,741,101,529
763,736,101,533
761,739,101,531
763,732,101,535
763,727,101,538
761,727,101,539
763,727,101,539
763,723,101,541
761,721,101,542
765,727,101,539
759,723,101,541
759,721,101,542
766,734,1,534
768,741,1,530
757,720,101,543
754,718,101,544
759,720,101,543
763,723,101,541
761,727,101,539
763,729,101,537
763,727,101,539
761,725,101,540
765,727,101,539
756,727,101,539
759,727,101,538
765,727,101,539
757,725,101,540
761,723,101,541
766,723,101,541
759,723,101,541
763,723,101,541
765,727,101,539
759,723,101,541
759,721,101,542
766,734,1,534
768,741,1,530
754,619,101,607
748,633,101,598
754,612,101,612
752,619,101,607
754,585,101,629
754,579,101,632
754,576,101,634
752,644,101,591
754,594,101,623
754,608,101,614
752,648,101,589
752,585,101,629
752,624,101,604
752,612,101,612
754,585,101,629
757,649,101,587
754,590,101,625
757,646,101,590
759,592,101,624
757,599,101,620
752,639,101,594
752,592,101,624
754,597,101,621
754,631,101,599
752,577,101,633
757,612,101,611
757,635,101,597
754,615,101,609
754,585,101,628
750,581,101,631
754,633,101,598
752,599,101,619
750,586,101,627
752,577,101,633
752,572,101,636
748,599,101,619
752,628,101,601
752,590,101,625
756,590,101,625
752,615,101,609
750,583,101,630
752,613,101,610
750,595,101,622
748,612,101,611
750,631,101,599
750,585,101,628
752,610,101,613
752,606,101,615
754,597,101,621
750,630,101,600
752,594,101,623
756,682,1,567
754,714,1,547
757,736,1,533
756,736,1,533
757,736,1,533
757,736,1,533
756,736,1,533
757,736,1,533
757,738,1,532
754,588,101,626
752,576,101,634
752,639,101,594
757,644,101,591
757,622,101,605
757,608,101,614
759,590,101,625
757,588,101,626
757,574,101,635
752,576,101,634
754,572,101,637
754,576,101,634
752,574,101,635
757,581,101,631
759,585,101,629
756,579,101,632
752,613,101,610
752,646,101,590
756,619,101,607
754,592,101,624
757,599,101,620
756,628,101,601
757,651,101,586
754,613,101,610
752,595,101,622
754,630,101,600
756,646,101,590
759,648,101,589
759,637,101,596
757,640,101,593
757,644,101,591
757,639,101,594
757,630,101,600
757,617,101,608
754,612,101,611
756,599,101,619
754,599,101,620
754,592,101,624
757,586,101,627
757,577,101,633
754,633,101,598
754,579,101,632
752,597,101,621
754,610,101,613
745,630,101,600
752,653,101,585
756,693,101,560
757,702,101,554
747,595,101,622
748,626,101,602
745,633,101,598
745,599,101,620
748,640,101,593
748,599,101,619
748,594,101,623
748,615,101,609
745,552,101,649
743,559,101,644
741,565,101,641
747,556,101,647
748,597,101,621
748,565,101,641
752,545,101,653
750,570,101,638
745,545,101,653
748,574,101,635
750,615,101,609
748,572,101,637
748,581,101,631
752,599,101,620
752,572,101,636
754,565,101,641
754,541,101,655
752,601,101,618
752,653,101,585
756,693,101,560
757,702,101,554
757,707,101,551
757,727,1,539
754,738,1,532
774,734,100,534
775,738,100,532
775,732,100,535
775,738,100,532
783,741,100,529
783,739,100,531
779,739,100,531
779,736,100,533
777,729,100,537
777,736,100,533
779,741,100,530
779,739,100,531
779,739,100,531
781,727,100,539
779,723,100,541
775,813,100,485
775,808,100,488
772,801,100,492
781,804,100,490
781,822,100,479
781,822,100,479
783,811,100,486
766,792,100,498
766,790,100,499
766,804,100,490
766,804,100,490
766,799,101,494
768,793,101,497
770,793,101,497
770,792,101,498
768,793,100,497
766,792,100,498
766,790,100,499
770,792,100,498
768,792,100,498
766,788,100,500
766,784,100,502
763,799,100,494
766,799,101,494
766,788,101,500
765,784,101,503
761,777,101,507
763,779,100,506
763,790,100,499
763,786,100,501
761,775,100,508
761,772,100,510
757,772,100,510
757,774,0,509
754,772,0,510
752,770,1,511
752,768,1,512
752,779,1,506
752,781,1,505
757,765,0,515
750,757,0,519
748,756,0,520
745,756,0,520
745,757,0,519
743,754,0,521
743,754,1,522
743,754,1,522
743,752,0,523
741,754,0,522
739,752,0,523
739,754,68,521
743,759,68,518
743,756,68,520
741,750,68,524
739,748,68,525
741,747,68,526
741,747,68,526
741,748,68,525
743,750,69,524
743,748,69,525
743,759,101,518
745,761,101,517
743,754,100,522
745,752,100,523
743,750,100,524
745,748,100,525
743,748,100,525
745,752,100,523
743,754,100,522
745,766,100,514
745,761,101,517
748,750,101,524
747,750,101,524
748,754,101,522
747,768,101,513
745,761,101,517
745,750,100,524
745,748,100,525
745,750,100,524
745,752,100,523
745,752,100,523
745,754,100,522
745,748,101,525
745,748,101,525
747,754,101,522
743,754,101,522
745,766,101,514
748,763,101,516
745,754,100,521
745,754,100,521
745,754,100,522
747,754,100,522
747,752,100,523
743,752,100,523
745,754,101,522
745,752,101,523
745,748,101,525
745,763,101,516
743,759,100,518
745,752,100,523
741,752,100,523
743,748,100,525
743,747,100,526
739,750,0,524
738,754,0,522
734,752,0,523
736,748,1,525
736,748,1,525
743,757,100,519
743,757,100,519
745,757,100,519
745,761,100,517
745,763,101,516
745,761,101,517
748,765,101,515
745,766,101,514
747,768,100,512
748,768,100,512
748,766,100,514
752,765,100,515
750,777,100,507
752,777,100,507
748,768,100,512
752,766,100,514
750,766,100,514
752,768,101,512
754,770,101,511
754,784,101,502
754,781,101,505
754,770,100,511
754,770,100,511
752,774,100,509
754,779,100,506
757,790,100,499
756,792,100,498
757,779,100,506
754,774,100,509
754,775,101,508
757,774,101,509
757,774,101,509
757,774,101,509
756,774,100,509
756,775,100,508
756,774,100,509
754,772,100,510
756,772,100,510
757,772,100,510
756,779,100,506
756,784,100,503
757,779,101,506
754,768,101,512
756,768,101,512
754,768,101,512
752,768,100,513
752,765,100,515
754,763,100,516
754,766,100,514
754,775,0,508
752,774,0,509
747,768,0,513
745,766,0,514
745,765,1,515
757,772,0,510
752,770,1,511
750,763,1,516
750,761,0,517
748,759,100,518
748,759,100,518
750,761,100,517
752,770,100,511
752,768,100,512
748,765,100,515
750,763,100,516
752,763,100,516
750,761,100,517
748,759,101,518
748,761,101,517
748,765,101,515
748,761,101,517
748,761,100,517
750,772,100,510
750,774,100,509
750,766,100,514
752,766,100,514
754,765,100,515
750,766,100,514
754,766,100,514
752,765,101,515
754,768,101,512
752,768,101,512
759,784,101,503
757,781,101,505
757,770,101,511
757,770,100,511
756,774,100,509
757,770,100,511
754,783,100,504
756,779,100,506
756,768,100,513
754,763,100,516
754,775,101,508
756,774,101,509
754,765,101,515
750,761,101,517
754,770,101,511
754,768,101,512
754,763,100,516
754,759,100,518
752,757,100,519
748,768,100,513
748,772,100,510
752,766,100,514
754,759,101,518
754,759,101,518
754,757,101,519
748,754,101,521
752,754,101,521
748,765,101,515
748,761,100,517
748,756,100,520
745,752,100,523
747,752,100,523
745,748,100,525
741,752,0,523
745,756,100,520
745,768,100,512
748,768,100,513
748,761,100,517
747,761,100,517
747,768,100,513
750,768,101,512
752,772,101,510
754,784,101,503
757,784,101,502
757,784,100,503
757,775,100,508
756,774,100,509
754,777,100,507
756,781,100,505
757,781,100,505
759,784,100,502
757,784,100,502
757,792,101,498
759,793,101,497
761,788,101,500
761,792,101,498
761,781,101,505
761,783,101,504
763,784,100,502
765,797,100,495
763,804,100,490
763,801,100,492
763,801,100,493
766,792,100,498
763,788,101,500
766,784,101,502
763,792,101,498
765,797,101,495
766,790,101,499
766,784,101,503
766,781,100,505
766,792,100,498
766,793,100,497
766,786,100,501
765,779,100,506
763,777,100,507
765,790,101,499
761,784,101,503
761,774,101,509
759,772,101,510
757,772,101,510
757,779,101,506
759,774,101,509
756,768,100,513
757,766,100,514
754,763,100,516
752,761,100,517
748,761,0,517
748,765,0,515
754,774,100,509
754,775,100,508
754,765,100,515
752,763,100,516
750,763,100,516
752,768,100,513
754,768,101,512
754,768,101,513
754,768,101,513
754,768,101,512
756,784,100,502
754,784,100,503
756,770,100,511
754,772,100,510
756,774,100,509
754,775,100,508
754,774,100,509
757,775,100,508
754,774,101,509
757,779,101,506
759,793,101,497
761,792,101,498
759,784,100,503
761,783,100,504
761,783,100,504
757,792,100,498
761,790,100,499
757,779,100,506
759,779,100,506
757,779,100,506
759,777,101,507
759,788,101,500
759,790,101,499
759,783,101,504
757,779,101,506
759,775,101,508
757,774,100,509
757,786,100,501
761,784,100,503
761,770,100,511
757,770,100,511
756,768,100,513
757,766,101,514
754,763,101,516
754,763,101,516
750,763,101,516
752,759,100,518
750,757,100,519
747,770,0,511
745,772,0,510
743,761,0,517
743,768,0,512
743,768,0,512
736,748,68,525
736,747,68,526
736,748,68,525
739,752,68,523
741,754,68,522
743,756,100,520
745,756,101,520
745,761,101,517
747,772,100,510
748,775,100,508
748,768,100,513
748,768,100,513
748,768,100,512
750,770,100,511
752,770,100,511
748,772,100,510
752,772,100,510
756,774,100,509
754,777,101,507
756,775,101,508
752,772,101,510
757,788,101,500
757,788,100,500
757,772,100,510
757,772,100,510
754,774,100,509
754,772,100,510
757,770,100,511
756,772,100,510
756,772,100,510
756,774,101,509
756,777,101,507
757,784,101,502
757,779,101,506
757,772,100,510
757,774,100,509
757,768,100,512
757,768,100,512
754,768,100,513
752,768,100,513
754,766,100,514
754,766,100,514
748,763,101,516
750,763,101,516
748,775,101,508
754,770,101,511
752,761,100,517
752,763,0,516
747,766,0,514
745,763,0,516
743,763,0,516
743,761,0,517
763,770,0,511
757,768,0,512
754,768,0,512
754,766,0,514
752,775,100,508
756,777,101,507
759,770,101,511
754,766,100,514
754,768,100,513
754,766,100,514
757,770,100,511
761,770,100,511
761,772,100,510
757,774,100,509
759,777,100,507
761,792,100,498
761,790,100,499
757,779,101,506
761,783,101,504
763,781,101,505
761,781,101,505
761,783,100,504
763,786,100,501
763,797,100,495
765,799,100,494
765,792,100,498
763,790,100,499
766,788,100,500
766,801,100,492
770,801,101,492
770,799,101,494
770,792,101,498
768,793,101,497
766,793,100,497
768,792,100,498
766,793,100,497
768,792,100,498
770,788,100,500
766,802,100,491
766,801,100,493
768,788,100,500
766,786,101,501
768,801,101,492
768,799,101,494
766,788,101,500
766,784,100,503
766,784,100,502
765,784,100,502
763,781,100,505
763,779,100,506
763,779,100,506
761,779,100,506
761,788,100,500
763,788,101,500
763,777,101,507
763,777,101,507
759,774,101,509
757,774,0,509
756,774,0,509
754,775,0,508
752,775,0,508
752,772,0,510
765,770,0,511
756,765,0,515
752,763,1,516
754,765,1,515
750,763,0,516
748,763,0,516
750,763,0,516
752,768,0,513
750,768,0,513
752,770,0,511
752,774,0,509
752,774,0,509
754,786,0,501
752,779,100,506
756,774,101,509
756,774,101,509
757,772,101,510
756,784,101,502
757,786,100,501
759,779,100,506
757,784,100,502
757,788,100,500
761,792,100,498
761,793,100,497
763,786,100,501
766,799,100,494
765,801,101,493
768,804,101,490
766,808,101,488
768,806,101,489
768,806,100,489
770,801,100,492
766,802,100,491
768,811,100,486
766,819,100,481
770,824,100,478
770,828,100,476
772,829,100,475
770,835,101,472
770,833,101,473
772,835,101,471
772,837,101,470
772,813,100,485
772,804,100,490
772,801,100,492
770,799,100,494
770,801,100,493
770,811,100,486
772,810,100,487
772,801,100,492
772,799,101,494
770,795,101,496
768,792,101,498
772,792,101,498
772,793,100,497
772,804,100,490
770,801,100,492
768,792,100,498
766,786,100,501
766,784,100,502
763,784,100,502
763,781,100,505
761,781,101,505
763,779,101,506
761,779,101,506
761,792,1,498
759,790,0,499
759,783,0,504
756,779,0,506
754,775,0,508
754,770,0,511
752,772,0,510
754,775,0,508
754,784,100,502
757,781,100,505
756,774,100,509
756,774,101,509
757,774,101,509
759,775,100,508
757,777,100,507
757,779,100,506
761,783,100,504
759,783,100,504
761,784,100,502
761,786,100,501
763,799,100,494
765,799,100,494
766,792,100,498
763,797,101,495
763,792,101,498
765,795,101,496
765,793,101,497
766,810,100,487
766,811,100,486
766,808,100,488
766,801,100,493
766,797,100,495
765,799,100,494
766,801,100,492
766,799,100,494
766,804,101,490
770,813,101,485
770,811,101,486
770,815,101,484
772,811,100,486
768,801,100,492
770,801,100,493
766,799,100,494
768,797,100,495
770,797,100,495
768,799,100,494
770,797,100,495
770,797,101,495
772,795,101,496
772,792,101,498
772,793,101,497
768,804,100,490
766,801,100,492
763,792,100,498
763,788,100,500
765,784,100,502
765,784,100,502
766,783,100,504
765,783,100,504
763,781,101,505
761,792,101,498
761,792,1,498
759,784,1,502
757,783,0,504
754,779,0,506
754,777,0,507
763,777,0,507
761,777,0,507
761,784,0,503
761,788,100,500
759,784,100,502
757,777,100,507
761,777,101,507
761,775,101,508
761,784,100,503
763,792,100,498
763,788,100,500
763,784,100,503
761,783,100,504
763,788,100,500
765,790,100,499
763,792,100,498
763,784,100,502
763,801,100,492
766,806,100,489
765,799,101,494
766,793,101,497
766,799,101,494
770,799,101,494
766,797,100,495
766,799,100,494
765,804,100,490
768,808,100,488
766,808,100,488
768,813,100,485
770,808,100,488
772,815,100,484
774,817,101,482
775,819,101,481
774,811,101,486
774,806,101,489
775,806,100,489
774,811,100,486
775,813,100,485
774,804,100,490
774,799,100,494
774,799,100,494
770,797,100,495
772,797,100,495
774,797,101,495
772,795,101,496
775,795,101,496
777,792,101,498
775,793,101,497
772,801,101,492
772,801,100,492
770,788,100,500
770,801,100,493
770,799,100,494
768,784,100,502
766,784,100,502
766,781,101,505
766,779,101,506
765,792,101,498
766,792,101,498
763,783,101,504
761,779,1,506
765,775,0,508
761,772,0,510
757,774,0,509
757,784,100,502
761,783,100,504
757,772,100,510
759,772,100,510
757,770,101,511
756,772,101,510
757,772,100,510
761,788,100,500
761,790,100,499
763,784,100,503
761,779,100,506
763,797,100,495
763,799,100,494
763,784,100,502
763,784,100,503
770,784,100,502
770,788,101,500
768,788,101,500
766,790,101,499
770,799,101,494
770,801,100,493
772,797,100,495
774,802,100,491
774,802,100,491
770,815,100,484
770,811,100,486
770,804,100,490
775,810,100,487
772,810,100,487
777,801,101,492
779,804,101,490
779,804,101,490
775,802,101,491
777,808,101,488
775,811,101,486
775,804,100,490
775,808,100,488
772,801,100,493
770,788,100,500
772,788,100,500
774,786,100,501
770,784,101,503
772,784,101,502
770,784,101,502
772,801,101,493
775,792,101,498
774,784,101,503
766,781,100,505
766,781,101,505
765,779,100,506
766,775,100,508
766,777,100,507
765,788,100,500
766,786,101,501
763,788,101,500
765,784,101,502
761,775,101,508
761,775,1,508
790,799,100,494
795,793,100,497
783,790,100,499
774,784,100,503
772,783,100,504
772,781,101,505
772,784,101,503
770,784,100,503
766,783,101,504
770,784,100,503
770,784,100,502
768,802,100,491
766,801,100,492
770,792,100,498
772,790,100,499
772,795,100,496
772,797,100,495
770,804,101,490
770,804,101,490
775,799,101,494
772,797,101,495
772,811,100,486
770,806,100,489
772,799,100,494
772,799,100,494
775,799,100,494
772,801,100,492
772,797,100,495
772,801,100,493
774,801,101,492
775,801,101,493
774,811,101,486
774,811,101,486
774,804,101,490
774,801,101,493
772,799,100,494
772,808,100,488
774,810,100,487
770,810,100,487
772,806,100,489
772,797,100,495
772,792,101,498
772,792,101,498
770,792,101,498
768,788,101,500
766,786,101,501
766,784,101,502
766,783,101,504
765,781,100,505
766,779,100,506
763,777,100,507
761,775,100,508
759,775,100,508
759,788,0,500
757,786,1,501
754,779,1,506
754,777,1,507
754,774,1,509
774,772,0,510
763,768,0,513
757,768,1,512
759,770,1,511
757,781,0,505
757,779,0,506
756,774,0,509
756,775,0,508
754,772,100,510
754,768,100,512
754,768,100,513
756,772,100,510
757,784,100,503
757,784,100,502
757,784,101,503
759,777,101,507
759,779,101,506
759,779,101,506
761,779,100,506
757,779,100,506
757,779,100,506
757,779,100,506
759,792,100,498
763,793,100,497
763,784,100,503
763,784,100,503
761,784,101,502
763,799,101,494
763,797,101,495
761,786,101,501
763,784,100,502
763,784,100,502
761,784,100,502
761,784,100,503
761,784,100,503
759,784,100,503
759,783,100,504
759,792,100,498
759,792,101,498
759,784,101,503
757,779,101,506
757,775,101,508
757,788,100,500
761,788,100,500
759,779,100,506
757,774,100,509
759,774,100,509
757,772,100,510
757,772,100,510
756,774,100,509
757,772,101,510
756,768,101,512
756,774,101,509
754,783,101,504
756,777,100,507
754,781,100,505
756,775,100,508
756,768,100,513
752,768,100,512
752,765,100,515
752,765,100,515
748,766,0,514
748,768,1,513
747,768,1,513
747,766,1,514
745,763,1,516
754,763,100,516
752,759,100,518
756,763,100,516
761,765,100,515
754,768,100,513
754,779,100,506
757,775,101,508
757,768,101,512
756,765,101,515
757,765,101,515
754,768,100,512
754,766,100,514
756,765,100,515
754,763,100,516
756,777,100,507
754,779,100,506
754,768,100,512
754,768,100,512
757,768,101,513
759,768,101,513
757,784,101,502
759,784,101,503
761,774,100,509
757,772,100,510
757,788,100,500
759,788,100,500
761,792,100,498
761,792,100,498
761,781,100,505
761,781,100,505
765,784,101,502
765,790,101,499
766,784,101,503
766,783,101,504
766,784,100,503
766,786,100,501
766,784,100,502
766,783,100,504
765,784,100,503
763,797,100,495
763,797,100,495
766,786,100,501
763,781,101,505
766,779,101,506
761,781,101,505
761,775,101,508
761,779,100,506
759,784,100,502
761,784,100,502
761,774,100,509
761,772,100,510
757,770,100,511
754,774,0,509
752,775,0,508
752,774,1,509
750,772,1,510
748,772,1,510
754,768,0,512
752,768,0,512
752,768,0,513
750,766,0,514
748,768,0,513
748,781,0,505
750,779,1,506
752,772,1,510
752,772,0,510
754,774,0,509
754,774,100,509
754,774,100,509
756,774,100,509
756,775,100,508
757,775,100,508
757,777,100,507
757,779,100,506
756,781,100,505
759,779,101,506
757,781,101,505
761,784,101,503
761,784,101,502
759,784,100,502
761,786,100,501
761,801,100,492
763,801,100,492
763,795,100,496
763,792,100,498
766,792,100,498
766,797,100,495
765,808,101,488
768,810,101,487
766,799,101,494
768,797,101,495
768,799,100,494
766,799,100,494
768,799,100,494
768,813,100,485
772,811,100,486
768,811,100,486
770,811,100,486
768,806,100,489
768,806,101,489
770,811,101,486
770,801,101,493
770,801,101,493
770,801,100,493
770,799,100,494
770,811,100,486
772,810,100,487
770,811,100,486
772,808,100,488
768,799,100,494
766,793,100,497
766,792,101,498
770,793,101,497
766,786,101,501
770,786,101,501
766,786,100,501
766,784,100,502
766,783,100,504
765,784,100,503
763,799,100,494
761,793,0,497
759,788,0,500
757,784,0,503
756,783,1,504
757,781,1,505
786,774,0,509
775,768,0,512
770,770,0,511
766,770,0,511
757,772,0,510
754,772,1,510
752,774,1,509
752,774,0,509
748,770,100,511
748,770,100,511
748,770,100,511
748,768,100,512
752,779,100,506
750,777,100,507
748,768,100,512
748,768,100,512
750,768,100,512
750,768,101,512
754,768,101,512
750,770,100,511
750,781,100,505
752,784,100,502
750,783,100,504
754,792,100,498
752,793,100,497
754,797,100,495
754,801,100,493
754,792,100,498
752,786,100,501
752,784,101,502
757,793,101,497
759,795,101,496
756,799,101,494
757,802,100,491
756,801,100,492
761,804,100,490
757,802,100,491
757,797,100,495
759,792,100,498
757,790,100,499
757,784,100,502
757,784,101,502
757,784,101,503
759,797,101,495
756,792,101,498
761,797,100,495
757,792,100,498
756,779,100,506
756,779,100,506
759,779,100,506
754,775,100,508
752,772,100,510
752,772,100,510
754,786,101,501
754,781,101,505
754,770,101,511
754,779,101,506
752,777,100,507
752,768,100,513
748,763,100,516
747,763,100,516
745,765,0,515
739,763,0,516
739,763,0,516
738,761,0,517
736,759,1,518
745,768,100,513
743,763,100,516
747,763,100,516
745,765,100,515
748,775,100,508
754,774,100,509
750,770,101,511
748,772,101,510
754,770,101,511
754,772,101,510
752,777,101,507
754,779,100,506
752,779,100,506
754,784,100,503
754,788,100,500
754,784,100,503
761,797,100,495
757,792,100,498
757,784,100,502
761,784,101,502
757,784,101,502
759,801,101,492
761,801,101,493
772,786,100,501
774,786,100,501
774,786,100,501
775,792,100,498
777,804,100,490
775,801,100,493
775,793,100,497
775,804,100,490
777,801,101,492
775,788,101,500
775,786,101,501
777,784,101,502
775,786,100,501
774,784,100,502
772,784,100,502
775,784,100,502
775,784,100,502
774,793,100,497
775,788,100,500
774,783,100,504
772,781,101,505
772,777,101,507
770,774,101,509
770,772,101,510
768,774,101,509
772,783,101,504
768,777,100,507
765,768,100,513
765,768,100,513
763,766,100,514
763,761,100,517
759,765,0,515
766,759,0,518
766,759,0,518
766,761,0,517
763,761,0,517
761,761,1,517
761,768,1,512
761,768,100,512
763,766,100,514
766,765,100,515
766,765,100,515
766,766,100,514
766,783,100,504
768,779,100,506
768,772,100,510
766,768,100,512
766,772,100,510
768,777,101,507
770,781,101,505
772,792,101,498
772,786,101,501
772,783,100,504
772,784,100,503
772,784,100,503
772,784,100,502
772,790,100,499
774,799,100,494
775,799,100,494
775,799,100,494
775,792,101,498
779,793,101,497
774,793,101,497
775,793,101,497
779,811,101,486
781,806,101,489
779,801,101,493
775,795,100,496
775,797,100,495
779,799,100,494
775,804,100,490
774,804,100,490
775,801,100,493
772,795,101,496
770,792,101,498
772,790,101,499
774,801,101,492
777,802,101,491
775,795,101,496
772,788,100,500
775,788,100,500
775,801,100,492
772,799,100,494
770,784,100,502
770,797,100,495
766,792,101,498
768,784,101,503
770,777,101,507
763,777,101,507
766,774,101,509
763,772,101,510
761,772,100,510
759,772,100,510
757,768,100,512
756,768,100,512
752,768,0,512
763,772,100,510
763,772,100,510
761,772,100,510
761,772,100,510
763,786,100,501
766,790,100,499
765,783,101,504
763,779,101,506
763,781,101,505
766,784,101,503
765,784,100,503
763,797,100,495
768,799,100,494
770,801,100,492
770,790,100,499
768,790,100,499
770,790,100,499
774,808,100,488
772,804,101,490
770,795,101,496
772,793,101,497
775,799,101,494
775,811,100,486
775,808,100,488
775,801,100,493
772,797,100,495
774,797,100,495
772,797,100,495
775,813,100,485
777,808,100,488
774,801,100,493
777,797,101,495
775,806,101,489
777,802,101,491
772,797,101,495
772,792,100,498
770,790,101,499
772,786,100,501
774,801,100,493
774,799,100,494
772,786,100,501
770,781,100,505
770,779,100,506
768,775,101,508
770,777,101,507
768,772,101,510
766,772,101,510
766,770,100,511
766,774,0,509
763,770,0,511
759,770,0,511
759,768,0,512
761,784,0,503
768,766,0,514
765,763,0,516
763,765,0,515
763,766,0,514
766,784,0,503
765,779,0,506
763,770,0,511
766,768,101,512
768,768,101,512
770,768,100,512
766,768,100,512
770,781,100,505
770,781,100,505
770,774,100,509
766,775,100,508
768,772,100,510
766,774,100,509
768,775,100,508
766,777,100,507
768,779,101,506
768,779,101,506
772,788,100,500
772,799,100,494
775,793,100,497
775,790,100,499
774,786,100,501
774,786,100,501
774,784,100,502
774,788,100,500
775,804,100,490
779,804,100,490
775,795,101,496
775,792,101,498
777,793,101,497
777,793,101,497
779,792,100,498
775,792,100,498
775,792,100,498
781,808,100,488
779,801,100,492
779,797,100,495
779,804,100,490
781,804,100,490
779,792,101,498
777,790,101,499
777,788,101,500
779,788,101,500
777,799,100,494
779,793,100,497
775,784,100,502
775,784,100,503
772,781,100,505
770,781,100,505
770,779,100,506
768,779,100,506
766,775,101,508
766,775,101,508
765,775,101,508
763,772,101,510
761,784,101,502
757,783,100,504
757,774,100,509
754,770,100,511
754,768,100,512
752,768,100,513
754,768,100,512
757,768,100,513
757,766,100,514
761,779,101,506
761,775,101,508
761,766,100,514
757,763,100,516
756,761,100,517
754,759,100,518
754,759,100,518
777,770,0,511
772,772,0,510
765,779,0,506
763,774,0,509
759,766,0,514
757,765,100,515
757,759,101,518
756,757,101,519
756,757,100,519
757,759,100,518
756,759,100,518
763,759,100,518
759,770,100,511
759,779,100,506
761,772,100,510
759,770,100,511
761,772,100,510
761,772,100,510
761,770,101,511
759,770,101,511
759,784,101,502
759,783,101,504
761,775,100,508
763,774,100,509
763,775,100,508
763,775,100,508
763,775,100,508
763,792,100,498
765,792,100,498
766,784,100,503
765,783,101,504
765,799,101,494
766,797,101,495
766,784,101,503
766,784,100,503
768,784,100,503
765,788,100,500
765,799,100,494
766,795,100,496
766,786,100,501
766,784,100,503
766,779,100,506
766,779,101,506
770,781,101,505
768,779,101,506
766,779,101,506
763,792,100,498
766,792,100,498
763,779,100,506
761,777,100,507
763,772,100,510
763,772,100,510
763,770,100,511
761,772,100,510
763,768,101,512
761,768,101,513
759,768,101,513
761,768,101,512
759,768,0,512
757,768,0,512
754,768,0,512
754,774,0,509
754,779,0,506
772,772,0,510
770,770,0,511
761,768,0,513
757,765,1,515
756,763,1,516
754,763,0,516
754,763,0,516
754,768,0,512
754,770,0,511
754,766,0,514
754,766,0,514
754,766,0,514
756,768,0,512
757,768,100,512
761,770,100,511
759,768,101,512
761,772,101,510
761,770,100,511
763,775,100,508
763,786,100,501
763,786,100,501
763,784,100,502
766,788,100,500
766,797,100,495
770,792,100,498
765,784,100,502
766,786,100,501
768,784,101,502
768,801,101,493
772,801,101,493
770,792,101,498
770,790,100,499
770,788,100,500
770,793,100,497
770,792,100,498
772,799,100,494
772,804,100,490
775,811,100,486
772,808,100,488
772,810,101,487
772,811,101,486
775,801,101,492
774,799,101,494
774,797,100,495
774,799,100,494
774,797,100,495
772,797,100,495
775,801,100,492
774,797,100,495
772,810,100,487
774,804,100,490
774,795,101,496
772,801,101,493
774,808,101,488
772,801,101,492
774,792,100,498
772,788,100,500
770,786,100,501
772,784,100,502
768,784,100,502
768,801,100,493
766,793,100,497
770,781,100,505
766,781,101,505
770,779,101,506
766,775,101,508
766,779,1,506
763,783,0,504
761,779,0,506
761,777,0,507
759,775,0,508
777,781,0,505
777,781,0,505
779,781,0,505
779,784,1,503
779,783,1,504
772,775,0,508
766,775,0,508
763,772,0,510
763,779,0,506
763,790,0,499
765,784,0,502
763,779,0,506
763,779,100,506
765,777,100,507
765,779,100,506
765,777,101,507
766,779,101,506
766,781,100,505
766,784,101,502
768,795,100,496
768,797,100,495
770,786,100,501
766,786,100,501
770,788,100,500
770,801,100,492
770,802,100,491
772,802,100,491
770,806,101,489
772,804,101,490
772,804,101,490
775,813,101,485
774,813,100,485
772,815,100,484
772,819,100,481
775,820,100,480
775,817,100,482
775,817,100,482
775,824,100,478
775,826,100,477
775,831,101,474
777,829,101,475
779,819,101,481
779,820,101,480
779,829,100,475
777,829,100,475
777,833,100,473
779,833,100,473
775,831,100,474
777,829,100,475
777,826,100,477
779,826,100,477
777,815,101,484
779,797,101,495
779,793,101,497
779,797,101,495
779,790,101,499
774,788,101,500
774,790,100,499
775,786,100,501
772,784,100,502
772,797,100,495
772,797,100,495
770,784,100,503
766,781,101,505
766,779,101,506
766,783,1,504
766,781,1,505
766,779,0,506
763,779,0,506
759,793,0,497
775,781,0,505
772,783,0,504
770,784,0,503
768,775,100,508
768,779,100,506
770,790,100,499
772,790,100,499
770,784,101,503
772,784,101,502
772,784,101,502
772,784,101,502
772,784,100,502
772,788,100,500
772,799,100,494
774,799,100,494
774,792,100,498
775,790,100,499
775,788,100,500
774,790,100,499
775,793,101,497
775,790,101,499
777,799,101,494
775,811,101,486
775,804,100,490
779,797,100,495
777,797,100,495
775,801,100,493
777,804,100,490
779,801,100,493
779,801,100,493
777,799,100,494
779,817,101,482
781,811,101,486
779,802,101,491
779,801,101,493
781,801,100,493
781,801,101,493
779,799,100,494
779,797,100,495
779,808,100,488
779,808,100,488
779,799,100,494
779,792,100,498
775,792,101,498
774,790,101,499
775,790,101,499
775,801,101,492
777,801,101,493
781,802,101,491
775,799,100,494
775,786,101,501
775,788,100,500
774,786,100,501
772,783,100,504
770,779,100,506
766,797,101,495
770,790,101,499
770,781,101,505
768,777,101,507
768,775,101,508
766,777,1,507
766,772,0,510
766,774,0,509
763,774,100,509
763,774,100,509
766,784,100,502
768,784,100,502
766,779,101,506
770,783,101,504
770,792,101,498
772,792,101,498
772,784,101,502
772,784,100,503
772,784,100,502
772,790,100,499
772,790,100,499
772,788,100,500
770,788,100,500
770,793,100,497
772,804,100,490
772,802,101,491
772,795,101,496
775,797,101,495
779,810,101,487
779,808,101,488
779,799,101,494
779,799,100,494
779,801,100,493
779,799,100,494
777,813,100,485
777,808,100,488
775,811,100,486
779,811,101,486
781,799,101,494
779,797,101,495
779,792,101,498
777,793,101,497
775,804,101,490
775,804,101,490
774,793,101,497
775,788,100,500
777,802,100,491
772,801,100,492
774,788,100,500
774,786,101,501
772,784,101,502
772,784,101,503
770,781,101,505
772,779,101,506
772,779,101,506
768,779,101,506
770,775,101,508
768,775,100,508
766,786,100,501
763,784,100,502
765,777,100,507
761,770,101,511
761,768,101,512
761,768,101,513
761,768,101,513
761,784,1,503
772,765,100,515
765,761,100,517
761,757,100,519
757,754,101,521
757,754,101,521
757,754,100,521
756,756,100,520
754,756,100,520
752,754,100,522
752,754,100,522
752,754,100,521
748,766,100,514
750,765,100,515
752,756,100,520
754,756,100,520
752,756,101,520
754,757,101,519
754,757,101,519
754,757,101,519
754,761,101,517
757,763,101,516
754,761,101,517
756,763,100,516
754,768,100,513
752,765,100,515
754,763,100,516
754,766,100,514
754,768,100,512
756,766,101,514
754,775,101,508
761,779,101,506
756,768,101,513
754,766,101,514
754,768,101,512
752,775,100,508
754,768,100,512
754,761,100,517
754,759,100,518
752,761,100,517
752,754,100,521
754,754,101,521
752,765,101,515
754,759,101,518
752,750,101,524
750,748,101,525
748,748,101,525
748,743,100,528
748,743,100,528
734,741,0,529
738,761,68,517
739,759,68,518
743,748,68,525
745,748,101,525
747,752,101,523
745,752,101,523
745,752,101,523
748,766,100,514
748,766,101,514
748,761,100,517
750,756,100,520
750,754,100,522
748,754,100,522
748,754,100,521
748,754,100,521
745,766,101,514
748,766,101,514
747,754,101,521
748,750,101,524
747,752,101,523
745,750,101,524
748,748,101,525
745,747,100,526
745,747,100,526
743,747,100,526
743,745,100,527
745,745,100,527
743,757,100,519
743,754,101,522
748,745,101,527
745,741,101,529
745,743,101,528
745,754,101,522
745,750,101,524
734,741,0,530
736,747,0,526
734,741,0,529
734,745,0,527
734,745,1,527
736,763,1,516
739,763,69,516
743,748,69,525
743,750,100,524
743,750,100,524
743,748,100,525
743,748,100,525
743,747,100,526
745,757,100,519
743,750,100,524
745,748,100,525
743,754,101,522
745,756,101,520
745,765,101,515
745,756,101,520
743,748,100,525
745,754,100,522
743,748,100,525
743,745,100,527
741,754,100,522
743,757,100,519
745,754,100,522
743,748,100,525
745,747,101,526
743,743,101,528
743,743,101,528
743,741,101,529
743,745,100,527
743,745,100,527
745,750,100,524
745,750,100,524
745,752,101,523
743,748,101,525
745,752,101,523
747,750,101,524
748,766,100,514
747,766,100,514
748,770,100,511
748,768,100,513
745,761,100,517
745,754,100,521
747,754,100,521
745,754,100,522
745,754,101,522
747,752,101,523
748,752,101,523
747,763,101,516
747,761,100,517
745,763,100,516
743,754,100,521
743,747,100,526
739,743,100,528
741,743,100,528
739,741,100,529
734,754,0,522
734,766,0,514
736,765,0,515
736,754,0,522
736,752,0,523
736,754,1,521
736,757,1,519
736,768,1,513
739,768,69,513
743,756,100,520
743,754,100,521
743,754,100,522
743,752,100,523
743,754,100,521
743,756,100,520
743,768,100,513
745,768,100,513
743,757,101,519
743,752,101,523
743,750,101,524
743,752,101,523
743,752,100,523
743,761,100,517
743,759,100,518
739,748,100,525
741,747,100,526
739,743,100,528
739,743,100,528
739,743,100,528
739,747,101,526
739,741,101,529
739,741,101,530
738,741,101,530
739,739,100,531
727,756,0,520
727,756,0,520
729,759,0,518
729,761,1,517
730,754,1,522
734,754,1,522
732,754,1,522
730,754,0,522
732,754,0,521
730,754,0,522
734,754,0,522
732,754,0,522
736,754,0,521
736,754,0,522
736,754,0,521
734,759,1,518
736,770,1,511
738,775,1,508
734,768,1,512
734,766,0,514
732,765,0,515
736,766,0,514
736,768,68,513
739,765,68,515
743,768,100,512
739,770,100,511
745,765,100,515
748,766,101,514
747,774,101,509
743,770,101,511
745,763,101,516
748,761,101,517
743,757,101,519
745,754,100,521
741,754,100,521
741,765,100,515
743,763,100,516
741,754,100,522
738,752,100,523
739,747,101,526
741,743,101,528
741,741,101,529
739,743,101,528
739,741,101,529
738,739,101,531
734,741,100,530
730,748,68,525
729,754,68,521
734,752,0,523
730,750,0,524
729,752,0,523
732,754,0,521
736,754,1,521
736,754,1,522
734,754,1,521
736,759,1,518
734,757,0,519
734,765,0,515
739,772,0,510
739,768,68,512
738,770,68,511
743,775,68,508
747,779,100,506
745,779,100,506
748,770,101,511
748,768,101,512
752,768,101,513
747,781,101,505
750,779,101,506
752,777,101,507
752,770,100,511
748,772,100,510
747,770,100,511
754,766,100,514
752,766,100,514
748,768,100,512
747,766,101,514
748,763,101,516
750,763,101,516
752,763,101,516
748,772,101,510
750,770,101,511
750,761,100,517
750,766,101,514
748,754,100,521
745,754,100,522
745,754,100,521
747,754,100,522
743,765,101,515
745,761,101,517
739,748,101,525
748,765,101,515
745,759,101,518
741,748,101,525
739,745,101,527
739,745,100,527
736,741,100,529
738,747,100,526
739,747,100,526
739,757,100,519
743,763,100,516
739,761,100,517
739,766,101,514
743,761,101,517
741,756,101,520
743,756,101,520
745,754,100,521
745,757,100,519
745,756,100,520
745,761,100,517
748,759,100,518
743,765,100,515
745,763,100,516
745,763,100,516
745,763,101,516
747,766,101,514
748,761,101,517
750,763,101,516
750,765,101,515
748,779,101,506
747,779,100,506
748,768,100,513
748,766,100,514
748,765,100,515
743,774,100,509
745,774,100,509
748,766,101,514
745,765,101,515
745,761,101,517
747,757,101,519
743,759,101,518
745,759,101,518
745,754,100,521
745,754,100,521
743,752,100,523
739,768,100,513
739,759,100,518
736,748,100,525
739,747,101,526
736,743,101,528
736,741,101,530
732,741,69,530
732,752,0,523
734,752,0,523
734,752,0,523
732,754,0,521
734,757,0,519
734,770,1,511
738,768,1,512
739,763,69,516
738,763,69,516
739,761,68,517
741,765,68,515
745,768,100,513
743,766,100,514
743,768,100,512
745,784,100,503
747,784,100,503
747,772,100,510
745,772,100,510
747,777,101,507
745,775,101,508
747,772,101,510
748,786,101,501
748,784,100,502
750,775,100,508
747,777,100,507
752,781,100,505
750,786,100,501
750,784,100,503
748,784,100,502
748,781,100,505
750,770,101,511
748,768,101,513
748,774,101,509
748,770,101,511
747,766,100,514
748,763,100,516
745,763,100,516
745,757,100,519
743,756,100,520
745,754,100,522
739,759,100,518
741,754,100,521
741,752,101,523
739,747,101,526
739,761,101,517
736,757,101,519
736,754,0,522
734,757,0,519
734,759,0,518
732,754,0,522
732,750,0,524
754,761,0,517
752,757,0,519
745,754,0,522
741,754,0,522
743,756,0,520
739,754,68,522
739,759,69,518
739,763,69,516
743,759,68,518
743,768,100,512
745,768,100,512
745,765,100,515
747,765,100,515
743,772,100,510
745,775,100,508
747,779,100,506
748,777,100,507
748,774,100,509
752,784,101,502
754,781,101,505
754,774,101,509
752,774,101,509
754,774,100,509
754,784,100,503
754,783,100,504
756,777,100,507
754,775,100,508
757,784,100,503
757,792,100,498
757,786,100,501
757,783,101,504
756,790,101,499
757,797,101,495
761,792,101,498
761,795,100,496
756,784,100,502
757,797,100,495
759,783,100,504
759,783,100,504
759,777,100,507
757,779,100,506
757,774,100,509
754,777,100,507
759,779,101,506
763,788,101,500
757,784,101,503
759,781,101,505
757,783,100,504
757,786,100,501
761,784,100,503
756,772,100,510
754,768,100,513
754,768,100,513
750,770,100,511
752,770,100,511
748,766,101,514
748,761,101,517
750,761,101,517
752,775,1,508
747,775,0,508
747,768,0,513
743,768,0,512
743,763,0,516
741,761,0,517
743,756,0,520
727,736,0,533
727,743,0,528
727,734,0,534
729,738,0,532
727,734,0,534
727,750,0,524
727,748,1,525
725,741,1,529
725,747,1,526
727,747,1,526
730,738,0,532
729,741,0,529
727,738,0,532
730,736,0,533
729,739,0,531
727,738,0,532
727,745,0,527
727,752,0,523
727,739,0,531
725,741,0,529
730,745,0,527
727,752,0,523
725,752,1,523
727,743,1,528
727,743,1,528
729,761,1,517
730,759,0,518
730,748,0,525
730,748,0,525
730,752,0,523
729,768,0,513
729,763,0,516
730,748,0,525
730,747,0,526
734,747,1,526
730,745,1,527
730,748,1,525
730,754,1,522
729,757,1,519
730,754,1,521
730,743,0,528
727,741,0,529
727,741,0,530
727,752,0,523
730,750,0,524
729,754,0,521
730,768,0,513
734,765,0,515
734,754,1,522
734,752,1,523
734,754,1,522
736,757,1,519
734,754,0,521
734,754,0,522
734,754,0,521
734,754,0,521
738,754,0,521
738,754,68,521
743,754,68,521
739,763,68,516
743,766,68,514
745,768,101,513
743,765,101,515
745,756,101,520
745,765,101,515
743,768,100,513
741,761,100,517
743,757,100,519
743,757,100,519
741,750,100,524
739,748,100,525
741,743,100,528
743,743,100,528
739,741,101,529
738,741,101,530
738,748,101,525
739,748,101,525
738,747,100,526
736,745,100,527
721,734,0,534
723,736,0,533
721,738,1,532
725,743,1,528
723,745,1,527
725,750,1,524
727,754,0,521
727,741,0,529
727,741,0,529
725,741,0,529
727,741,0,529
725,743,0,528
727,754,0,521
730,761,0,517
730,748,1,525
729,747,1,526
730,741,1,529
729,741,1,530
730,745,0,527
732,741,0,530
727,741,0,529
730,747,0,526
729,750,0,524
772,766,0,514
772,756,0,520
727,741,0,530
727,741,1,529
730,750,0,524
730,741,0,530
732,738,0,532
730,739,0,531
727,741,0,529
730,745,1,527
730,741,1,529
734,741,1,530
734,738,1,532
730,739,0,531
730,741,0,530
732,745,0,527
729,754,0,522
738,738,68,532
738,739,68,531
732,756,68,520
736,754,68,521
736,743,69,528
741,741,68,529
739,748,68,525
739,754,68,522
739,748,68,525
741,741,69,529
736,761,69,517
739,754,69,521
730,732,1,535
732,732,1,535
721,738,0,532
725,736,0,533
725,738,0,532
729,739,0,531
727,741,1,530
727,736,1,533
727,738,1,532
727,741,0,529
727,752,0,523
725,748,0,525
727,741,0,530
727,741,0,529
727,752,0,523
725,748,0,525
727,741,0,530
727,741,0,529
725,741,1,529
732,752,1,523
730,741,68,529
734,743,68,528
734,748,68,525
736,763,68,516
734,759,69,518
736,747,69,526
738,745,69,527
736,745,69,527
734,752,68,523
736,756,68,520
738,750,68,524
734,747,68,526
738,745,68,527
736,741,68,529
734,756,68,520
734,754,68,521
730,739,69,531
730,736,69,533
734,748,69,525
736,748,69,525
720,738,0,532
721,741,0,530
725,741,0,529
723,747,1,526
725,745,1,527
727,757,1,519
730,759,1,518
727,756,0,520
727,759,0,518
730,761,0,517
730,763,0,516
730,761,0,517
732,759,0,518
730,756,0,520
736,759,0,518
732,757,1,519
734,756,1,520
734,752,1,523
736,754,1,521
736,754,68,522
739,752,68,523
736,752,68,523
736,752,68,523
736,748,68,525
734,748,68,525
736,759,68,518
734,759,68,518
734,761,69,517
738,756,69,520
721,739,0,531
725,745,0,527
721,743,0,528
725,743,0,528
727,743,1,528
730,743,1,528
729,745,1,527
730,748,1,525
734,763,0,516
736,763,0,516
732,754,0,521
734,752,0,523
732,754,0,522
730,754,0,522
730,754,0,522
734,754,0,521
738,756,68,520
739,754,69,521
743,768,69,512
741,768,69,513
743,757,69,519
745,756,100,520
743,756,100,520
743,763,100,516
745,765,100,515
743,757,100,519
745,754,100,522
745,765,100,515
743,763,100,516
741,756,101,520
741,748,101,525
741,747,101,526
739,747,101,526
741,745,100,527
743,754,100,521
741,752,100,523
739,741,100,530
738,738,100,532
738,736,100,533
736,748,100,525
732,754,68,522
732,747,69,526
734,748,69,525
730,741,1,530
730,745,0,527
730,754,0,521
730,759,0,518
732,763,0,516
730,766,1,514
732,772,1,510
734,774,1,509
736,777,1,507
736,779,0,506
736,761,0,517
732,759,0,518
732,761,0,517
734,770,0,511
736,768,0,512
738,766,0,514
739,759,68,518
739,763,68,516
743,756,69,520
739,763,69,516
743,766,69,514
743,756,101,520
745,766,100,514
743,766,100,514
743,757,100,519
743,757,100,519
745,752,100,523
743,750,100,524
741,763,100,516
738,765,100,515
743,748,101,525
738,747,101,526
734,745,101,527
736,741,101,530
730,748,68,525
732,747,68,526
736,750,68,524
734,752,68,523
729,761,69,517
734,756,69,520
736,747,69,526
736,747,69,526
734,747,69,526
736,741,68,529
739,743,68,528
730,741,68,529
736,741,68,530
738,738,68,532
736,739,68,531
734,741,69,529
734,747,69,526
732,747,69,526
732,754,68,521
734,757,68,519
734,752,68,523
732,745,68,527
730,745,68,527
734,750,68,524
736,750,69,524
734,747,69,526
736,747,69,526
734,741,69,529
736,743,69,528
734,763,69,516
721,739,0,531
725,739,0,531
725,747,0,526
725,752,0,523
725,759,1,518
732,761,1,517
730,754,1,522
730,747,1,526
730,741,0,529
729,752,0,523
730,754,0,521
727,748,0,525
732,743,0,528
734,747,0,526
729,743,0,528
730,754,0,522
730,756,1,520
732,759,1,518
730,759,1,518
736,745,1,527
730,747,1,526
732,754,1,521
734,745,0,527
730,741,0,530
729,738,0,532
730,736,0,533
723,750,0,524
723,741,0,530
723,741,0,529
727,741,1,530
725,745,1,527
727,750,1,524
725,750,1,524
729,745,0,527
727,745,0,527
730,761,0,517
730,761,0,517
732,757,0,519
730,745,0,527
730,748,0,525
734,747,0,526
730,752,1,523
734,763,1,516
734,765,1,515
734,748,1,525
732,750,0,524
734,743,0,528
732,750,0,524
734,752,0,523
734,756,0,520
730,741,0,529
732,763,0,516
732,766,0,514
732,754,0,522
732,748,1,525
732,750,1,524
734,747,1,526
730,757,1,519
734,757,0,519
732,766,0,514
734,765,0,515
736,765,0,515
736,754,0,521
738,757,0,519
738,759,68,518
738,768,68,513
738,765,69,515
739,757,69,519
739,750,69,524
743,754,101,521
743,756,100,520
741,759,100,518
739,748,100,525
741,757,100,519
743,756,100,520
741,747,100,526
738,748,100,525
736,752,100,523
734,743,101,528
727,752,0,523
727,748,0,525
730,747,0,526
730,745,0,527
730,745,1,527
730,765,1,515
734,766,1,514
732,754,1,521
730,748,0,525
734,743,0,528
730,761,0,517
730,765,0,515
730,757,0,519
732,743,0,528
734,743,0,528
732,748,0,525
732,741,1,529
730,754,1,522
732,754,1,522
734,745,1,527
734,759,0,518
730,754,0,521
730,743,0,528
730,747,0,526
725,741,0,529
725,747,1,526
727,747,1,526
727,745,1,527
725,747,1,526
729,750,0,524
727,754,0,522
727,745,0,527
727,741,0,530
729,741,0,530
727,759,0,518
730,757,0,519
730,748,0,525
730,745,1,527
734,748,1,525
732,743,1,528
734,763,1,516
734,763,0,516
734,747,0,526
734,748,0,525
736,748,0,525
734,757,0,519
734,761,0,517
734,754,0,521
734,745,0,527
736,748,1,525
738,745,1,527
736,748,1,525
736,761,1,517
734,761,0,517
736,757,0,519
734,757,0,519
732,747,0,526
732,743,0,528
730,741,0,529
730,741,0,529
730,739,0,531
729,739,1,531
736,756,0,520
736,748,0,525
736,750,68,524
741,747,68,526
743,756,69,520
739,765,69,515
743,757,101,519
745,754,101,522
745,750,100,524
743,750,100,524
743,766,100,514
747,765,100,515
748,754,100,522
745,748,100,525
743,750,100,524
750,754,100,522
748,757,101,519
745,754,101,521
745,747,101,526
745,747,101,526
748,759,101,518
743,761,101,517
745,745,100,527
739,745,100,527
741,745,100,527
741,741,100,529
738,754,100,521
738,754,100,521
736,741,101,529
732,743,0,528
732,752,0,523
734,754,0,521
734,750,1,524
736,752,1,523
736,754,1,522
736,763,1,516
736,766,0,514
741,756,68,520
743,752,68,523
741,763,68,516
745,765,100,515
743,756,100,520
745,752,100,523
745,754,100,522
747,748,101,525
747,748,101,525
747,752,101,523
745,754,101,522
745,768,101,512
745,770,101,511
748,757,100,519
748,750,100,524
748,750,100,524
748,750,100,524
747,768,100,512
745,766,100,514
748,754,100,522
747,752,101,523
745,747,101,526
743,765,101,515
747,761,101,517
743,754,101,522
743,748,101,525
745,743,100,528
745,754,100,522
745,754,100,522
741,741,100,529
739,741,100,530
738,761,100,517
739,748,100,525
739,745,100,527
739,741,101,530
739,745,101,527
741,757,101,519
739,759,101,518
745,752,100,523
745,745,100,527
741,747,100,526
745,745,100,527
745,745,100,527
743,748,100,525
743,763,100,516
743,761,100,517
745,748,101,525
743,747,101,526
745,747,101,526
741,752,101,523
745,756,100,520
743,768,100,513
743,757,100,519
741,748,100,525
745,745,100,527
743,763,100,516
743,761,100,517
743,750,100,524
743,748,101,525
743,743,101,528
741,743,101,528
741,743,101,528
738,741,101,530
741,741,101,530
730,741,0,529
730,741,0,529
727,756,0,520
730,757,0,519
730,752,0,523
730,743,1,528
734,743,1,528
734,741,1,529
734,741,1,529
734,741,0,530
734,741,0,529
734,741,0,529
730,752,0,523
732,754,0,521
729,754,0,521
729,752,0,523
729,741,0,530
730,741,0,530
730,741,0,529
732,741,0,529
730,743,0,528
730,754,1,521
730,756,1,520
730,745,1,527
732,743,1,528
730,743,0,528
730,741,0,529
732,739,0,531
734,739,0,531
732,752,0,523
730,752,0,523
727,756,0,520
727,754,0,522
729,747,0,526
725,748,0,525
729,759,0,518
729,757,1,519
730,752,1,523
727,754,1,521
734,750,1,524
727,747,0,526
729,747,0,526
729,745,0,527
729,747,0,526
725,739,0,531
727,738,0,532
727,743,0,528
729,741,0,530
729,748,0,525
730,752,0,523
727,752,1,523
732,752,1,523
729,745,1,527
729,745,1,527
730,739,1,531
730,754,1,521
732,743,68,528
734,745,69,527
732,739,69,531
732,738,69,532
734,741,69,529
734,741,69,529
736,756,69,520
736,756,68,520
738,745,68,527
734,741,68,529
736,741,68,530
738,759,68,518
736,759,68,518
736,745,69,527
738,747,69,526
738,741,69,530
736,739,69,531
739,745,100,527
739,743,100,528
739,745,100,527
743,754,100,522
739,750,101,524
739,745,101,527
743,763,101,516
743,761,101,517
743,756,100,520
747,757,100,519
743,752,100,523
743,768,100,513
743,765,100,515
745,756,100,520
745,761,100,517
745,759,100,518
747,768,100,512
745,759,101,518
745,752,101,523
745,757,101,519
747,759,101,518
747,750,101,524
743,748,101,525
743,750,100,524
743,763,100,516
745,757,100,519
741,750,100,524
743,741,100,529
739,741,100,530
739,739,101,531
738,739,101,531
725,732,0,535
723,734,0,534
723,736,0,533
725,750,0,524
723,747,0,526
725,752,1,523
725,748,1,525
729,754,0,521
730,754,0,522
727,741,0,530
730,741,0,529
729,741,0,530
730,743,1,528
730,741,1,529
729,741,1,530
734,759,1,518
734,756,0,520
730,743,0,528
739,752,68,523
738,752,68,523
739,754,68,521
743,754,68,522
739,754,68,522
739,752,69,523
743,754,101,522
745,754,101,522
747,752,101,523
745,752,100,523
743,748,100,525
739,748,100,525
743,747,100,526
741,743,100,528
745,757,100,519
745,756,100,520
743,754,100,521
747,757,100,519
747,757,101,519
748,756,101,520
748,756,101,520
747,754,101,521
748,754,100,521
745,754,100,522
745,750,100,524
745,748,100,525
745,748,100,525
745,747,100,526
745,743,100,528
777,765,0,515
779,765,0,515
779,768,0,512
777,775,1,508
766,766,1,514
779,768,0,512
777,775,1,508
766,766,1,514
759,754,0,521
756,759,0,518
752,756,0,520
752,754,0,522
748,754,0,521
748,756,0,520
761,712,100,548
761,714,100,546
761,714,100,547
759,714,101,547
761,714,101,546
763,714,101,547
763,716,101,545
763,714,101,546
765,714,101,546
765,714,101,546
765,714,101,546
763,714,100,546
763,716,100,545
763,716,100,545
763,718,100,544
763,718,101,544
766,720,101,543
766,720,101,543
766,590,101,625
754,698,1,557
761,734,1,534
761,738,1,532
761,747,1,526
761,752,0,523
721,736,0,533
727,738,0,532
729,738,0,532
730,741,0,530
729,738,0,532
727,741,0,530
727,739,0,531
727,745,5,527
734,736,5,533
727,739,0,531
725,741,0,529
727,741,0,529
729,741,0,529
729,747,0,526
732,754,5,522
736,748,5,525
736,750,69,524
739,750,69,524
743,752,68,523
741,754,68,521
739,748,68,525
739,747,68,526
738,743,68,528
738,743,68,528
739,739,68,531
736,741,68,529
738,741,69,530
739,738,69,532
736,736,69,533
736,738,69,532
736,734,100,534
729,739,0,531
727,739,0,531
727,739,0,531
727,741,5,529
734,747,5,526
734,743,5,528
734,745,0,527
734,747,0,526
732,748,0,525
730,748,0,525
729,743,0,528
729,747,0,526
730,747,0,526
730,750,0,524
734,761,5,517
736,754,5,522
738,754,69,521
739,754,69,521
738,756,68,520
739,754,68,521
739,752,68,523
741,750,68,524
738,741,68,529
736,741,68,530
736,739,68,531
734,741,68,530
736,741,69,529
738,739,69,531
736,738,69,532
734,738,1,532
730,739,0,531
727,739,0,531
729,734,0,534
725,739,0,531
727,736,0,533
727,741,0,530
725,741,0,530
727,745,5,527
732,743,5,528
736,747,5,526
736,747,5,526
736,741,0,530
730,741,0,530
730,741,0,530
730,738,0,532
727,739,0,531
727,739,0,531
721,732,0,535
720,736,0,533
725,732,0,535
725,739,0,531
729,739,5,531
730,741,5,530
730,741,5,529
736,748,5,525
734,741,0,530
730,741,0,529
730,741,0,529
730,741,0,530
727,741,0,530
727,741,0,529
727,743,0,528
727,739,0,531
