752,720,5,543
757,540,69,657
756,716,5,545
748,608,5,614
757,527,69,665
754,500,69,681
756,500,69,681
754,498,69,682
754,725,5,540
756,489,69,688
756,721,5,542
747,565,5,641
759,727,5,539
748,644,5,591
759,729,5,537
747,687,5,564
752,732,5,535
754,734,5,534
754,734,5,534
748,635,5,597
752,507,69,677
743,532,69,661
743,529,69,663
739,669,5,575
750,644,69,591
741,680,5,568
745,558,69,646
745,691,5,561
741,547,69,652
741,662,5,579
743,558,69,646
743,534,69,660
738,651,5,586
752,541,69,656
736,637,5,595
752,552,69,649
743,660,5,581
736,741,5,529
736,741,5,530
736,741,5,529
738,469,69,699
752,496,69,683
745,732,5,535
736,514,5,672
748,504,69,679
745,739,5,531
736,653,5,585
738,469,69,699
752,547,69,652
745,725,5,540
734,617,5,608
734,522,5,668
752,495,69,684
747,723,5,541
738,691,5,561
734,561,5,643
741,482,69,692
748,734,5,534
738,720,5,543
734,509,5,675
747,732,5,535
738,678,5,569
743,498,69,682
750,655,69,584
736,594,5,623
748,532,69,661
741,622,5,605
748,511,69,674
748,496,69,683
745,489,69,687
745,486,69,690
743,482,69,692
743,478,69,694
738,486,69,690
750,675,69,571
741,489,69,687
739,486,69,690
752,576,69,634
739,594,5,623
736,574,5,635
750,527,69,665
741,480,69,693
745,658,5,582
734,590,5,625
743,714,5,546
747,738,5,532
747,741,5,530
748,741,5,530
732,671,5,574
748,738,5,532
730,694,5,559
745,736,5,533
721,633,5,598
752,482,69,692
750,702,69,554
747,714,5,547
738,687,5,564
734,689,5,562
747,487,69,689
750,628,69,601
745,723,5,541
739,702,5,554
730,619,5,607
738,446,5,713
752,518,69,670
745,723,5,541
739,702,5,555
734,572,5,637
745,473,69,697
748,718,5,544
736,703,5,553
739,459,69,706
748,720,5,543
739,711,5,549
752,612,69,611
730,604,5,616
750,705,69,552
747,729,5,537
739,718,5,544
730,691,5,561
750,696,69,558
743,727,5,538
750,622,69,605
748,732,5,535
736,712,5,548
730,630,5,600
741,478,69,694
752,655,69,584
745,727,5,538
734,509,5,676
748,736,5,533
743,725,5,540
727,698,5,557
752,644,69,591
745,729,5,537
739,703,5,553
732,649,5,587
732,550,5,650
754,471,69,698
736,703,5,553
736,700,5,556
739,459,69,706
748,734,5,534
738,720,5,543
732,597,5,621
750,669,69,575
745,729,5,537
729,577,5,633
748,732,5,535
738,716,5,545
736,478,5,694
752,536,69,659
748,718,5,544
738,658,5,582
732,603,5,617
748,730,5,536
736,689,5,562
736,482,5,692
750,572,69,637
743,460,69,705
748,480,69,693
748,720,5,543
741,702,5,554
736,669,5,575
736,435,5,720
739,448,69,712
750,720,69,543
739,712,5,548
734,543,5,654
745,453,69,709
748,716,5,545
738,700,5,556
748,721,5,542
736,684,5,566
729,604,5,616
750,550,69,650
747,711,5,549
736,694,5,559
718,662,5,579
712,624,5,604
729,556,69,647
729,703,5,553
725,696,5,558
721,678,5,569
721,685,5,565
716,649,5,587
714,637,5,595
712,594,5,623
718,419,5,729
727,441,69,716
720,691,5,561
711,568,5,639
714,691,5,561
730,568,69,639
725,703,5,553
711,558,5,646
727,711,5,549
718,694,5,559
712,520,5,669
729,712,5,548
723,700,5,556
714,673,5,573
716,473,5,697
730,525,69,666
721,694,5,559
723,446,69,713
730,612,69,612
725,698,5,557
716,680,5,568
709,576,5,634
727,705,5,552
716,678,5,569
716,426,5,725
730,585,69,628
711,694,5,559
725,714,5,546
723,703,5,553
730,523,69,667
727,698,5,557
721,684,5,566
714,658,5,582
712,664,5,578
707,561,5,643
729,529,69,663
723,694,5,559
716,666,5,577
721,414,69,732
721,696,5,558
729,703,5,553
721,451,69,710
725,702,5,555
712,545,5,653
714,685,5,565
718,696,5,558
702,671,5,574
720,649,69,588
716,694,5,559
714,685,5,565
707,649,5,588
703,468,5,700
720,502,69,680
718,684,5,566
718,691,5,561
700,671,5,574
720,622,69,605
712,723,5,541
703,678,5,569
720,554,69,648
709,702,5,555
711,478,69,694
714,716,5,545
707,471,69,698
716,716,5,545
703,577,5,633
718,504,69,679
711,671,5,574
703,549,5,651
720,716,69,545
707,655,5,584
716,500,69,681
716,711,5,549
702,585,5,628
718,502,69,680
714,687,5,564
702,588,5,626
720,527,69,665
711,682,5,567
703,529,5,663
718,711,5,549
703,610,5,613
712,495,69,684
712,687,5,563
703,572,5,636
716,511,69,674
711,658,5,582
707,477,69,695
711,622,5,605
709,649,5,587
718,712,5,548
702,612,5,612
716,712,5,548
707,486,69,690
718,700,5,556
703,592,5,624
718,702,5,555
703,588,5,626
718,694,5,559
705,595,5,622
721,547,69,652
711,624,5,603
711,495,69,684
721,606,69,615
712,608,5,614
718,676,5,570
707,487,69,689
721,576,69,634
703,586,5,627
720,509,69,675
712,612,5,611
707,484,69,691
721,597,69,621
707,572,5,636
716,491,69,686
716,631,5,599
709,628,5,601
718,532,69,661
711,675,5,572
712,496,69,683
712,649,5,588
712,504,69,679
712,639,5,594
707,493,69,685
716,687,5,564
709,491,69,686
718,658,5,582
703,597,5,621
718,711,5,549
707,601,5,618
721,603,69,617
705,612,5,612
721,592,69,624
705,590,5,625
716,502,69,680
712,644,5,591
712,491,69,686
707,603,5,617
716,500,69,681
716,649,5,587
703,592,5,624
721,626,69,602
714,487,69,689
709,631,5,599
714,484,69,691
712,676,5,570
711,475,69,696
720,698,69,557
703,590,5,625
718,491,69,686
707,619,5,607
716,482,69,692
716,705,5,552
705,558,5,645
721,685,69,565
707,468,5,701
721,631,69,599
703,601,5,618
716,498,69,682
718,716,5,545
707,464,69,703
703,585,5,628
716,691,5,561
703,574,5,635
718,718,5,544
703,603,5,617
723,565,69,641
707,606,5,615
718,493,69,685
707,657,5,583
721,514,69,672
709,633,5,598
712,478,69,694
720,682,69,567
705,601,5,618
712,486,69,690
718,709,5,550
714,478,69,694
709,471,69,698
718,624,5,604
705,531,5,662
716,502,69,680
712,624,5,603
702,586,5,627
716,684,5,566
705,509,5,676
711,487,69,689
718,642,5,592
707,495,69,684
712,671,5,574
700,586,5,627
716,707,5,551
705,489,5,688
712,693,5,560
712,491,69,686
712,635,5,597
716,502,69,680
707,597,5,621
720,637,69,596
705,540,5,657
716,673,5,573
716,493,69,685
709,617,5,608
716,518,69,670
711,637,5,596
716,522,69,668
716,676,5,570
709,493,69,685
716,662,5,579
703,576,5,634
716,714,5,546
707,486,69,690
716,653,5,585
718,498,69,682
709,603,5,617
721,520,69,669
703,599,5,620
716,531,69,662
712,633,5,598
714,493,69,685
707,626,5,602
718,698,5,557
703,610,5,613
718,709,5,550
707,594,5,623
716,702,5,555
718,523,69,667
711,657,5,583
718,714,5,546
702,608,5,614
712,712,5,548
720,594,69,623
707,649,5,588
720,567,69,640
707,635,5,597
720,572,69,636
709,637,5,596
716,513,69,673
709,649,5,588
712,509,69,675
707,489,69,688
716,640,5,593
712,498,69,682
707,599,5,620
727,514,69,672
709,493,69,685
716,689,5,562
703,570,5,638
718,687,5,564
707,601,5,618
712,498,69,682
709,676,5,570
709,495,69,684
712,702,5,555
709,489,69,687
716,696,5,558
711,712,5,548
718,723,5,541
702,594,5,623
716,716,5,545
703,554,5,648
720,675,69,571
705,520,5,669
721,615,69,609
709,489,69,688
720,637,69,596
709,491,69,686
716,504,69,679
714,662,5,580
718,712,5,548
707,601,5,618
723,507,69,677
707,570,5,638
721,590,69,625
707,599,5,619
716,518,69,670
712,669,5,575
720,707,69,551
709,487,69,689
716,640,5,593
712,486,69,690
707,626,5,602
716,504,69,679
703,585,5,628
718,685,5,565
711,491,69,686
709,482,69,692
709,482,69,692
712,484,69,691
712,484,69,691
709,480,69,693
712,628,5,601
709,482,69,692
705,581,5,631
723,523,69,667
709,480,69,693
707,579,5,632
720,507,69,677
712,622,5,605
716,498,69,682
712,622,5,605
718,685,5,565
709,482,69,692
716,637,5,596
709,484,69,691
712,648,5,589
709,489,69,687
711,630,5,600
718,502,69,680
711,624,5,604
718,545,69,653
703,653,5,585
718,712,5,548
705,649,5,588
705,698,5,557
714,716,5,545
720,617,69,608
709,640,5,593
718,527,69,665
709,628,5,601
718,493,69,685
709,608,5,614
720,567,69,640
707,480,69,693
711,662,5,580
718,527,69,665
709,635,5,597
720,509,69,676
709,478,69,694
718,624,5,603
716,484,69,691
709,477,69,695
702,590,5,625
714,658,5,582
712,509,69,676
712,649,5,587
716,498,69,682
703,588,5,626
716,711,5,549
707,498,69,682
721,682,69,567
712,491,69,686
716,682,5,567
718,520,69,669
716,612,5,612
712,484,69,691
709,473,69,697
712,469,69,699
714,615,5,609
712,484,69,691
707,473,69,697
718,633,5,598
707,478,69,694
721,558,69,646
707,477,69,695
716,631,5,599
709,486,69,690
718,644,69,591
707,477,69,695
720,574,69,635
721,561,69,643
707,612,5,612
716,491,69,686
718,712,5,548
709,473,69,697
721,617,69,608
707,471,5,698
720,610,69,613
705,586,5,627
716,509,69,675
716,702,5,554
707,637,5,596
721,511,69,674
711,624,5,604
709,478,69,694
714,696,5,558
703,568,5,639
718,714,5,546
707,468,69,700
709,703,5,553
716,714,5,547
700,590,5,625
712,702,5,554
716,513,69,673
707,651,5,586
716,520,69,669
707,635,5,597
718,714,5,547
702,604,5,616
716,698,5,557
705,504,5,679
716,673,5,573
705,527,5,664
720,523,69,667
716,635,5,597
705,498,5,682
718,525,69,666
718,511,69,674
709,624,5,603
716,511,69,674
716,648,5,589
705,610,5,613
716,511,69,674
712,642,5,592
720,626,69,602
709,631,5,599
720,536,69,659
714,633,5,598
703,563,5,642
716,682,5,567
703,610,5,613
718,702,69,554
707,628,5,601
711,505,69,678
714,648,5,589
711,498,69,682
709,702,5,555
721,680,69,568
709,482,69,692
714,639,5,594
705,563,5,642
714,685,5,565
707,500,69,681
716,660,5,581
709,502,69,680
712,649,5,587
711,511,69,674
709,493,69,685
714,646,5,590
712,649,5,588
718,525,69,666
709,493,69,685
718,649,5,588
707,489,69,688
721,585,69,629
709,493,69,685
705,597,5,621
721,520,69,669
707,604,5,616
709,496,69,683
705,599,5,620
714,660,5,581
718,556,69,647
709,637,5,596
720,599,69,620
716,633,5,598
703,604,5,616
716,684,5,566
705,550,5,650
712,684,5,566
712,513,69,673
712,682,5,567
707,498,69,682
712,460,69,705
712,669,5,575
703,556,5,647
716,471,69,698
707,558,5,646
723,477,69,695
707,563,5,642
716,477,69,695
711,599,5,619
700,604,5,616
718,721,5,542
709,631,5,599
718,477,69,695
705,581,5,631
716,480,69,693
712,471,69,698
709,621,5,606
712,682,5,567
711,502,69,680
711,687,5,564
707,500,69,681
712,698,5,557
702,590,5,625
716,714,5,547
703,608,5,614
720,691,69,561
707,631,5,599
720,612,69,612
709,637,5,595
716,712,5,548
707,496,69,683
714,660,5,581
711,513,69,673
712,655,5,584
714,520,69,669
714,649,5,587
703,595,5,622
718,694,5,559
703,599,5,620
720,601,69,618
707,619,5,607
716,684,5,566
707,493,69,685
716,721,5,542
716,718,5,544
707,507,69,677
716,667,5,576
707,448,69,712
707,707,5,551
720,477,69,695
712,718,5,544
702,615,5,609
714,460,69,705
718,732,5,535
705,687,5,563
714,468,69,701
718,736,5,533
705,702,5,555
707,451,69,710
721,547,69,652
716,720,5,543
703,660,5,581
709,455,69,708
718,475,69,696
718,732,5,535
705,685,5,565
718,714,5,547
702,577,5,633
720,516,69,671
709,693,5,560
709,484,69,691
716,721,5,542
707,477,69,695
718,711,5,549
705,489,5,687
720,554,69,648
712,630,5,600
709,482,69,692
720,703,69,553
703,606,5,615
718,509,69,676
718,709,5,550
703,536,5,659
721,550,69,650
705,558,5,646
721,529,69,663
707,585,5,628
723,502,69,680
709,597,5,621
712,480,69,693
721,559,69,644
709,599,5,620
709,477,69,695
712,691,5,561
716,502,69,680
707,646,5,590
718,716,5,545
705,622,5,605
716,716,5,545
703,574,5,635
720,572,69,637
705,590,5,625
718,558,69,645
711,637,5,595
718,511,69,674
707,626,5,602
720,527,69,665
711,639,5,594
716,505,69,678
712,687,5,563
709,495,69,684
721,581,69,631
716,716,5,545
703,640,5,593
716,712,5,548
703,619,5,607
720,610,69,613
709,671,5,574
714,507,69,677
711,689,5,562
707,489,69,688
716,698,5,557
712,480,69,693
716,624,5,604
720,493,69,685
712,613,5,610
702,585,5,628
716,678,5,569
712,700,5,556
718,711,5,549
702,590,5,625
718,702,5,554
709,594,5,623
716,486,69,690
707,624,5,604
718,495,69,684
711,628,5,601
712,487,69,689
712,622,5,605
716,502,69,680
700,612,5,612
718,518,69,670
709,619,5,607
709,493,69,685
709,642,5,592
716,694,5,559
703,612,5,611
718,687,5,563
709,500,69,681
712,619,5,607
718,504,69,679
707,491,69,686
720,648,69,589
712,626,5,602
718,718,5,544
703,541,5,656
716,669,5,575
718,718,5,544
705,612,5,611
718,556,69,647
711,626,5,602
712,507,69,677
714,644,5,591
711,504,69,679
714,649,5,587
709,498,69,682
716,658,5,582
703,594,5,623
718,667,5,576
703,599,5,619
718,675,5,571
725,558,69,645
712,707,5,551
703,565,5,641
718,459,69,706
721,586,69,627
714,703,5,553
705,666,5,577
712,450,69,711
720,723,69,541
705,606,5,615
720,459,69,706
703,653,5,585
709,698,5,557
718,505,69,678
711,694,5,559
714,469,69,699
714,633,5,598
712,471,69,698
707,599,5,620
718,500,69,681
711,660,5,581
707,478,69,694
716,658,5,582
709,469,69,699
721,657,69,583
703,572,5,636
716,707,5,551
712,487,69,689
712,631,5,599
716,500,69,681
711,617,5,608
718,513,69,673
711,612,5,611
720,509,69,676
707,594,5,623
718,631,5,599
707,478,69,694
721,590,69,625
707,478,69,694
721,498,69,682
709,477,69,695
712,610,5,613
709,482,69,692
718,631,5,599
707,475,69,696
721,520,69,669
709,471,69,698
712,599,5,620
712,477,69,695
718,624,5,603
707,473,69,697
716,628,5,601
705,590,5,625
712,709,5,550
720,504,69,679
711,621,5,606
703,693,5,560
714,462,69,704
732,484,69,691
712,716,5,545
700,617,5,608
720,514,69,672
712,721,5,542
702,565,5,641
720,514,69,672
714,729,5,537
702,576,5,634
720,466,69,702
711,682,5,567
700,597,5,621
716,473,69,697
702,585,5,628
718,709,69,550
703,599,5,619
718,727,5,539
705,581,5,631
718,727,5,539
705,608,5,614
714,487,69,689
712,621,5,606
705,572,5,637
721,500,69,681
702,585,5,629
716,698,5,557
702,585,5,629
718,493,69,685
709,601,5,618
723,568,69,639
721,502,69,680
707,567,5,640
703,628,5,601
709,702,5,555
718,543,69,654
707,675,5,571
718,527,69,664
707,660,5,581
709,707,5,551
714,716,5,545
707,486,69,690
716,685,5,565
705,597,5,621
716,711,5,549
703,574,5,635
714,707,5,551
709,487,69,689
712,669,5,575
712,498,69,682
714,673,5,573
705,500,5,681
720,597,69,621
707,595,5,622
711,707,5,551
718,523,69,667
712,642,5,592
718,495,69,684
712,484,69,691
709,478,69,694
709,475,69,696
707,473,5,697
712,711,5,549
718,718,5,544
703,581,5,631
712,702,5,555
707,495,69,684
716,682,5,567
712,496,69,683
711,646,5,590
714,714,5,546
714,509,69,675
716,714,5,546
718,723,5,541
709,493,69,685
709,486,69,690
712,718,5,544
721,527,69,665
714,653,5,585
707,487,69,689
718,702,5,554
703,588,5,626
709,673,5,573
711,707,5,551
718,716,5,545
703,626,5,602
718,718,5,544
705,612,5,611
718,718,5,544
703,619,5,607
720,622,69,605
703,601,5,618
721,599,69,619
705,608,5,614
720,676,69,570
709,475,69,696
700,617,5,608
716,703,5,553
703,581,5,631
718,711,5,549
707,604,5,616
721,549,69,651
718,711,5,549
709,473,69,697
718,642,5,592
707,478,69,694
714,673,5,573
716,709,5,550
716,504,69,679
716,703,5,553
703,565,5,641
716,711,5,549
702,570,5,638
718,714,5,547
720,601,69,618
709,624,5,604
716,509,69,675
712,639,5,594
712,504,69,679
709,657,5,583
718,473,69,697
709,694,5,559
711,453,69,709
716,716,5,545
703,678,5,569
714,471,69,698
718,727,5,538
707,448,69,712
718,507,69,677
705,595,5,622
718,689,5,562
709,624,5,604
707,489,69,687
718,664,5,578
709,477,69,695
721,545,69,653
716,720,5,543
720,678,69,569
702,588,5,626
721,556,69,647
709,482,69,692
707,487,69,689
720,500,69,681
716,714,5,546
707,473,69,697
718,714,5,546
703,608,5,614
720,507,69,677
709,621,5,606
720,554,69,648
709,477,69,695
718,639,5,594
711,478,69,694
716,648,5,589
707,487,69,689
711,675,5,572
716,511,69,674
711,648,5,589
711,505,69,678
707,439,69,717
718,462,69,704
698,541,5,655
707,684,5,566
718,730,69,536
702,678,5,569
720,597,69,621
709,711,5,549
712,478,69,694
721,489,69,687
716,484,69,691
714,482,69,692
712,628,5,601
716,714,5,546
712,646,5,590
720,543,69,654
709,498,69,682
707,714,5,547
712,457,69,707
716,732,5,535
703,700,5,556
714,466,69,702
718,734,5,534
709,723,5,541
703,523,5,667
718,478,69,694
716,727,5,538
709,468,69,701
716,716,5,545
711,459,69,706
716,702,5,554
709,460,69,705
716,707,5,551
707,462,69,704
721,534,69,660
709,628,5,601
716,471,69,698
707,599,5,620
721,484,69,691
705,613,5,610
709,685,5,565
723,511,69,674
709,711,5,549
718,721,5,542
702,597,5,621
714,714,5,546
707,491,69,686
716,707,5,551
718,498,69,682
716,655,5,584
712,709,5,550
705,525,5,666
718,507,69,677
709,669,5,575
707,644,5,591
709,455,69,708
721,520,69,669
712,691,5,561
707,450,69,711
721,480,69,693
709,599,5,620
718,457,69,707
712,693,5,560
714,455,69,708
711,651,5,586
702,550,5,650
716,723,5,541
700,639,5,594
721,558,69,645
707,698,5,557
714,477,69,695
716,720,5,543
703,549,5,651
718,727,5,539
703,662,5,579
716,489,69,688
707,484,69,691
716,626,5,602
716,489,69,687
709,595,5,622
716,489,69,687
705,576,5,634
720,500,69,681
716,489,69,688
705,592,5,624
714,504,69,679
716,669,5,575
709,471,69,698
721,588,69,626
707,563,5,642
718,543,69,654
709,622,5,605
709,477,69,695
718,718,5,544
703,662,5,580
711,705,5,552
703,599,5,620
718,471,69,698
718,725,5,540
705,552,5,649
714,446,69,713
721,687,69,564
718,723,5,541
709,687,5,564
705,446,5,713
725,487,69,689
709,658,5,582
709,457,69,707
721,673,69,573
720,511,69,674
705,559,5,644
712,486,69,690
716,617,5,608
707,480,69,693
703,698,5,557
720,473,69,697
714,707,5,551
705,453,5,709
721,615,69,609
709,702,5,554
711,700,5,556
702,574,5,635
718,493,69,685
711,696,5,558
709,473,69,697
721,646,69,590
703,585,5,629
714,489,69,688
718,707,5,551
709,473,69,697
716,714,5,546
712,478,69,694
716,714,5,546
703,558,5,646
720,718,69,544
703,639,5,594
718,502,69,680
709,696,5,558
712,480,69,693
703,540,5,657
718,498,69,682
712,716,5,545
700,619,5,607
721,500,69,681
718,725,5,540
705,685,5,565
707,460,69,705
718,486,69,690
721,628,69,601
716,723,5,541
700,657,5,583
720,718,69,544
705,709,5,550
711,460,69,705
718,730,5,536
707,673,5,573
709,451,69,710
712,718,5,544
709,464,69,703
714,721,5,542
702,550,5,650
725,468,69,701
716,450,69,711
707,446,69,713
721,558,69,645
723,453,69,709
711,716,5,545
721,570,69,638
709,671,5,574
712,484,69,691
707,563,5,642
709,621,5,606
714,489,69,688
714,633,5,598
716,511,69,674
716,644,5,591
703,567,5,640
718,676,5,570
709,482,69,692
718,635,5,597
703,576,5,634
718,685,5,565
703,583,5,630
718,702,5,555
705,585,5,628
720,649,69,588
707,606,5,615
712,469,69,699
716,720,5,543
702,612,5,612
718,495,69,684
707,694,5,559
714,464,69,703
716,723,5,541
700,621,5,606
720,489,69,688
712,727,5,539
714,721,5,542
714,675,5,572
716,720,5,543
716,720,5,543
716,689,5,562
712,716,5,545
714,736,5,533
718,702,5,555
703,615,5,609
718,702,5,554
712,705,5,552
718,543,69,654
709,649,5,588
720,570,69,638
709,644,5,591
714,714,5,547
714,518,69,670
712,711,5,549
703,687,5,564
707,459,69,706
718,487,69,689
720,613,69,610
714,714,5,547
707,646,5,590
718,727,5,539
703,540,5,657
711,466,69,702
721,505,69,678
705,558,5,645
705,558,5,645
721,473,69,697
707,451,69,710
721,518,69,670
709,455,69,708
721,624,69,604
709,700,5,556
709,459,69,706
720,716,69,545
709,703,5,553
718,723,5,541
705,603,5,617
718,709,5,550
705,496,5,683
712,493,69,685
712,644,5,591
709,495,69,684
720,509,69,676
709,480,69,693
705,502,5,680
707,489,69,688
718,658,5,582
703,604,5,616
718,675,5,571
703,601,5,618
716,700,5,556
709,462,69,704
709,694,5,559
721,523,69,667
720,671,69,574
709,635,5,597
720,698,69,557
707,622,5,605
720,574,69,635
705,622,5,605
716,696,5,558
705,552,5,649
714,685,5,565
709,516,69,671
716,655,5,584
712,505,69,678
716,651,5,586
709,509,69,676
718,720,5,543
712,714,5,546
709,689,5,562
703,624,5,604
707,451,69,710
716,471,69,698
721,631,69,599
707,441,69,716
712,468,69,701
716,664,5,578
707,484,69,691
721,585,69,629
703,594,5,623
720,667,69,576
707,606,5,615
718,523,69,667
718,720,5,543
707,486,69,690
716,657,5,583
714,489,69,687
703,599,5,619
716,682,5,567
705,577,5,633
721,527,69,665
712,482,69,692
723,689,5,562
732,489,69,687
741,648,69,589
727,469,69,699
741,531,69,662
730,711,5,549
727,475,69,696
741,520,69,669
739,732,69,535
729,702,5,555
727,478,69,694
741,509,69,675
725,624,5,604
741,525,69,666
736,702,5,555
725,576,5,634
734,504,69,679
739,702,69,554
727,633,5,598
736,502,69,680
727,621,5,606
730,509,69,675
741,639,69,594
727,585,5,628
736,509,69,676
725,552,5,649
736,522,69,668
730,622,5,605
734,509,69,676
736,658,5,582
727,608,5,614
734,509,69,676
736,642,5,592
727,498,69,682
738,536,69,659
727,606,5,615
730,655,5,584
723,619,5,607
738,556,69,647
734,666,5,577
727,509,69,675
739,599,69,620
729,628,5,601
734,529,69,663
730,626,5,602
736,525,69,666
729,622,5,605
736,527,69,664
738,642,69,592
730,657,5,583
727,631,5,599
743,541,69,656
732,507,69,677
732,507,69,677
730,504,69,679
725,489,5,688
736,502,69,680
729,678,5,569
730,516,69,671
732,716,5,545
725,513,5,673
734,723,5,541
725,590,5,625
738,547,69,652
730,635,5,597
727,511,69,674
738,689,5,562
727,509,69,676
734,667,5,576
736,511,69,674
730,509,69,676
729,504,69,679
729,504,69,679
730,662,5,580
736,554,69,648
734,666,5,577
730,514,69,672
743,592,69,624
727,505,69,678
738,531,69,662
727,613,5,610
734,511,69,674
736,653,5,585
721,604,5,616
738,725,5,540
729,514,69,672
729,509,69,676
727,509,69,676
739,572,69,637
727,505,69,678
739,550,69,650
732,653,5,585
732,527,69,665
730,635,5,597
732,531,69,662
734,660,5,581
727,520,69,669
739,565,69,641
732,646,5,590
730,522,69,668
727,513,69,673
739,651,69,586
734,714,5,546
739,579,69,632
727,651,5,586
736,527,69,665
727,516,5,671
738,529,69,663
729,633,5,598
730,520,69,669
739,658,69,582
725,621,5,606
736,523,69,667
736,649,5,587
730,516,69,671
741,558,69,645
734,635,5,597
730,516,69,671
738,550,69,650
730,653,5,585
739,642,69,592
729,662,5,579
739,615,69,609
730,666,5,577
738,577,69,633
736,714,5,547
745,541,69,656
738,511,69,674
730,527,69,664
739,624,69,603
729,527,69,665
734,667,5,576
743,540,69,657
725,617,5,608
739,581,69,631
725,559,5,644
736,536,69,659
727,518,69,670
734,637,5,596
730,511,69,674
723,570,5,638
739,727,69,539
729,716,5,545
730,489,69,688
738,734,5,534
727,658,5,582
727,495,69,684
739,549,69,651
730,712,5,548
723,585,5,629
739,563,69,642
730,723,5,541
725,572,5,636
736,505,69,678
725,630,5,600
734,513,69,673
734,720,5,543
725,603,5,617
739,522,69,668
734,698,5,557
729,498,69,682
743,594,69,623
732,648,5,589
725,493,5,685
741,538,69,658
739,599,69,620
725,615,5,609
734,534,69,660
727,505,69,678
739,545,69,653
734,646,5,590
734,518,69,670
734,513,69,673
736,513,69,673
727,619,5,607
734,522,69,668
727,624,5,604
730,522,69,668
725,624,5,603
736,520,69,669
727,511,69,674
739,565,69,641
727,612,5,611
739,522,69,668
727,509,69,675
738,529,69,663
730,624,5,603
734,523,69,667
725,631,5,599
739,585,69,629
730,637,5,596
727,529,69,663
739,572,69,637
725,617,5,608
739,592,69,624
729,646,5,590
732,529,69,663
736,680,5,568
723,624,5,603
739,559,69,644
730,662,5,579
725,601,5,618
739,619,69,607
729,637,5,595
730,527,69,665
736,687,5,563
723,622,5,605
730,649,5,587
734,527,69,664
730,648,5,589
732,516,69,671
732,649,5,588
734,509,69,675
734,658,5,582
730,509,69,676
739,599,69,619
732,507,69,677
727,498,69,682
727,500,69,681
736,673,5,573
727,509,69,675
738,547,69,652
727,507,69,677
739,624,69,604
730,509,69,675
736,649,5,588
727,505,69,678
738,684,5,566
725,617,5,608
736,734,5,534
727,507,69,677
739,635,69,597
730,653,5,585
725,581,5,631
738,727,5,538
729,637,5,595
738,558,69,645
734,662,5,579
732,536,69,659
739,550,69,650
730,642,5,592
736,610,69,613
730,666,5,577
729,541,69,655
736,541,69,656
736,532,69,661
732,649,5,588
734,536,69,659
736,558,69,646
732,671,5,574
729,541,69,655
736,693,5,560
723,628,5,601
736,709,5,550
723,644,5,591
739,619,69,607
730,669,5,575
734,559,69,644
734,684,5,566
727,543,69,654
736,694,5,559
723,639,5,594
738,711,5,549
727,653,5,585
739,619,69,607
730,673,5,573
734,561,69,643
734,682,5,567
732,552,69,649
732,682,5,567
729,545,69,653
734,689,5,562
725,619,5,607
736,702,5,554
723,644,5,591
739,718,69,544
727,651,5,586
736,572,69,637
734,680,5,568
725,615,5,609
738,552,69,649
732,644,5,591
730,534,69,660
738,558,69,646
736,662,5,579
729,527,69,664
734,511,69,674
727,621,5,606
736,534,69,660
736,676,5,570
723,588,5,626
739,558,69,646
730,673,5,573
725,509,5,675
739,691,69,561
727,597,5,621
736,509,69,676
730,496,69,683
730,489,69,688
727,486,69,690
730,511,69,674
736,669,5,575
727,502,5,680
736,702,5,554
725,626,5,602
730,509,69,675
734,667,5,576
727,504,69,679
736,702,5,555
721,606,5,615
739,694,69,559
734,660,5,581
732,504,69,679
736,648,5,589
723,604,5,616
738,716,5,545
723,631,5,599
739,550,69,650
729,649,5,587
734,514,69,672
736,685,5,565
727,608,5,614
736,513,69,673
730,633,5,598
734,509,69,675
727,646,5,590
734,523,69,667
734,721,5,542
725,610,5,613
739,552,69,649
730,648,5,589
729,516,69,671
743,570,69,638
729,498,69,682
741,527,69,665
727,612,5,612
736,532,69,661
730,630,5,600
727,516,69,671
727,637,5,596
732,669,5,575
736,549,69,651
729,676,5,570
734,554,69,648
730,691,5,561
734,525,69,666
734,651,5,586
729,513,69,673
730,684,5,566
730,532,69,661
730,673,5,573
727,525,69,666
734,694,5,559
723,594,5,623
734,696,5,558
723,619,5,607
743,545,69,653
736,513,69,673
730,513,69,673
732,653,5,585
729,525,69,666
734,676,5,570
736,522,69,668
732,511,69,674
729,509,69,676
730,507,69,677
729,624,5,603
730,513,69,673
736,658,5,582
725,628,5,601
736,525,69,666
727,505,69,678
739,648,69,589
727,666,5,577
739,563,69,642
729,637,5,596
734,520,69,669
727,502,69,680
741,527,69,665
729,500,69,681
734,666,5,577
730,514,69,672
720,644,5,591
729,711,5,549
738,732,5,535
725,649,5,588
741,588,69,626
725,640,5,593
736,714,5,546
721,624,5,603
734,714,5,547
727,527,69,665
736,702,5,555
723,628,5,601
736,703,5,553
721,631,5,599
738,716,5,545
725,635,5,597
736,549,69,651
729,635,5,597
734,525,69,666
727,635,5,597
736,525,69,666
727,513,69,673
743,543,69,654
736,549,69,651
732,673,5,573
739,586,69,627
729,660,5,581
730,516,69,671
730,702,5,555
734,531,69,662
730,666,5,577
739,531,69,662
729,624,5,603
736,527,69,664
730,651,5,586
734,520,69,669
736,673,5,573
723,612,5,611
739,633,69,598
725,601,5,618
739,577,69,633
727,504,69,679
734,637,5,595
729,507,69,677
739,603,69,617
730,621,5,606
730,509,69,675
739,630,69,600
725,626,5,602
739,640,69,593
729,637,5,596
736,727,5,539
734,682,5,567
736,500,69,681
727,592,5,624
734,505,69,678
739,590,69,625
730,639,5,594
730,513,69,673
734,669,5,575
727,504,69,679
736,669,5,575
725,594,5,623
739,549,69,651
727,491,69,686
738,684,5,566
729,496,69,683
730,631,5,599
732,516,69,671
729,626,5,602
730,516,69,671
736,693,5,560
729,496,69,683
736,666,5,577
727,496,69,683
739,649,69,587
727,662,5,579
730,518,69,670
730,711,5,549
736,532,69,661
734,658,5,582
734,509,69,676
730,657,5,583
736,536,69,659
730,675,5,571
732,514,69,672
736,658,5,582
732,509,69,676
739,579,69,632
727,504,69,679
739,543,69,654
734,649,5,588
732,509,69,675
736,538,69,658
729,624,5,603
734,527,69,665
736,685,5,565
723,612,5,612
739,581,69,631
729,637,5,595
734,511,69,674
734,648,5,589
729,507,69,677
727,498,69,682
739,624,69,603
727,500,69,681
739,563,69,642
734,639,5,594
727,507,69,677
739,529,69,663
730,637,5,596
729,509,69,676
741,540,69,657
727,635,5,597
734,525,69,666
736,660,5,581
729,509,69,675
739,574,69,635
727,612,5,611
734,518,69,670
739,545,69,653
725,617,5,608
734,520,69,669
736,658,5,582
725,601,5,618
739,675,69,572
725,615,5,609
739,558,69,645
730,648,5,589
736,523,69,667
738,662,5,579
727,621,5,606
736,541,69,656
734,662,5,579
725,592,5,624
739,657,69,583
727,637,5,595
734,527,69,664
736,667,5,576
725,624,5,603
739,547,69,652
725,709,5,550
736,729,5,537
721,630,5,600
736,723,5,541
721,628,5,601
736,727,5,539
725,637,5,596
736,554,69,648
732,660,5,581
730,525,69,666
739,570,69,638
730,635,5,597
727,523,69,667
736,682,5,567
727,518,69,670
739,543,69,654
730,631,5,599
734,532,69,661
738,675,5,572
727,626,5,602
732,522,69,668
734,675,5,571
725,612,5,612
739,541,69,655
729,648,5,589
739,658,69,582
727,649,5,587
738,721,5,542
725,644,5,591
738,727,5,539
725,648,5,589
738,725,69,540
725,649,5,587
739,570,69,638
727,660,5,581
734,538,69,658
730,673,5,573
734,509,69,676
729,613,5,610
732,511,69,674
727,583,5,630
736,518,69,670
730,505,69,678
734,635,5,597
732,509,69,675
734,507,69,677
730,505,69,678
725,617,5,608
739,684,69,566
730,511,69,674
730,507,69,677
736,649,5,588
730,509,69,676
727,500,69,681
730,514,69,672
734,653,5,585
730,511,69,674
738,673,5,573
730,637,5,596
730,523,69,667
739,633,69,598
730,626,5,602
727,514,69,672
734,529,69,663
739,561,69,643
736,649,5,587
727,622,5,605
730,527,69,664
739,581,69,631
730,631,5,599
729,518,69,670
739,568,69,639
727,626,5,602
727,646,5,590
732,527,69,664
727,687,5,564
727,518,69,670
736,705,5,552
725,585,5,628
736,556,69,647
730,628,5,601
734,522,69,668
734,660,5,581
727,520,69,669
739,556,69,647
727,624,5,603
730,529,69,663
738,685,5,565
727,635,5,597
738,669,5,575
729,513,69,673
739,595,69,622
727,624,5,603
734,527,69,665
730,648,5,589
736,711,5,549
732,511,69,674
738,667,69,576
725,612,5,612
736,525,69,666
727,502,69,680
739,558,69,646
729,615,5,609
734,513,69,673
727,603,5,617
738,547,69,652
730,639,5,594
725,588,5,626
736,547,69,652
734,662,5,580
736,711,5,549
725,603,5,617
738,682,5,567
727,622,5,605
730,513,69,673
741,559,69,644
730,624,5,604
727,507,69,677
734,534,69,660
736,671,5,574
727,509,69,676
736,675,5,571
723,644,5,591
727,705,5,552
736,730,5,536
725,639,5,594
736,727,5,538
727,639,5,594
734,531,69,662
736,664,5,578
729,522,69,668
738,581,69,631
727,617,5,608
734,523,69,667
727,511,69,674
739,567,69,640
723,606,5,615
734,529,69,663
730,514,69,672
734,653,5,585
729,516,69,671
741,590,69,625
729,518,69,670
741,592,69,624
727,640,5,593
736,541,69,655
734,667,5,576
734,522,69,668
734,509,69,676
732,504,69,679
725,606,5,615
736,529,69,663
730,619,5,607
734,509,69,675
727,599,5,620
738,523,69,667
730,664,5,578
734,511,69,674
729,662,5,579
736,532,69,661
736,651,5,586
732,500,69,681
739,662,69,580
723,612,5,611
732,662,5,579
738,523,69,667
730,631,5,599
732,507,69,677
734,649,5,588
736,689,5,562
727,628,5,601
734,514,69,672
730,640,5,593
730,511,69,674
727,626,5,602
736,543,69,654
729,507,69,677
734,669,5,575
738,655,5,584
729,498,69,682
727,707,5,551
734,732,5,535
721,624,5,603
736,727,5,539
727,651,5,586
739,579,69,632
730,657,5,583
732,529,69,663
738,675,69,572
729,516,69,671
739,608,69,614
729,514,69,672
739,585,69,628
727,516,69,671
743,552,69,649
727,514,69,672
736,536,69,659
734,657,5,583
734,538,69,658
738,675,5,571
734,516,69,671
730,507,69,677
730,507,69,677
727,504,69,679
736,658,5,582
727,635,5,597
741,563,69,642
727,509,69,675
732,631,5,599
732,514,69,672
727,509,5,676
736,532,69,661
730,509,69,675
734,509,69,675
727,509,69,675
730,509,69,675
730,509,69,676
727,523,5,667
738,543,69,654
727,509,69,676
738,570,69,638
727,631,5,599
738,540,69,657
727,507,69,677
736,664,5,578
732,635,5,597
734,500,69,681
732,640,5,593
730,504,69,679
739,709,69,550
725,633,5,598
738,523,69,667
732,721,5,542
725,568,5,639
738,743,5,528
725,642,5,592
736,511,69,674
734,732,5,535
721,585,5,628
739,655,69,584
727,637,5,596
732,496,69,683
739,700,69,556
736,660,5,581
725,603,5,617
736,529,69,663
736,655,5,584
723,601,5,618
736,532,69,661
734,669,5,575
725,592,5,624
739,658,69,582
725,583,5,630
738,541,69,656
727,608,5,614
736,534,69,660
730,639,5,594
732,520,69,669
738,689,5,562
727,621,5,606
738,531,69,662
736,648,5,589
732,694,5,559
727,513,69,673
739,687,69,564
729,637,5,595
736,527,69,665
734,671,5,574
725,610,5,613
739,612,69,611
730,651,5,586
734,511,69,674
732,631,5,599
738,538,69,658
734,651,5,586
725,604,5,616
739,545,69,653
734,649,5,588
736,534,69,660
727,658,5,582
739,730,69,536
727,649,5,587
739,640,69,593
727,504,69,679
734,527,69,664
727,509,69,676
739,529,69,663
729,509,69,675
729,505,69,678
738,667,5,576
730,516,69,671
734,631,5,599
736,511,69,674
730,498,69,682
739,572,69,637
734,651,5,586
723,619,5,607
739,541,69,655
727,504,69,679
739,561,69,643
729,635,5,597
732,513,69,673
736,671,5,574
725,610,5,613
736,520,69,669
730,662,5,580
739,565,69,641
729,669,5,575
734,538,69,658
734,687,5,563
725,626,5,602
736,523,69,667
730,664,5,578
734,536,69,659
738,673,5,573
720,640,69,593
709,493,69,685
718,635,5,597
711,703,5,553
703,558,5,645
716,455,69,708
721,590,69,625
709,703,5,553
711,446,69,713
721,469,69,699
718,716,5,545
705,662,5,579
709,439,69,718
721,466,69,702
720,687,69,564
712,694,5,559
703,574,5,635
718,466,69,702
712,691,5,561
707,444,69,714
721,599,69,619
709,700,5,556
707,446,69,713
720,468,69,701
716,709,5,550
703,478,5,694
721,489,69,688
711,698,5,557
714,712,5,548
703,594,5,623
700,604,5,616
712,698,5,557
714,680,5,568
707,496,5,683
721,556,69,647
707,513,5,673
718,691,5,561
707,574,5,635
718,477,69,695
712,682,5,567
707,462,69,704
718,702,5,554
707,622,5,605
716,486,69,690
714,714,5,546
703,502,5,680
721,597,69,621
709,633,5,598
712,468,69,700
718,662,5,580
720,594,69,623
709,610,5,613
714,486,69,690
714,655,5,584
709,473,69,697
707,491,69,686
720,651,69,586
709,631,5,599
720,531,69,662
709,622,5,605
721,554,69,648
709,491,69,686
709,491,69,686
709,495,69,684
705,628,5,601
716,678,5,569
709,523,69,667
718,666,5,577
703,604,5,616
703,622,5,605
712,702,5,554
718,565,69,641
707,667,5,576
725,549,69,651
707,624,5,603
720,572,69,637
709,631,5,599
718,505,69,678
707,610,5,613
720,532,69,661
705,599,5,619
721,523,69,667
707,599,5,620
716,507,69,677
709,660,5,581
712,711,5,549
718,520,69,669
714,712,5,548
711,496,69,683
712,640,5,593
716,716,5,545
720,687,69,563
707,610,5,613
718,505,69,678
712,487,69,689
711,653,5,585
711,469,69,699
714,518,69,670
714,669,5,575
703,601,5,618
718,703,5,553
720,633,69,598
707,480,69,693
712,612,5,611
711,613,5,610
718,604,69,616
709,633,5,598
721,541,69,656
712,621,5,606
705,491,5,686
712,666,5,577
709,496,69,683
714,662,5,579
720,669,69,575
707,477,69,695
718,531,69,662
709,640,5,593
718,554,69,648
709,615,5,609
718,520,69,669
716,624,5,604
720,498,69,682
707,473,69,697
712,631,5,599
718,493,69,685
712,486,69,690
714,489,69,687
703,498,5,682
723,550,69,650
705,606,5,615
714,460,69,705
718,714,5,547
703,556,5,647
714,469,69,699
709,590,5,625
721,558,69,646
703,576,5,634
718,712,5,548
711,462,69,704
709,570,5,638
720,478,69,694
712,460,69,705
707,457,69,707
721,491,69,686
709,459,69,706
712,459,69,706
718,637,5,595
712,468,69,701
711,640,5,593
716,489,69,687
714,709,5,550
721,603,69,617
705,572,5,637
720,475,69,696
714,696,5,558
712,455,69,708
716,685,5,565
705,473,5,697
723,491,69,686
707,459,69,706
721,588,69,626
709,464,69,703
712,714,5,546
720,700,69,556
703,568,5,639
718,520,69,669
709,644,5,591
712,482,69,692
718,712,5,548
709,642,5,592
716,707,5,551
709,468,69,701
709,604,5,616
718,689,5,562
714,473,69,697
716,655,5,584
707,477,69,695
721,590,69,625
712,642,5,592
711,477,69,695
712,680,5,568
714,667,5,576
720,637,69,596
709,468,69,700
716,496,69,683
703,536,5,659
703,599,5,619
714,716,5,545
709,475,69,696
721,536,69,659
707,478,69,694
714,610,5,613
711,489,69,688
720,581,69,631
707,482,5,692
721,554,69,648
711,475,69,696
709,471,69,698
721,511,69,674
705,547,5,652
716,493,69,685
709,597,5,621
712,480,69,693
707,469,69,699
703,540,5,657
720,536,69,659
709,622,5,605
712,698,5,557
716,500,69,681
709,622,5,605
707,475,5,696
716,723,5,541
712,475,69,696
707,619,5,607
718,720,69,543
716,727,5,538
718,507,69,677
716,671,5,574
712,599,5,619
707,480,69,693
720,531,69,662
711,622,5,605
714,502,69,680
712,622,5,605
712,502,69,680
721,559,69,644
707,601,5,618
716,520,69,669
712,639,5,594
718,509,69,675
711,624,5,603
723,612,69,611
709,489,69,687
707,691,5,561
716,730,5,536
703,585,5,628
720,662,69,580
707,496,5,683
721,574,69,635
709,631,5,599
718,523,69,667
712,631,5,599
716,509,69,676
716,635,5,597
702,595,5,622
721,509,69,675
707,590,5,625
718,662,5,579
718,684,5,566
705,608,5,614
718,514,69,672
712,646,5,590
707,489,69,687
709,718,5,544
720,707,69,551
705,585,5,629
718,509,69,676
712,615,5,609
718,509,69,676
712,673,5,573
707,484,69,691
721,520,69,669
712,475,69,696
712,700,5,556
711,484,69,691
712,707,5,551
707,477,69,695
718,723,5,541
700,612,5,612
716,505,69,678
714,718,5,544
705,475,5,696
718,493,69,685
714,637,5,595
709,489,69,687
712,671,5,574
712,495,69,684
709,649,5,588
720,568,69,639
712,646,5,590
709,513,69,673
718,527,69,665
712,617,5,608
712,502,69,680
721,621,69,606
700,545,5,653
716,727,5,539
700,651,5,586
720,549,69,651
712,716,5,545
702,543,5,654
721,595,69,622
709,714,5,547
709,468,69,701
718,734,5,534
712,705,5,552
705,514,5,672
720,599,69,619
716,729,5,537
718,723,5,541
703,653,5,585
712,475,69,696
716,727,5,539
702,639,5,594
714,478,69,694
720,727,69,539
720,514,69,672
712,718,5,544
702,617,5,608
718,496,69,683
716,721,5,542
705,480,5,693
718,466,69,702
721,549,69,651
714,700,5,556
707,444,69,714
725,493,69,685
718,730,5,536
707,635,5,597
711,716,5,545
718,721,5,542
707,666,5,577
703,498,5,682
720,505,69,678
721,658,69,582
707,664,5,578
712,718,5,544
714,732,5,535
712,664,5,578
716,511,69,674
707,489,5,687
712,651,5,586
707,655,5,584
703,570,5,638
712,707,5,551
707,685,5,565
718,741,69,529
721,570,69,638
707,588,5,626
725,675,5,572
725,500,69,681
721,498,69,682
730,532,69,661
730,610,69,613
727,673,5,573
725,516,69,671
732,532,69,661
725,511,69,674
716,590,5,625
734,529,69,663
725,509,69,675
730,642,69,592
727,522,69,668
727,653,5,585
723,511,69,674
729,550,69,650
721,520,69,669
718,621,5,606
727,518,69,670
725,635,5,597
721,707,5,551
730,675,69,572
725,639,5,594
725,509,69,676
720,507,69,677
716,630,5,600
727,527,69,665
727,626,5,602
727,649,5,588
734,558,69,645
725,653,5,585
725,669,5,575
725,525,69,666
718,622,5,605
727,525,69,666
720,509,69,676
730,568,69,639
729,639,69,594
716,608,5,614
727,516,69,671
716,500,5,681
727,516,69,671
718,504,69,679
720,500,69,681
725,653,5,585
727,511,69,674
725,505,69,678
718,505,69,678
725,649,5,587
725,527,69,665
730,658,69,582
727,527,69,665
721,509,69,675
725,676,5,570
732,529,69,663
730,516,69,671
730,514,69,672
727,513,69,673
729,511,69,674
721,613,5,610
727,525,69,666
723,509,69,676
718,622,5,605
718,511,69,674
730,657,69,583
718,511,69,674
730,540,69,657
723,514,69,672
718,626,5,602
725,667,5,576
716,613,5,610
723,653,5,585
727,714,5,546
718,520,69,669
727,547,69,652
720,633,5,598
723,529,69,663
730,669,69,575
729,669,5,575
727,653,5,585
730,666,69,577
718,631,5,599
729,522,69,668
718,495,69,684
730,538,69,658
729,527,69,664
720,505,69,678
718,498,69,682
729,522,69,668
721,678,5,569
729,522,69,668
720,507,69,677
712,608,5,614
729,576,69,634
714,597,5,621
725,687,5,563
727,734,5,534
718,496,69,683
729,673,5,573
727,739,5,531
720,516,69,671
723,500,69,681
720,633,5,598
730,570,69,638
723,651,5,586
721,496,69,683
730,662,69,579
721,509,69,676
718,504,69,679
732,538,69,658
725,511,69,674
721,511,69,674
725,667,5,576
727,734,5,534
720,705,5,552
730,718,69,544
723,498,69,682
718,599,5,620
729,732,5,535
718,504,69,679
727,718,5,544
727,705,5,552
716,617,5,608
730,543,69,654
730,631,69,599
720,502,69,680
718,504,69,679
725,639,5,594
725,513,69,673
723,509,69,676
718,504,69,679
723,633,5,598
730,527,69,665
723,511,69,674
741,567,69,640
730,532,69,661
743,572,69,637
729,525,5,666
739,558,69,646
732,689,5,562
739,543,69,654
734,721,5,542
738,754,5,521
732,523,69,667
739,720,5,543
730,529,69,663
739,675,5,571
732,532,69,661
739,709,5,550
736,529,69,663
734,520,69,669
741,743,69,528
739,523,69,667
738,523,69,667
738,525,69,666
739,527,69,665
741,531,69,662
743,527,69,664
730,520,69,669
738,509,69,676
734,509,69,675
738,514,69,672
736,518,69,670
738,541,69,656
730,509,69,676
730,509,69,675
730,511,69,674
739,682,5,567
734,527,69,665
739,738,5,532
734,527,69,664
727,599,5,620
741,568,69,639
738,716,5,545
736,518,69,670
736,682,5,567
734,523,69,667
730,516,69,671
743,568,69,639
736,714,5,547
736,545,69,653
741,545,69,653
739,671,5,574
729,523,69,667
739,543,69,654
734,644,5,591
732,520,69,669
730,518,69,670
739,518,69,670
739,518,69,670
736,511,69,674
732,513,69,673
736,518,69,670
736,516,69,671
734,525,69,666
734,527,69,665
736,527,69,665
730,513,69,673
729,516,69,671
743,559,69,644
732,520,69,669
730,516,69,671
741,639,69,594
730,525,69,666
736,694,5,559
741,626,69,602
739,687,5,563
734,520,69,669
734,660,5,581
736,545,69,653
732,673,5,573
738,547,69,652
736,691,5,561
730,531,69,662
743,603,69,617
730,540,69,657
734,669,5,575
732,673,5,573
739,756,5,520
732,705,5,552
741,754,69,522
734,700,5,556
739,752,5,523
729,523,69,667
741,619,69,607
729,527,69,664
741,572,69,636
732,529,69,663
727,621,5,606
739,547,69,652
732,534,69,660
736,531,69,662
734,527,69,664
732,527,69,665
732,529,69,663
730,522,69,668
743,549,69,651
736,522,69,668
734,518,69,670
734,518,69,670
729,624,5,604
743,572,69,637
732,532,69,661
743,628,69,601
729,615,5,609
739,545,69,653
741,549,69,651
739,513,69,673
738,534,69,660
739,700,5,556
730,516,69,671
743,540,69,657
739,525,69,666
739,543,69,654
743,549,69,651
730,520,69,669
729,516,69,671
743,554,69,648
727,604,5,616
739,561,69,643
730,525,69,666
730,523,69,667
736,653,5,585
738,541,69,656
730,522,69,668
732,527,69,665
729,527,69,665
739,675,5,571
739,545,69,653
736,536,69,659
734,534,69,660
743,541,69,656
739,662,69,580
730,653,5,585
738,552,69,649
734,664,5,578
730,541,69,656
743,606,69,615
732,644,5,591
734,545,69,653
739,678,5,569
729,534,69,660
743,577,69,633
727,624,5,603
741,565,69,641
729,606,5,615
743,628,69,601
736,514,69,672
729,511,5,674
739,556,69,647
732,527,69,665
736,534,69,660
739,531,69,662
739,525,69,666
734,527,69,665
739,673,5,573
752,545,69,653
748,534,69,660
745,534,69,660
739,531,69,662
741,536,69,659
732,522,69,668
732,527,69,664
727,572,5,636
743,696,69,558
730,536,69,659
730,532,69,661
730,523,69,667
741,662,69,579
736,531,69,662
727,599,5,620
743,565,69,641
734,529,69,663
734,531,69,662
730,624,5,603
729,608,5,614
739,565,69,641
730,635,5,597
736,520,69,669
736,523,69,667
739,525,69,666
739,525,69,666
732,523,69,667
734,520,69,669
734,520,69,669
734,520,69,669
736,527,69,665
730,518,69,670
730,525,69,666
743,594,69,623
729,525,69,666
747,541,69,656
743,523,69,667
743,520,69,669
743,522,69,668
738,516,69,671
739,671,5,574
732,525,69,666
730,649,5,587
736,540,69,657
734,660,5,581
736,541,69,655
730,529,69,663
741,671,69,574
738,536,69,659
736,527,69,665
736,523,69,667
738,531,69,662
743,543,69,654
743,532,69,661
745,541,69,656
734,523,69,667
730,518,69,670
