725,743,1,528
720,727,1,538
734,489,69,687
738,498,69,682
739,505,69,678
745,527,69,664
738,768,0,512
734,768,0,512
736,768,0,513
736,768,0,513
734,766,0,514
729,748,0,525
725,750,0,524
727,752,0,523
725,752,0,523
721,741,0,530
721,718,0,544
723,669,0,575
723,646,1,590
721,696,1,558
721,639,1,594
727,477,1,695
734,482,69,692
743,529,69,663
738,766,1,514
727,754,1,521
721,712,1,548
720,626,1,602
727,514,0,672
739,522,68,668
739,770,68,511
739,766,0,514
736,761,1,517
734,757,0,519
727,745,0,527
732,475,69,696
739,766,1,514
743,612,69,612
734,757,1,519
721,736,1,533
741,624,69,604
738,752,1,523
732,748,1,525
727,745,1,527
725,736,1,533
720,716,1,545
725,514,0,672
734,453,68,709
743,577,68,633
738,759,0,518
736,759,0,518
736,756,0,520
732,752,0,523
727,745,0,527
732,747,0,526
730,748,0,525
729,747,0,526
729,747,0,526
727,736,1,533
725,707,1,551
725,693,1,560
723,658,1,582
725,536,1,659
734,464,69,703
741,496,69,683
743,552,69,649
734,757,1,519
729,752,1,523
721,741,1,530
718,718,1,544
721,608,1,614
739,761,0,517
738,761,0,517
736,475,69,696
739,482,69,692
743,545,69,653
738,766,1,514
736,765,1,515
736,765,1,515
734,759,1,518
727,475,1,696
736,487,69,689
739,500,69,681
743,572,69,637
743,666,69,577
739,770,1,511
736,768,1,513
734,765,1,515
730,761,0,517
725,752,0,523
723,736,0,533
723,675,0,571
721,678,0,569
723,631,0,599
723,599,0,619
727,498,0,682
730,486,69,690
729,486,69,690
730,487,69,689
736,489,69,688
738,491,69,686
741,520,69,669
743,513,69,673
743,599,69,620
743,675,69,572
743,676,68,570
736,765,0,515
727,754,0,522
721,732,0,535
720,637,0,595
727,509,0,675
738,496,68,683
743,635,68,597
736,768,0,512
730,761,0,517
723,745,0,527
721,676,0,570
725,552,0,649
730,487,69,689
738,509,69,676
743,567,69,640
739,775,1,508
736,770,1,511
727,763,1,516
725,748,1,525
721,732,1,535
721,637,0,596
725,595,0,622
729,493,68,685
734,500,68,681
738,509,68,675
743,547,68,652
743,655,68,584
741,757,68,519
738,777,0,507
734,768,0,512
729,765,0,515
725,754,0,521
718,653,1,585
730,462,69,704
739,480,69,693
736,757,1,519
727,741,0,529
721,664,1,578
721,597,0,621
738,486,68,690
743,642,68,592
736,766,0,514
727,748,0,525
721,700,0,556
723,601,0,618
729,482,68,692
736,489,68,687
743,558,68,646
739,770,0,511
730,761,0,517
721,732,0,535
721,630,0,600
727,532,1,661
736,493,69,685
743,606,69,615
739,770,69,511
730,756,1,520
721,716,1,545
721,601,1,618
734,486,69,690
739,507,68,677
739,768,0,512
732,765,0,515
725,752,0,523
721,698,0,557
723,595,0,622
730,477,68,695
741,516,68,671
741,714,68,546
729,754,0,521
725,745,0,527
721,734,0,534
718,700,0,556
721,628,0,601
725,574,0,635
725,567,0,640
730,477,68,695
730,478,68,694
736,489,68,687
727,480,0,693
730,475,69,696
730,473,69,697
734,480,69,693
721,698,1,557
721,604,1,616
725,590,1,625
736,482,69,692
741,698,68,557
734,761,0,517
727,750,0,524
721,714,0,547
721,642,0,592
720,608,0,614
727,489,0,687
736,486,68,690
743,592,68,624
738,768,0,512
723,585,1,628
730,482,69,692
734,489,69,688
739,509,69,675
743,540,68,657
743,619,68,607
739,770,0,511
736,768,0,513
730,761,0,517
727,757,0,519
721,747,0,526
721,727,0,539
721,716,0,545
723,667,0,576
725,612,0,612
723,617,0,608
727,538,0,658
727,487,0,689
732,487,69,689
736,496,69,683
739,513,69,673
741,518,69,670
743,577,68,633
734,757,0,519
725,741,0,530
718,635,0,597
727,486,0,690
743,541,68,655
738,766,0,514
729,754,0,522
720,709,0,550
721,608,1,614
730,473,69,697
741,516,69,671
738,768,1,513
727,756,1,520
721,709,1,550
721,608,1,614
727,480,1,693
739,509,68,676
741,768,68,513
736,765,0,515
725,747,0,526
723,612,0,612
725,577,0,633
736,489,68,688
743,660,68,581
734,765,0,515
725,752,0,523
718,671,0,574
725,585,0,629
734,477,69,695
743,720,69,543
734,761,1,517
723,741,1,529
718,626,1,602
725,554,1,648
736,752,1,523
723,732,1,535
739,493,69,685
741,583,68,630
736,756,0,520
729,736,0,533
721,622,0,605
729,464,68,703
739,491,68,686
739,761,0,517
730,752,0,523
725,658,0,582
720,604,0,616
736,489,68,688
741,752,68,523
734,761,0,517
723,736,0,533
721,640,1,593
723,603,1,617
739,504,69,679
739,765,1,515
729,754,1,521
721,720,1,543
725,601,1,618
734,480,69,693
741,509,69,676
738,763,1,516
727,727,0,538
720,635,0,597
723,599,0,620
732,487,68,689
741,531,68,662
736,765,0,515
727,750,0,524
730,457,68,707
741,514,68,672
741,741,68,530
736,761,0,517
730,754,1,521
723,739,1,531
720,678,1,569
721,588,1,626
732,484,69,691
739,513,69,673
743,604,69,616
743,585,69,628
745,612,69,612
741,757,69,519
736,761,1,517
730,756,0,520
727,750,0,524
721,725,0,540
721,714,0,547
721,727,0,539
721,684,0,566
725,640,0,593
721,689,0,562
721,649,0,588
721,703,0,553
723,741,1,530
729,763,1,516
734,772,1,510
734,768,1,512
743,666,69,577
745,577,69,633
741,525,69,666
738,505,69,678
736,493,69,685
732,484,69,691
730,478,69,694
729,748,0,525
721,718,0,544
721,648,0,589
721,590,0,625
727,462,0,704
734,468,69,700
739,487,69,689
743,576,69,634
739,766,1,514
734,761,1,517
729,750,1,524
721,734,0,534
721,716,0,545
720,613,0,610
725,570,0,638
734,487,68,689
736,498,68,682
743,559,68,644
743,664,68,578
743,644,68,591
739,770,0,511
736,768,0,512
736,768,0,512
732,766,0,514
727,756,0,520
723,741,0,530
721,689,1,562
723,599,1,619
727,527,1,664
730,509,69,676
734,513,69,673
739,523,69,667
738,516,69,671
739,516,69,671
739,520,69,669
739,518,69,670
741,522,69,668
741,541,69,655
734,514,68,672
730,509,68,675
727,520,0,669
725,622,0,605
723,714,0,546
725,747,0,526
725,750,0,524
725,750,0,524
723,745,1,527
723,739,1,531
721,730,1,536
721,711,1,549
721,646,1,590
723,595,1,622
725,594,1,623
727,482,1,692
736,491,69,686
739,505,69,678
743,558,69,645
743,729,69,537
739,777,1,507
734,770,1,511
730,763,1,516
727,754,0,522
743,522,69,668
741,763,69,516
734,765,0,515
727,754,1,521
721,732,0,535
720,667,0,576
721,590,0,625
730,473,68,697
739,495,68,684
743,563,68,642
743,684,68,566
736,768,0,512
734,768,0,513
730,763,0,516
725,754,0,522
721,721,0,542
718,640,0,593
725,585,0,629
725,556,1,647
734,480,69,693
739,495,69,684
741,520,69,669
743,570,69,638
741,774,69,509
734,768,1,512
729,763,1,516
727,745,1,527
725,741,1,529
721,718,1,544
721,666,1,577
721,666,1,577
721,590,1,625
727,511,0,674
730,478,68,694
734,486,68,690
739,493,68,685
741,513,68,673
743,702,69,555
743,540,68,657
739,770,0,511
730,757,1,519
723,738,1,532
721,646,1,590
725,581,1,631
736,487,69,689
743,612,69,611
736,770,1,511
730,757,1,519
721,723,1,541
723,651,1,586
723,597,1,621
730,478,69,694
734,484,68,691
743,525,68,666
743,687,68,563
739,770,0,511
730,750,0,524
725,721,0,542
725,671,0,574
721,599,0,620
727,516,1,671
736,487,69,689
743,531,69,662
741,768,69,513
736,770,1,511
734,761,1,517
730,745,1,527
725,727,1,538
721,658,1,582
721,594,1,623
730,477,69,695
736,489,69,688
743,531,69,662
739,772,1,510
732,766,0,514
730,757,0,519
721,694,0,559
720,595,0,622
730,464,68,703
743,538,68,658
736,766,0,514
730,761,0,517
725,739,0,531
720,626,0,602
723,597,0,621
736,487,68,689
743,581,68,631
734,761,0,517
725,720,1,543
721,624,1,603
727,563,1,642
739,504,69,679
739,770,1,511
734,765,1,515
725,736,1,533
721,626,1,602
725,576,1,634
732,489,69,688
738,495,68,684
741,772,68,510
734,763,0,516
727,709,0,550
720,619,0,607
730,487,68,689
736,493,68,685
743,550,68,650
739,772,0,510
734,759,0,518
725,741,1,529
725,651,1,586
725,597,1,621
732,482,69,692
739,498,69,682
743,543,69,654
736,765,1,515
725,745,1,527
721,669,1,575
723,594,1,623
736,484,69,691
743,592,69,624
734,765,0,515
723,743,0,528
720,684,0,566
725,574,0,635
741,518,68,670
723,730,0,536
721,619,1,607
723,601,0,618
730,459,68,706
721,597,1,621
730,464,69,703
739,480,69,693
743,635,68,597
738,765,1,515
730,754,0,521
723,727,0,539
721,608,0,614
725,568,0,639
739,500,68,681
743,606,68,615
736,766,0,514
730,757,0,519
721,738,0,532
721,635,0,597
727,482,0,692
738,489,68,687
743,522,69,668
745,541,69,655
736,770,1,511
730,763,1,516
730,754,1,522
725,727,1,538
721,653,1,585
721,590,1,625
732,489,69,688
741,505,69,678
743,525,69,666
745,590,69,625
739,772,68,510
734,768,0,513
729,763,0,516
730,460,68,705
743,496,68,683
743,635,68,597
739,766,0,514
732,759,0,518
730,754,0,521
725,745,0,527
721,696,0,558
721,655,0,584
725,583,0,630
729,477,68,695
734,478,69,694
736,487,69,689
739,504,69,679
741,509,69,675
743,523,69,667
743,556,69,647
739,768,1,512
739,770,1,511
736,768,1,512
736,766,1,514
730,754,1,522
732,757,1,519
725,745,0,527
721,671,0,574
734,759,0,518
729,748,0,525
725,734,0,534
718,703,0,553
721,579,0,632
729,468,69,700
738,486,69,690
741,487,69,689
743,592,69,624
738,766,1,514
732,759,1,518
727,750,1,524
723,707,1,551
723,676,1,570
721,588,1,626
730,477,68,695
738,493,68,685
741,509,68,676
745,543,68,654
739,772,68,510
736,766,0,514
730,765,0,515
729,754,0,521
725,752,0,523
721,718,0,544
721,694,1,559
725,658,1,582
725,624,1,603
727,482,1,692
734,486,69,690
739,498,69,682
741,527,69,665
745,550,69,650
739,775,1,508
734,770,1,511
730,754,0,521
725,745,0,527
721,729,0,537
718,687,0,563
721,576,0,634
730,471,69,698
739,496,69,683
741,500,69,681
743,637,69,596
739,770,1,511
736,770,1,511
734,766,1,514
727,759,1,518
725,750,1,524
721,741,1,530
721,727,1,538
720,700,1,556
721,698,1,557
721,680,1,568
721,664,0,578
720,649,0,588
723,594,0,623
727,511,0,674
730,469,68,699
730,473,68,697
730,469,69,699
734,477,69,695
736,487,69,689
725,552,0,649
727,527,0,665
729,464,0,703
738,480,68,693
743,523,68,667
743,509,68,675
745,549,68,651
739,770,0,511
738,768,0,512
736,768,0,512
736,770,0,511
734,770,0,511
734,768,0,512
732,768,0,513
730,766,1,514
729,761,1,517
730,766,1,514
732,768,1,512
732,768,1,512
732,768,1,512
730,766,1,514
730,768,1,512
730,770,1,511
730,770,1,511
734,772,1,510
734,772,1,510
736,775,0,508
739,779,0,506
736,775,0,508
738,777,0,507
741,779,68,506
743,727,68,538
743,549,68,651
743,534,68,660
743,518,68,670
741,505,69,678
720,651,1,586
721,574,1,635
727,484,1,691
730,477,69,695
736,487,69,689
743,502,69,680
743,543,68,654
743,678,68,569
739,777,0,507
739,777,0,507
736,774,0,509
736,777,0,507
734,770,0,511
730,765,0,515
729,761,0,517
725,754,0,521
721,743,0,528
723,743,0,528
721,736,1,533
721,702,1,555
721,702,1,554
721,730,1,536
723,705,1,552
721,714,1,546
723,736,1,533
721,741,1,529
721,727,1,539
721,732,1,535
721,721,1,542
721,714,0,547
721,702,1,554
721,657,0,583
725,577,0,633
723,572,0,637
723,574,0,635
725,570,0,638
725,545,0,653
723,671,0,574
725,572,0,636
734,469,68,699
739,486,68,690
743,538,69,658
743,738,69,532
739,770,1,511
736,768,1,513
734,763,1,516
732,761,1,517
729,747,1,526
723,736,1,533
721,700,1,556
721,660,1,581
727,520,0,669
734,487,68,689
738,496,68,683
741,513,68,673
743,525,68,666
739,502,68,680
739,507,68,677
741,514,68,672
745,531,68,662
745,586,68,627
738,779,0,506
739,781,1,505
739,781,1,505
738,779,1,506
734,772,1,510
734,775,1,508
730,765,1,515
730,759,1,518
729,765,1,515
725,750,1,524
725,748,1,525
725,752,1,523
725,748,1,525
721,714,0,546
718,617,0,608
727,484,0,691
739,478,68,694
743,716,68,545
734,761,0,517
730,754,0,521
729,748,0,525
725,711,0,549
721,687,0,563
725,577,0,633
730,469,68,699
736,484,68,691
741,500,69,681
743,572,69,636
736,766,1,514
727,745,1,527
725,739,1,531
723,655,1,584
723,588,1,626
730,482,69,692
736,489,69,687
743,531,69,662
743,626,69,602
743,702,68,554
739,768,0,512
734,766,0,514
725,743,0,528
723,667,0,576
725,588,0,626
730,480,68,693
738,491,68,686
741,511,68,674
743,590,68,625
739,775,1,508
738,770,1,511
734,768,1,513
729,756,1,520
723,729,1,537
721,707,1,551
721,639,1,594
727,484,1,691
736,477,69,695
743,502,69,680
718,669,1,575
723,570,1,638
734,466,69,702
743,527,68,665
739,770,0,511
734,766,0,514
730,759,0,518
725,745,0,527
721,694,0,559
721,610,0,613
725,563,0,642
732,475,68,696
743,541,68,656
743,678,68,569
739,774,0,509
734,768,0,513
727,757,0,519
730,741,0,530
723,727,1,538
723,676,1,570
723,590,1,625
723,590,1,625
730,482,69,692
736,487,69,689
743,522,69,668
745,549,69,651
741,754,69,522
738,775,1,508
736,772,1,510
732,768,0,512
730,757,0,519
727,754,0,522
725,741,0,529
727,741,0,529
727,738,0,532
725,599,0,620
725,586,0,627
725,538,0,658
732,475,69,696
732,475,69,696
730,759,1,518
727,747,1,526
721,732,1,535
720,675,1,571
721,581,0,631
727,500,0,681
734,478,68,694
738,484,68,691
743,541,68,655
743,617,68,608
739,775,0,508
736,768,0,512
730,766,0,514
725,754,0,522
721,718,0,544
721,669,0,575
725,586,1,627
725,558,1,646
727,477,1,695
734,486,69,690
738,496,69,683
738,495,69,684
743,520,69,669
743,572,69,637
743,662,69,579
743,768,69,513
738,779,1,506
730,759,1,518
729,759,1,518
727,741,1,529
723,752,0,523
721,698,1,557
718,673,0,573
725,558,0,645
730,468,68,701
739,500,68,681
743,552,69,649
743,662,69,579
739,774,1,509
734,768,1,512
725,748,1,525
718,705,1,552
721,619,1,607
727,509,1,675
734,486,69,690
739,511,69,674
743,599,68,620
738,777,1,507
734,772,0,510
730,768,0,512
727,754,0,521
725,732,0,535
721,727,0,538
721,685,0,565
723,585,0,628
727,507,0,677
730,484,69,691
734,489,69,687
738,495,69,684
741,511,69,674
739,505,69,678
743,525,69,666
743,550,69,650
743,531,69,662
743,590,69,625
743,619,69,607
743,743,69,528
739,781,1,505
734,460,68,705
741,505,68,678
739,768,0,512
736,471,68,698
743,514,68,672
743,682,68,567
739,774,0,509
734,768,1,512
729,757,1,519
725,748,1,525
721,720,1,543
721,698,1,557
721,601,1,618
727,496,1,683
734,480,69,693
736,487,69,689
743,509,69,676
743,541,69,655
743,721,69,542
739,779,0,506
739,775,0,508
734,770,0,511
732,768,0,512
725,748,0,525
721,727,0,539
721,720,0,543
721,682,0,567
725,581,1,631
727,505,1,678
732,480,69,693
738,486,69,690
741,505,69,678
743,549,69,651
743,617,69,608
739,779,1,506
736,772,1,510
718,642,1,592
727,448,1,712
736,468,69,701
743,514,69,672
741,745,68,527
736,768,1,512
729,759,0,518
723,739,0,531
718,667,0,576
725,576,0,634
736,477,68,695
743,514,68,672
743,523,68,667
743,601,68,618
739,777,0,507
736,774,0,509
730,768,0,513
727,757,0,519
725,736,0,533
725,702,0,554
721,669,1,575
725,588,1,626
727,509,1,676
732,489,69,687
730,487,69,689
734,493,69,685
738,505,69,678
741,509,69,675
743,599,69,619
743,653,69,585
741,786,69,501
739,783,0,504
738,781,0,505
739,779,68,506
738,779,0,506
736,774,0,509
734,774,0,509
732,770,0,511
729,768,0,512
727,765,0,515
725,743,1,528
721,711,1,549
723,709,1,550
721,687,1,563
721,637,1,596
723,608,1,614
723,567,1,640
725,540,1,657
721,585,0,628
723,577,0,633
729,453,68,709
739,475,68,696
743,547,69,652
743,671,69,574
736,770,1,511
729,761,1,517
727,752,1,523
721,739,1,531
723,583,1,630
727,509,1,676
734,478,68,694
741,509,68,675
743,581,68,631
739,777,0,507
736,772,0,510
732,770,0,511
729,761,0,517
725,752,0,523
725,712,0,548
721,666,0,577
725,581,0,631
727,513,0,673
734,487,69,689
736,496,69,683
741,514,69,672
743,527,69,665
745,558,69,646
736,774,1,509
730,761,1,517
723,745,1,527
721,727,1,538
721,707,1,551
725,583,1,630
725,559,1,644
730,484,68,691
734,486,68,690
738,489,68,687
741,500,68,681
739,498,68,682
743,525,68,666
745,541,68,655
736,766,0,514
721,649,0,587
725,570,0,638
736,464,68,703
743,694,68,559
734,766,0,514
727,754,0,522
721,714,0,547
720,585,0,628
730,464,68,703
739,489,68,688
743,612,68,611
739,775,0,508
732,768,1,513
725,748,1,525
721,669,1,575
723,592,1,624
727,478,1,694
739,498,69,682
743,536,69,659
743,559,69,644
739,772,0,510
736,757,1,519
729,754,0,521
727,732,0,535
725,649,0,587
725,594,0,623
725,595,0,622
729,484,68,691
729,489,68,688
736,498,68,682
741,518,68,670
743,552,68,649
745,585,69,629
743,766,69,514
739,777,1,507
734,772,1,510
730,766,1,514
725,736,1,533
721,707,1,551
721,667,1,576
725,590,1,625
727,482,1,692
734,486,69,690
739,500,69,681
743,511,68,674
743,604,68,616
743,678,68,569
739,779,0,506
734,774,0,509
734,768,0,512
727,763,0,516
723,750,0,524
721,721,0,542
720,669,1,575
723,588,1,626
736,462,69,704
743,595,69,622
736,766,1,514
729,754,1,522
721,723,0,541
720,595,0,622
725,534,0,660
736,477,68,695
743,552,68,649
739,770,0,511
734,768,0,513
727,756,0,520
723,730,0,536
721,687,0,564
723,592,0,624
727,516,0,671
732,478,68,694
736,487,68,689
743,536,69,659
741,745,69,527
739,779,1,506
732,770,1,511
727,763,1,516
725,743,1,528
723,687,1,564
721,604,1,616
729,482,69,692
730,486,69,690
736,493,68,685
739,509,68,675
741,509,68,676
745,541,68,656
743,662,68,580
739,783,0,504
734,770,0,511
727,766,0,514
723,702,0,554
723,658,0,582
725,592,1,624
729,480,69,693
734,484,69,691
736,491,69,686
741,505,69,678
743,532,69,661
745,597,69,621
741,784,69,503
732,768,1,512
729,765,1,515
725,750,1,524
721,727,1,539
721,675,1,572
723,585,1,629
727,489,1,688
730,468,68,700
738,478,68,694
743,509,68,676
745,554,68,648
743,752,68,523
736,774,0,509
779,795,1,496
739,464,68,703
745,502,68,680
739,766,68,514
736,750,0,524
725,651,0,586
721,604,0,616
725,558,0,646
730,448,68,712
743,484,68,691
743,667,68,576
734,765,0,515
725,741,0,530
721,685,1,565
720,594,1,623
725,543,1,654
736,471,69,698
743,545,69,653
743,703,69,553
736,768,0,513
730,757,0,519
725,747,0,526
721,694,0,559
721,601,0,618
727,538,0,658
734,489,68,687
739,513,68,673
743,558,68,645
741,777,68,507
736,772,0,510
730,759,0,518
725,714,0,547
721,639,0,594
727,583,1,630
727,538,1,658
736,502,69,680
745,586,69,627
745,574,69,635
743,673,69,573
739,781,1,505
736,777,1,507
734,777,1,507
732,768,1,512
730,772,0,510
730,768,0,512
730,765,0,515
727,752,0,523
725,721,0,542
727,720,0,543
729,495,68,684
736,507,68,677
743,527,68,664
743,651,68,586
743,754,68,522
738,783,1,504
736,772,1,510
729,759,1,518
725,747,1,526
721,714,1,547
721,685,1,565
721,599,1,620
727,563,1,642
729,482,69,692
734,487,69,689
739,500,69,681
743,522,69,668
743,532,69,661
743,567,69,640
743,673,69,573
741,448,69,712
739,682,1,567
730,633,1,598
723,601,1,618
734,459,68,706
743,509,68,675
738,763,0,516
727,723,0,541
721,622,0,605
725,599,0,619
736,468,68,700
745,547,68,652
736,768,0,513
727,745,0,527
720,678,0,569
721,595,0,622
732,471,68,698
739,507,68,677
743,624,69,604
739,774,1,509
732,765,1,515
725,747,1,526
721,675,1,571
723,599,1,620
730,486,69,690
738,500,69,681
743,624,68,603
739,777,1,507
732,770,0,511
725,745,0,527
721,691,0,561
721,603,0,617
729,504,68,679
736,520,68,669
739,525,68,666
741,525,68,666
743,534,68,660
745,610,68,613
743,709,69,550
741,775,69,508
741,784,69,502
743,750,69,524
741,774,69,509
743,709,69,550
743,754,69,521
743,658,69,582
745,624,69,603
743,630,69,600
745,608,69,614
743,700,69,556
745,631,69,599
741,784,69,503
741,783,69,504
743,741,69,529
743,741,69,529
743,741,68,530
743,709,68,550
743,727,68,539
743,741,68,530
743,727,69,538
741,761,69,517
741,777,69,507
739,783,1,504
738,779,1,506
734,775,1,508
730,768,1,512
727,765,1,515
725,754,1,521
801,781,69,505
788,806,1,489
772,694,1,559
739,446,68,713
743,549,68,651
732,662,0,580
725,608,0,614
727,455,0,708
739,468,68,701
745,527,68,664
743,732,68,535
736,770,0,511
729,761,0,517
723,741,0,529
720,671,0,574
721,588,0,626
725,538,0,658
734,469,68,699
741,507,69,677
743,597,69,621
743,759,69,518
738,774,1,509
736,772,1,510
729,761,1,517
725,747,1,526
721,702,1,554
721,624,1,603
725,588,1,626
732,487,69,689
736,498,68,682
736,502,69,680
739,509,68,675
743,563,68,642
743,642,68,592
739,788,0,500
736,781,0,505
732,777,0,507
727,761,0,517
723,723,0,541
723,684,1,566
727,545,1,653
730,493,69,685
736,498,69,682
741,516,69,671
743,540,69,657
745,568,69,639
745,637,69,595
736,779,1,506
730,768,1,512
727,761,1,517
723,734,1,534
721,705,1,552
721,664,1,578
723,588,1,626
723,586,1,627
730,475,68,696
736,484,68,691
739,500,68,681
743,532,68,661
743,595,69,622
743,702,69,555
738,783,1,504
730,754,1,522
725,716,1,545
730,732,0,535
725,648,0,589
721,590,0,625
734,455,68,708
743,489,68,687
739,774,0,509
732,768,0,513
725,754,0,522
720,702,0,555
721,585,0,629
736,468,68,701
739,478,68,694
743,586,68,627
736,768,0,512
729,759,0,518
725,694,0,559
718,644,0,591
725,590,1,625
734,478,69,694
743,518,69,670
743,678,69,569
738,774,1,509
730,768,1,513
725,702,1,554
723,628,1,601
725,599,1,620
730,475,69,696
739,500,68,681
743,655,68,584
736,774,0,509
730,765,0,515
725,741,0,530
723,703,0,553
723,601,0,618
725,599,0,620
729,477,68,695
736,486,68,690
739,496,69,683
743,520,69,669
729,462,68,704
738,482,68,692
743,518,68,670
743,624,68,603
743,700,68,556
738,772,1,510
732,768,1,513
730,766,1,514
725,752,1,523
720,718,1,544
720,680,1,568
721,590,1,625
727,505,1,678
730,471,69,698
732,480,69,693
734,478,69,694
736,478,69,694
738,489,68,688
743,518,68,670
743,687,68,563
741,772,68,510
734,772,0,510
730,768,0,512
729,754,0,521
725,750,0,524
721,734,1,534
720,714,1,546
721,696,1,558
721,648,1,589
720,675,1,571
720,626,1,602
721,585,1,628
725,585,1,629
721,585,0,629
729,468,68,700
734,478,68,694
732,477,68,695
734,473,68,697
736,478,68,694
736,487,68,689
734,478,68,694
730,482,68,692
725,567,0,640
723,606,0,615
721,703,0,553
721,727,1,538
727,747,1,526
727,761,1,517
729,768,1,513
734,772,1,510
743,739,69,531
743,721,69,542
745,610,69,613
743,500,69,681
743,500,69,681
745,568,69,639
745,576,69,634
743,662,68,579
741,781,68,505
741,781,68,505
739,784,0,503
738,781,0,505
736,777,0,507
732,781,0,505
727,727,1,539
727,676,1,570
727,741,0,530
729,615,0,609
725,635,0,597
725,613,0,610
727,603,1,617
727,522,1,668
734,516,69,671
743,525,69,666
736,522,69,668
745,657,69,583
736,777,1,507
727,615,1,609
734,518,68,670
743,527,68,665
727,669,0,575
727,565,0,641
730,518,68,670
745,543,68,654
747,572,68,636
730,505,69,678
739,518,69,670
745,538,69,658
747,558,69,645
745,610,69,613
743,739,69,531
734,784,1,502
727,687,1,564
727,612,1,611
727,585,1,629
727,570,0,638
727,657,0,583
725,615,0,609
730,514,68,672
736,522,68,668
745,536,69,659
743,727,69,538
727,619,1,607
734,523,69,667
745,547,69,652
745,633,69,598
734,777,1,507
727,651,1,586
729,513,69,673
736,520,69,669
745,540,69,657
745,626,69,602
747,561,68,643
734,765,0,515
727,619,0,607
734,522,68,668
739,527,69,664
745,550,69,650
745,653,69,585
730,698,1,557
727,662,1,579
747,536,68,659
739,792,0,498
727,637,1,595
730,750,68,524
727,754,0,522
718,748,0,525
712,739,0,531
707,727,0,538
703,696,1,558
711,576,1,634
716,435,1,720
727,457,69,707
730,612,69,612
727,756,1,520
727,754,1,522
721,752,1,523
718,747,1,526
712,741,1,530
709,732,1,535
707,709,1,550
709,639,0,594
718,428,69,724
727,457,68,707
730,702,68,554
725,754,0,522
707,716,0,545
711,543,0,654
727,448,68,712
732,511,68,674
730,750,68,524
727,754,0,522
723,750,0,524
718,748,0,525
712,739,0,531
707,727,0,538
703,696,1,558
711,576,1,634
716,435,1,720
727,457,69,707
730,612,69,612
727,756,1,520
727,754,1,522
721,752,1,523
718,747,1,526
712,741,1,530
709,732,1,535
707,709,1,550
709,639,0,594
718,428,69,724
727,457,68,707
730,702,68,554
725,754,0,522
718,745,0,527
711,738,0,532
705,711,0,549
712,525,0,666
725,437,69,719
730,559,69,644
729,750,1,524
725,747,1,526
718,741,1,530
712,734,1,534
707,716,1,545
707,660,1,581
711,729,0,537
711,727,0,538
707,669,0,575
725,439,68,718
730,572,68,637
727,752,1,523
721,745,1,527
716,736,1,533
709,716,1,545
712,574,1,635
727,460,69,705
730,478,69,694
729,754,1,522
725,752,0,523
721,750,1,524
718,745,0,527
712,739,0,531
709,729,0,537
711,729,0,537
707,707,0,551
709,639,0,594
712,545,0,653
716,441,0,716
723,444,68,714
725,450,68,711
730,480,69,693
730,509,69,676
730,619,69,607
730,756,69,520
727,757,1,519
723,754,1,521
718,752,1,523
716,747,1,526
712,739,1,531
707,727,1,538
707,689,1,562
712,540,0,657
721,428,68,724
729,448,68,712
730,754,68,521
723,752,0,523
718,745,0,527
709,732,0,535
705,682,0,567
720,423,68,727
730,516,68,671
729,754,69,521
727,752,1,523
725,750,1,524
723,439,68,717
730,478,68,694
709,703,1,553
721,435,69,720
730,505,69,678
725,745,0,527
718,741,0,529
711,727,0,538
711,594,0,623
729,459,68,706
727,752,0,523
721,748,0,525
718,745,0,527
711,734,0,534
707,711,0,549
712,604,0,616
723,444,68,714
729,491,68,686
729,756,0,520
727,754,1,521
723,752,1,523
718,745,1,527
711,732,1,535
709,709,1,550
709,662,1,579
720,439,69,717
729,468,69,700
730,639,68,594
727,754,0,521
723,754,0,522
718,750,0,524
712,741,0,530
707,720,0,543
709,622,0,605
721,439,68,717
723,439,68,717
727,453,68,709
730,478,68,694
732,500,68,681
730,660,68,581
729,756,1,520
725,754,1,522
721,750,1,524
718,743,1,528
711,734,1,534
707,700,1,556
714,466,1,702
727,451,69,710
730,754,69,522
723,748,1,525
716,741,0,529
707,721,0,542
711,613,0,610
725,435,68,720
730,739,68,531
725,750,0,524
720,745,0,527
714,738,0,532
774,777,1,507
779,781,0,505
784,786,1,501
705,682,0,567
720,446,68,713
730,716,68,545
723,745,0,527
712,736,1,533
703,698,1,557
721,426,69,725
730,738,69,532
721,748,1,525
709,736,1,533
707,649,0,588
729,468,68,701
727,754,0,522
718,743,0,528
707,729,0,537
707,637,0,595
725,446,68,713
730,739,68,531
725,752,0,523
718,745,0,527
709,732,0,535
709,675,0,571
718,444,68,714
729,475,68,696
730,491,68,686
730,678,69,569
727,759,1,518
725,754,1,522
723,754,1,521
720,752,1,523
716,748,1,525
712,741,1,529
709,734,1,534
707,712,0,548
707,689,0,562
709,599,0,620
712,520,0,669
718,448,68,712
721,459,68,706
723,455,68,708
721,453,68,709
725,459,68,706
727,468,68,700
732,514,68,672
730,675,68,571
729,761,69,517
727,754,1,521
723,752,1,523
721,748,1,525
714,741,1,530
707,720,1,543
711,606,1,615
723,441,69,716
730,486,68,690
727,752,0,523
723,750,0,524
718,745,0,527
712,736,0,533
709,723,0,541
795,790,0,499
797,792,0,498
797,790,0,499
799,792,1,498
727,424,69,726
721,741,0,530
716,736,0,533
714,730,0,536
709,720,0,543
705,702,0,555
709,639,0,594
716,446,0,713
723,448,68,712
730,489,68,688
730,597,68,621
730,667,68,576
727,754,0,522
721,748,1,525
716,741,1,529
712,732,1,535
707,716,1,545
711,590,1,625
723,441,69,716
730,471,69,698
732,588,68,626
727,756,0,520
725,754,0,521
721,748,0,525
718,745,0,527
714,741,0,530
711,727,0,538
709,727,0,539
709,721,0,542
707,698,0,557
711,621,0,606
712,594,0,623
718,444,68,714
723,451,68,710
729,469,69,699
732,516,69,671
732,547,69,652
730,743,69,528
729,759,1,518
727,757,1,519
727,757,1,519
725,756,1,520
723,754,1,522
720,752,1,523
716,747,0,526
712,739,0,531
707,723,0,541
711,635,0,597
712,637,0,596
709,619,0,607
720,433,68,721
730,491,68,686
727,754,0,521
721,750,0,524
716,741,1,529
709,729,1,537
707,669,1,575
718,423,69,727
725,439,69,717
730,741,69,530
725,747,1,526
718,741,1,529
711,729,1,537
709,716,1,545
707,671,1,574
716,448,1,712
723,457,69,707
730,507,68,677
730,604,68,616
730,747,68,526
727,759,0,518
725,756,0,520
721,752,0,523
716,747,0,526
716,747,0,526
709,729,1,537
709,712,1,548
716,442,1,715
730,727,69,538
723,736,0,533
716,729,0,537
707,702,0,555
716,430,0,723
730,480,68,693
729,748,0,525
725,747,0,526
720,741,0,529
714,734,0,534
709,716,0,545
709,689,0,562
714,468,0,700
727,459,68,706
730,505,69,678
730,703,69,553
727,754,1,522
727,752,1,523
725,752,1,523
718,745,1,527
714,741,1,530
711,729,1,537
709,716,1,545
707,671,1,574
716,448,1,712
723,457,69,707
730,507,68,677
730,604,68,616
730,747,68,526
727,759,0,518
725,756,0,520
721,752,0,523
716,747,0,526
716,747,0,526
714,741,1,529
714,739,1,531
709,729,1,537
709,712,1,548
707,694,1,559
711,630,1,600
714,489,1,687
718,446,69,713
716,442,1,715
721,446,69,713
720,442,69,715
727,457,69,707
730,520,69,669
729,754,1,521
725,750,0,524
718,747,0,526
709,734,0,534
705,698,0,557
716,464,0,703
730,495,68,684
727,752,1,523
720,745,1,527
712,738,1,532
707,714,1,546
792,784,0,503
797,786,0,501
799,792,0,498
729,437,68,719
730,457,68,707
730,455,69,708
732,469,69,699
730,694,69,559
727,748,1,525
721,745,1,527
718,741,1,529
712,734,0,534
709,714,0,547
709,624,0,604
718,439,68,718
727,468,68,701
730,547,68,652
730,759,68,518
727,759,0,518
725,756,0,520
725,754,0,522
723,754,0,522
721,752,0,523
721,752,0,523
718,748,0,525
721,754,1,522
720,752,1,523
721,754,1,521
721,754,1,521
720,756,1,520
718,754,1,522
716,748,1,525
714,747,1,526
712,741,0,529
711,738,0,532
709,734,0,534
709,711,0,549
707,714,0,547
709,723,0,541
709,707,0,551
707,714,0,547
709,705,0,552
707,716,0,545
709,689,0,562
709,653,0,585
712,558,1,645
716,453,1,709
720,457,69,707
723,460,69,705
727,468,69,700
730,509,69,676
730,658,69,582
727,759,1,518
723,754,1,522
718,748,1,525
712,739,0,531
707,720,0,543
707,655,0,584
709,595,0,622
712,509,0,675
723,444,68,714
727,459,68,706
730,471,68,698
730,628,68,601
790,790,1,499
797,793,1,497
772,727,1,539
727,437,69,719
730,462,68,704
732,475,68,696
734,550,68,650
730,669,68,575
725,743,0,528
721,741,0,530
716,736,0,533
711,727,0,539
707,698,0,557
709,610,0,613
720,439,68,717
725,444,68,714
729,457,68,707
730,664,68,578
727,754,1,522
723,752,1,523
720,750,1,524
716,747,1,526
714,741,1,529
711,738,1,532
709,727,0,538
707,718,0,544
709,707,0,551
709,696,0,558
707,700,0,556
707,707,0,551
711,675,0,571
711,702,0,555
711,721,0,542
709,727,0,539
712,734,0,534
712,741,0,530
711,730,0,536
709,732,0,535
712,738,1,532
714,745,1,527
714,748,1,525
718,754,1,521
718,757,1,519
725,763,1,516
727,766,0,514
729,768,1,513
730,698,68,557
734,549,68,651
732,509,68,676
730,597,68,621
732,561,68,643
730,502,68,680
727,482,68,692
725,480,68,693
721,471,68,698
721,469,68,699
721,469,68,699
721,468,68,700
725,473,69,697
729,484,69,691
730,525,69,666
730,646,69,590
729,763,1,516
727,761,1,517
723,754,1,521
718,752,1,523
718,748,0,525
712,741,0,529
711,741,0,530
709,732,0,535
707,718,0,544
709,682,0,567
709,613,0,610
712,536,0,659
716,442,0,715
721,446,68,713
739,770,0,511
759,784,0,502
770,792,1,498
779,797,1,495
790,801,1,493
799,804,0,490
775,783,0,504
793,801,0,493
774,671,0,574
790,801,0,493
725,419,69,729
729,439,69,717
729,446,69,713
730,455,69,708
732,489,68,688
732,556,68,647
730,754,68,521
727,754,0,522
721,748,0,525
718,745,0,527
716,741,0,530
709,729,0,537
705,711,0,549
707,675,0,572
712,532,0,661
718,453,68,709
723,457,68,707
725,468,68,700
727,471,68,698
727,480,68,693
730,504,69,679
730,511,69,674
732,536,69,659
730,532,69,661
730,516,69,671
729,489,69,687
732,527,68,664
730,574,68,635
730,727,68,538
712,464,68,703
712,478,68,694
718,756,0,520
716,748,0,525
716,741,0,530
716,748,0,525
716,741,0,530
711,732,0,535
711,718,0,544
712,689,0,562
709,712,0,548
712,631,1,599
716,509,1,676
712,649,1,587
712,669,1,575
712,585,1,629
716,493,1,685
721,477,69,695
723,480,69,693
725,487,68,689
727,489,68,688
730,504,68,679
730,507,68,677
730,543,68,654
730,628,68,601
729,765,0,515
727,761,0,517
725,759,0,518
725,757,0,519
721,754,0,521
720,754,0,521
718,748,1,525
716,745,1,527
716,741,1,529
714,734,1,534
712,734,1,534
709,718,1,544
709,669,1,575
712,556,1,647
718,451,68,710
721,457,68,707
729,478,68,694
793,797,0,495
797,505,68,678
786,790,0,499
799,801,0,493
727,421,68,728
732,603,68,617
727,747,0,526
723,741,0,529
716,727,0,538
712,691,1,561
711,583,1,630
716,496,1,683
727,453,69,709
732,541,69,655
727,750,1,524
720,741,0,530
712,723,0,541
707,671,0,574
716,433,0,721
727,462,68,704
730,606,68,615
725,754,0,522
720,747,0,526
709,709,0,550
711,568,0,639
727,468,68,700
727,754,0,522
718,745,0,527
712,721,0,542
707,687,1,564
712,558,1,646
725,459,69,706
729,754,1,521
720,747,1,526
712,727,1,539
709,570,1,638
730,523,69,667
721,748,0,525
714,739,0,531
709,714,0,546
732,558,68,646
727,757,0,519
721,752,0,523
714,741,1,529
709,721,1,542
712,621,1,606
716,462,1,704
725,473,69,697
730,498,69,682
720,754,1,522
714,743,1,528
712,727,1,539
709,658,1,582
718,455,69,708
730,495,69,684
721,745,1,527
709,729,1,537
705,707,1,551
709,615,1,609
711,583,1,630
732,541,69,655
730,487,69,689
718,741,0,529
721,741,0,530
707,725,0,540
700,604,0,616
730,486,68,690
727,747,0,526
721,736,1,533
711,727,1,538
698,682,1,567
718,421,69,728
730,577,69,633
723,741,1,529
709,727,1,538
703,594,1,623
730,671,69,574
720,741,0,530
707,725,0,540
700,621,0,606
725,437,68,719
725,741,0,529
714,732,0,535
700,682,0,567
725,444,68,714
727,745,0,527
720,741,0,530
709,723,0,541
707,572,1,636
730,505,69,678
727,738,1,532
718,729,1,537
700,691,1,561
721,453,69,709
725,732,1,535
712,727,1,539
698,646,1,590
730,595,69,622
721,732,1,535
707,712,1,548
725,745,1,527
714,734,1,534
718,723,0,541
739,739,0,531
720,723,0,541
703,702,0,555
709,554,1,648
721,441,69,716
729,741,1,530
718,732,1,535
702,702,1,555
714,509,1,675
730,576,69,634
721,738,1,532
705,714,1,546
709,559,1,644
730,694,68,559
716,732,0,535
702,657,0,583
718,439,68,718
729,745,0,527
721,738,0,532
703,714,0,547
709,574,0,635
730,498,68,682
725,743,0,528
712,732,1,535
700,673,1,573
712,536,1,659
730,561,69,643
725,745,1,527
714,734,1,534
702,694,1,559
709,570,1,638
730,540,69,657
723,743,1,528
707,721,1,542
703,579,1,632
730,516,68,671
723,741,0,530
707,723,0,541
705,583,0,630
727,480,68,693
727,741,0,530
714,727,0,538
703,590,0,625
730,522,69,668
721,736,1,533
703,694,1,559
721,457,69,707
725,739,1,531
707,714,1,546
716,455,1,708
727,739,1,531
788,774,1,509
786,772,1,510
729,435,69,720
725,664,0,578
709,604,0,616
718,439,68,717
730,730,0,536
720,442,68,715
727,729,0,537
730,455,68,708
725,727,0,539
745,745,0,527
745,471,68,698
720,723,0,541
743,570,68,638
716,725,0,540
703,682,0,567
738,748,1,525
705,619,1,607
712,540,1,657
730,493,69,685
725,741,1,530
712,729,1,537
700,664,1,578
718,448,69,712
730,633,68,598
721,741,0,530
705,718,0,544
707,565,0,641
730,649,68,588
721,741,0,530
711,725,0,540
700,642,0,592
716,439,0,717
730,648,68,589
721,741,0,530
709,727,0,539
705,624,1,603
716,435,1,720
729,745,1,527
718,738,1,532
705,718,1,544
703,558,1,645
730,595,69,622
721,739,1,531
709,720,1,543
700,649,1,588
730,496,69,683
725,738,0,532
709,720,0,543
712,509,0,675
727,736,0,533
712,725,0,540
705,554,0,648
729,739,0,531
716,727,0,538
703,689,0,562
718,457,68,707
729,734,69,534
720,727,1,539
703,698,1,557
732,741,1,529
777,763,0,516
777,763,0,516
777,763,0,516
777,761,0,517
723,428,68,724
730,723,0,541
752,743,0,528
734,439,68,718
725,718,0,544
712,707,0,551
705,599,0,620
730,525,68,666
723,720,1,543
711,705,1,552
739,739,1,531
705,685,1,565
712,527,1,664
730,736,0,533
720,439,68,718
727,736,0,533
714,723,0,541
707,689,0,562
707,559,0,644
730,583,68,630
725,739,0,531
714,727,0,538
700,676,0,570
716,513,0,673
730,511,68,674
727,741,0,529
718,734,0,534
703,700,0,556
705,567,1,640
730,543,69,654
725,741,1,529
709,727,1,538
702,583,1,630
730,554,69,648
721,741,0,530
703,720,0,543
712,520,0,669
729,747,68,526
721,741,0,529
712,727,0,538
702,698,0,557
709,552,0,649
729,487,68,689
727,748,0,525
718,739,0,531
709,723,0,541
705,624,0,603
723,441,68,716
729,745,0,527
721,741,1,530
711,727,1,539
702,671,1,574
723,439,69,717
727,741,1,529
718,734,1,534
707,707,1,551
707,597,1,621
729,504,68,679
727,739,0,531
718,730,0,536
703,707,0,551
718,441,68,716
727,739,0,531
720,730,0,536
707,714,0,547
709,541,0,656
730,707,68,551
721,729,0,537
707,711,0,549
707,556,1,647
727,468,69,700
720,739,0,531
709,718,0,544
702,622,0,605
720,437,68,719
730,662,68,580
721,741,1,529
703,595,1,622
721,450,69,711
729,750,1,524
775,765,1,515
775,765,1,515
775,765,1,515
775,765,0,515
720,424,68,726
734,729,0,537
754,748,0,525
761,752,0,523
766,754,0,521
770,756,0,520
772,757,0,519
772,759,0,518
775,761,0,517
777,766,0,514
725,426,68,725
734,549,68,651
732,732,0,535
723,432,69,722
730,702,69,554
721,729,1,537
707,712,1,548
709,554,1,648
727,464,69,703
730,709,68,550
720,732,0,535
702,707,0,551
714,498,0,682
730,550,68,650
723,741,0,530
712,729,0,537
700,657,0,583
718,439,68,718
730,649,68,587
720,739,0,531
709,718,0,544
702,622,0,605
720,437,68,719
730,662,68,580
721,741,1,529
707,725,1,540
703,595,1,622
721,450,69,711
729,750,1,524
720,741,1,529
707,721,1,542
707,570,1,638
730,511,68,674
725,750,0,524
716,736,0,533
707,696,0,558
705,599,0,620
720,439,68,717
729,752,68,523
718,741,0,529
703,714,0,546
711,558,0,645
730,549,68,651
721,743,0,528
707,723,1,541
707,567,1,640
730,527,69,665
721,741,1,530
707,721,1,542
709,561,1,643
730,525,69,666
725,741,1,529
716,732,0,535
703,694,0,559
718,441,68,716
730,577,68,633
723,741,0,530
709,721,0,542
707,572,0,637
734,748,0,525
711,559,0,644
727,565,0,641
739,750,0,524
752,756,0,520
757,761,1,517
763,761,1,517
768,766,1,514
770,768,1,513
774,768,1,512
777,768,1,512
779,770,0,511
781,770,0,511
781,772,0,510
784,772,0,510
784,774,0,509
786,774,0,509
788,775,0,508
790,775,0,508
730,676,69,570
718,714,1,546
705,676,0,570
709,556,0,647
729,471,68,698
725,730,0,536
743,743,0,528
752,750,0,524
759,743,68,528
709,644,0,591
745,741,0,529
707,691,0,561
739,739,0,531
750,748,0,525
756,754,0,522
761,756,0,520
761,486,68,690
718,714,0,547
712,703,1,553
707,586,1,627
734,734,0,534
709,541,1,655
730,500,69,681
725,732,1,535
714,723,1,541
703,675,0,572
714,513,1,673
730,541,68,656
721,734,0,534
711,716,0,545
739,748,0,525
752,754,0,522
757,759,0,518
707,563,0,642
720,433,68,721
730,619,68,607
723,739,0,531
712,727,0,539
703,682,0,567
718,435,69,720
729,741,1,530
718,732,1,535
707,702,1,554
709,586,1,627
729,469,69,699
725,736,1,533
712,723,1,541
707,612,0,612
730,628,69,601
720,729,0,537
703,691,0,561
721,444,68,714
727,730,0,536
714,720,0,543
707,586,0,627
730,527,68,665
723,727,0,539
707,711,0,549
721,442,68,715
725,729,1,537
709,714,1,546
718,437,69,719
727,729,1,537
712,712,1,548
705,644,1,591
729,466,69,702
721,714,1,547
736,727,1,539
714,703,0,553
720,556,0,647
738,487,68,689
729,736,0,533
711,667,5,576
739,685,69,565
738,741,5,530
725,734,5,534
714,667,5,576
729,441,69,716
734,741,5,529
718,729,5,537
718,558,5,645
736,745,0,527
723,734,0,534
718,561,0,643
736,747,0,526
725,739,0,531
712,590,0,625
739,603,68,617
730,741,0,530
712,714,0,546
727,435,68,720
734,743,0,528
718,727,5,539
730,444,69,714
734,739,5,531
721,727,5,539
721,505,5,678
734,738,5,532
711,702,5,555
739,736,69,533
723,727,5,538
727,446,69,713
732,736,0,533
712,709,0,550
739,511,68,674
730,734,0,534
709,682,0,567
739,590,68,625
727,729,0,537
772,754,1,522
725,540,0,657
739,579,68,632
727,718,0,544
716,576,0,634
736,729,0,537
721,707,0,551
734,460,68,705
727,721,0,542
712,617,0,608
736,732,0,535
721,711,0,549
725,444,0,714
739,718,68,544
732,723,0,541
716,676,5,570
730,450,69,711
734,732,5,535
716,696,5,558
718,558,5,645
694,565,5,641
729,732,0,535
709,691,0,561
739,676,68,570
730,736,0,533
716,714,0,546
716,568,0,639
739,669,68,575
725,732,0,535
712,624,0,604
739,585,68,629
725,727,0,539
727,439,68,717
730,736,0,533
709,696,0,558
736,741,5,530
725,720,5,543
721,532,5,661
736,738,5,532
725,721,5,542
712,621,5,606
738,739,5,531
727,723,5,541
712,585,0,628
736,736,0,533
721,714,0,546
743,741,0,530
709,691,0,561
738,736,0,533
721,721,0,542
727,433,68,721
730,729,0,537
714,599,0,619
736,730,0,536
716,705,0,552
736,732,5,535
718,716,5,545
738,730,5,536
720,716,5,545
738,729,5,537
720,714,5,546
738,729,5,537
720,714,5,546
739,608,69,614
714,711,0,549
723,489,0,688
734,741,0,529
720,727,0,538
729,437,69,719
734,741,5,529
720,727,5,538
721,522,5,668
736,741,5,529
725,729,5,537
712,671,5,574
738,473,69,697
734,741,0,530
718,720,0,543
720,538,0,658
734,738,0,532
718,725,0,540
727,441,68,716
736,741,0,529
721,727,0,538
723,525,0,666
734,741,0,529
721,727,0,539
725,453,0,709
736,741,0,530
725,727,5,539
718,556,5,647
736,738,5,532
721,727,5,539
718,547,5,652
734,734,5,534
711,689,5,562
736,738,5,532
720,723,5,541
730,451,69,710
730,732,0,535
712,664,0,578
712,617,0,608
739,752,0,523
727,730,1,536
716,576,1,634
739,468,69,701
732,743,1,528
716,631,1,599
741,475,69,696
732,747,1,526
714,666,1,577
734,428,68,724
738,752,0,523
720,734,0,534
727,448,0,712
736,756,0,520
718,725,0,540
736,442,68,715
739,756,68,520
727,745,0,527
718,603,0,617
739,462,68,704
738,754,0,521
721,734,0,534
729,414,69,732
739,757,1,519
721,739,1,531
721,558,1,646
741,750,69,524
727,745,1,527
712,577,1,633
741,727,69,539
729,745,1,527
714,576,1,634
739,754,0,521
725,738,0,532
716,599,0,619
738,448,68,712
730,741,0,529
716,617,0,608
739,748,0,525
721,729,0,537
730,430,68,723
736,741,0,529
716,676,1,570
739,477,69,695
730,738,1,532
716,585,1,628
788,768,0,512
788,768,0,512
790,768,0,512
790,768,0,512
790,768,0,512
729,403,68,738
734,714,0,546
718,624,0,604
741,466,69,702
730,727,1,539
716,572,1,636
738,739,1,531
716,705,1,552
738,448,68,712
730,732,0,535
723,541,0,655
738,741,0,529
723,723,0,541
730,417,68,730
739,747,0,526
721,727,0,539
734,432,68,722
730,741,0,530
718,567,0,640
739,750,0,524
725,736,0,533
725,468,0,700
736,752,0,523
720,725,1,540
725,487,1,689
738,748,1,525
730,729,1,537
721,687,1,563
723,561,1,643
729,412,69,733
736,745,1,527
718,721,0,542
739,446,68,713
732,748,0,525
716,694,0,559
741,473,68,697
732,752,0,523
718,711,0,549
723,558,0,645
741,754,68,521
727,741,0,529
718,568,0,639
743,464,68,703
734,747,1,526
714,707,1,551
734,417,69,730
739,752,1,523
721,732,1,535
725,478,1,694
739,748,1,525
725,729,1,537
721,559,1,644
739,747,1,526
720,723,0,541
736,459,68,706
730,738,0,532
718,567,0,640
736,741,0,529
716,703,0,553
739,468,68,701
732,736,0,533
718,689,0,562
795,777,1,507
795,777,1,507
797,775,0,508
795,775,0,508
745,412,68,733
732,628,0,601
721,579,0,632
743,531,68,662
727,714,0,546
721,565,0,641
738,736,0,533
718,691,0,561
732,426,68,725
736,732,0,535
718,667,0,576
736,448,68,712
730,727,1,538
720,565,1,641
736,738,1,532
716,685,1,565
741,518,69,670
727,736,1,533
720,570,1,638
736,745,1,527
716,631,1,599
739,752,0,523
729,736,0,533
720,604,0,616
730,417,68,730
734,747,0,526
718,662,0,579
725,732,0,535
725,527,0,665
736,752,0,523
718,714,0,546
720,581,1,631
736,754,1,521
718,723,1,541
730,426,69,725
734,752,1,523
716,673,1,573
741,487,69,689
730,748,1,525
716,599,0,620
739,450,68,711
730,752,0,523
716,608,0,614
739,498,68,682
729,748,0,525
718,599,0,620
741,536,68,659
729,750,0,524
716,597,0,621
741,727,68,539
725,741,0,530
721,581,1,631
738,754,1,522
720,720,1,543
732,441,69,716
730,741,1,530
718,590,1,625
739,747,1,526
718,714,1,547
734,444,69,714
729,734,1,534
721,574,0,635
736,741,0,529
718,644,0,591
743,505,68,678
727,442,1,715
738,702,1,554
721,621,1,606
734,437,68,719
730,727,0,539
716,583,0,630
739,741,0,530
734,757,1,519
723,523,1,667
736,450,69,711
743,612,69,612
739,768,1,513
732,763,1,516
725,754,1,522
718,716,1,545
712,684,1,566
720,559,1,644
730,437,69,719
725,577,0,633
