718,720,5,543
718,720,5,543
718,720,5,543
718,721,5,542
720,720,5,543
718,723,5,541
721,721,5,542
721,723,5,541
721,723,5,541
721,723,5,541
721,727,5,539
720,727,5,538
718,727,5,539
720,727,5,538
720,727,5,538
720,727,5,538
725,729,5,537
718,727,5,539
714,723,5,541
712,723,5,541
721,729,5,537
718,727,5,539
712,723,5,541
709,723,5,541
709,723,5,541
712,721,5,542
716,723,5,541
720,729,5,537
721,729,5,537
718,727,5,539
712,720,5,543
712,718,5,544
712,718,5,544
714,720,5,543
712,716,5,545
709,714,5,546
714,720,5,543
716,723,5,541
716,723,5,541
721,723,5,541
723,725,5,540
716,716,5,545
711,714,5,546
718,716,5,545
712,714,5,547
714,721,5,542
723,729,5,537
720,725,5,540
712,718,5,544
720,721,5,542
711,714,5,547
709,718,5,544
716,723,5,541
714,721,5,542
712,721,5,542
712,721,5,542
720,727,5,539
725,727,5,538
718,723,5,541
721,727,5,539
723,727,5,538
725,730,5,536
720,721,5,542
720,721,5,542
721,723,5,541
721,723,5,541
721,720,5,543
720,720,5,543
718,718,5,544
718,718,5,544
716,716,5,545
721,720,5,543
725,720,5,543
723,720,5,543
721,720,5,543
718,716,5,545
721,723,5,541
721,718,5,544
712,711,5,549
709,712,5,548
714,718,5,544
714,718,5,544
716,720,5,543
718,720,5,543
716,720,5,543
718,720,5,543
721,727,5,539
721,720,5,543
720,718,5,544
721,720,5,543
721,723,5,541
720,723,5,541
718,723,5,541
718,723,5,541
718,723,5,541
718,723,5,541
718,723,5,541
718,723,5,541
721,727,5,539
725,727,5,538
727,730,5,536
725,729,5,537
721,727,5,538
725,729,5,537
727,730,5,536
723,732,5,535
723,732,5,535
721,732,5,535
725,734,5,534
723,727,5,538
718,725,5,540
716,723,5,541
716,727,5,539
716,727,5,539
718,729,5,537
723,734,5,534
725,736,5,533
721,727,5,538
725,736,5,533
725,736,5,533
723,727,5,538
725,732,5,535
723,732,5,535
720,727,5,538
725,732,5,535
725,732,5,535
721,725,5,540
725,730,5,536
725,732,5,535
716,721,5,542
725,729,5,537
725,727,5,538
716,720,5,543
718,725,5,540
721,727,5,538
723,727,5,539
723,727,5,538
725,729,5,537
729,732,5,535
716,658,5,582
720,723,5,541
723,727,5,538
723,727,5,538
723,727,5,538
721,727,5,538
725,727,5,538
725,727,5,538
721,721,5,542
718,718,5,544
716,718,5,544
725,698,1,557
721,694,1,559
725,694,1,559
725,694,1,559
709,709,5,550
720,723,5,541
721,720,5,543
721,718,5,544
720,718,5,544
720,720,5,543
720,723,5,541
718,721,5,542
718,723,5,541
716,723,5,541
716,725,5,540
716,725,5,540
718,727,5,539
716,727,5,538
718,727,5,538
718,727,5,538
720,729,5,537
720,730,5,536
721,729,5,537
718,727,5,538
721,730,5,536
721,727,5,539
716,723,5,541
714,725,5,540
712,723,5,541
711,723,5,541
709,720,5,543
714,723,5,541
723,732,5,535
712,723,5,541
718,730,5,536
723,729,5,537
721,729,5,537
721,732,5,535
723,729,5,537
712,718,5,544
720,725,5,540
721,723,5,541
718,720,5,543
718,721,5,542
723,727,5,538
718,720,5,543
714,718,5,544
712,716,5,545
716,721,5,542
720,725,5,540
721,725,5,540
721,723,5,541
723,725,5,540
716,716,5,545
714,720,5,543
712,716,5,545
712,718,5,544
718,723,5,541
721,723,5,541
718,721,5,542
720,721,5,542
727,711,1,549
723,705,1,552
725,702,1,554
725,702,1,555
712,711,5,549
721,727,5,539
723,725,5,540
720,723,5,541
718,723,5,541
720,725,5,540
723,727,5,538
716,721,5,542
709,720,5,543
720,729,5,537
716,723,5,541
709,720,5,543
718,727,5,538
723,732,5,535
718,727,5,539
714,725,5,540
712,723,5,541
711,723,5,541
714,727,5,539
712,725,5,540
714,725,5,540
714,727,5,538
716,727,5,538
712,727,5,539
712,727,5,539
718,732,5,535
723,736,5,533
725,736,5,533
716,725,5,540
712,723,5,541
721,729,5,537
725,732,5,535
725,732,5,535
723,729,5,537
716,727,5,539
716,730,5,536
718,734,5,534
718,727,5,539
716,727,5,538
714,727,5,539
712,723,5,541
712,721,5,542
712,723,5,541
711,721,5,542
712,721,5,542
716,721,5,542
714,721,5,542
716,725,5,540
721,729,5,537
725,730,5,536
718,723,5,541
712,721,5,542
712,720,5,543
712,720,5,543
712,720,5,543
712,718,5,544
743,727,1,539
743,727,1,538
745,727,1,538
745,729,1,537
739,723,1,541
727,716,1,545
727,714,1,546
727,714,1,547
718,720,5,543
718,723,5,541
718,723,5,541
712,716,5,545
712,723,5,541
721,729,5,537
727,734,5,534
721,723,5,541
711,711,5,549
718,716,5,545
721,718,5,544
718,716,5,545
718,718,5,544
720,718,5,544
720,718,5,544
720,718,5,544
720,718,5,544
718,718,5,544
716,716,5,545
720,720,5,543
721,716,5,545
712,712,5,548
711,714,5,546
716,720,5,543
716,721,5,542
720,723,5,541
718,723,5,541
714,718,5,544
714,718,5,544
716,720,5,543
718,720,5,543
721,720,5,543
721,720,5,543
718,720,5,543
718,720,5,543
716,720,5,543
716,720,5,543
718,721,5,542
721,716,5,545
721,716,5,545
721,716,5,545
721,718,5,544
720,716,5,545
718,714,5,546
720,714,5,547
721,716,5,545
723,716,5,545
721,716,5,545
718,714,5,546
716,714,5,547
721,714,5,546
721,716,5,545
721,716,5,545
721,714,5,546
716,712,5,548
721,716,5,545
716,714,5,547
714,716,5,545
718,718,5,544
718,718,5,544
718,718,5,544
716,720,5,543
716,718,5,544
714,718,5,544
716,718,5,544
714,718,5,544
718,718,5,544
721,720,5,543
721,718,5,544
721,720,5,543
721,718,5,544
721,720,5,543
721,720,5,543
718,716,5,545
718,714,5,546
716,716,5,545
718,714,5,546
720,716,5,545
723,716,5,545
721,716,5,545
721,714,5,546
721,714,5,547
721,716,5,545
718,714,5,547
718,714,5,546
721,714,5,546
721,716,5,545
720,712,5,548
720,712,5,548
718,712,5,548
718,718,5,544
718,720,5,543
720,718,5,544
720,718,5,544
718,721,5,542
721,720,5,543
716,720,5,543
716,718,5,544
716,718,5,544
716,718,5,544
716,718,5,544
716,716,5,545
716,716,5,545
716,716,5,545
718,718,5,544
721,718,5,544
723,718,5,544
721,718,5,544
720,718,5,544
718,716,5,545
720,714,5,546
721,716,5,545
718,714,5,546
721,720,5,543
723,718,5,544
721,716,5,545
721,716,5,545
720,714,5,546
716,712,5,548
718,720,5,543
723,720,5,543
721,716,5,545
718,720,5,543
718,720,5,543
716,714,5,546
716,716,5,545
716,716,5,545
716,716,5,545
718,718,5,544
718,720,5,543
718,720,5,543
718,720,5,543
720,718,5,544
718,718,5,544
720,721,5,542
720,720,5,543
718,718,5,544
716,714,5,546
714,716,5,545
718,721,5,542
721,723,5,541
723,725,5,540
721,716,5,545
721,714,5,547
720,714,5,547
720,714,5,547
720,714,5,546
718,714,5,546
718,714,5,547
716,714,5,547
721,714,5,546
718,720,5,543
718,723,5,541
720,721,5,542
716,716,5,545
716,716,5,545
720,721,5,542
721,723,5,541
721,721,5,542
720,718,5,544
716,721,5,542
721,721,5,542
718,718,5,544
718,718,5,544
718,716,5,545
718,718,5,544
721,720,5,543
720,716,5,545
720,714,5,547
718,714,5,547
718,714,5,547
718,714,5,546
720,720,5,543
720,721,5,542
720,721,5,542
720,716,5,545
720,714,5,546
718,721,5,542
720,721,5,542
721,723,5,541
721,721,5,542
721,720,5,543
721,721,5,542
720,720,5,543
720,718,5,544
720,720,5,543
718,718,5,544
718,716,5,545
716,718,5,544
716,718,5,544
716,716,5,545
716,716,5,545
721,716,5,545
721,714,5,546
718,716,5,545
716,714,5,546
721,723,5,541
723,725,5,540
723,723,5,541
721,725,5,540
721,718,5,544
721,718,5,544
716,718,5,544
718,720,5,543
718,721,5,542
718,720,5,543
718,721,5,542
720,721,5,542
720,725,5,540
721,727,5,539
721,727,5,538
721,727,5,539
718,727,5,539
718,725,5,540
718,725,5,540
718,727,5,539
720,727,5,539
721,727,5,538
718,721,5,542
712,718,5,544
711,718,5,544
709,716,5,545
712,716,5,545
718,721,5,542
721,723,5,541
720,723,5,541
718,723,5,541
720,723,5,541
723,723,5,541
718,718,5,544
712,714,5,547
709,714,5,546
716,723,5,541
716,723,5,541
718,721,5,542
718,721,5,542
714,720,5,543
712,721,5,542
725,729,5,537
718,723,5,541
725,729,5,537
725,729,5,537
727,729,5,537
727,729,5,537
721,723,5,541
720,723,5,541
725,702,1,555
725,702,1,555
723,702,1,555
725,702,1,554
720,720,5,543
721,727,5,539
723,725,5,540
721,721,5,542
716,720,5,543
714,720,5,543
718,721,5,542
720,725,5,540
721,727,5,539
721,727,5,539
723,727,5,539
714,720,5,543
712,725,5,540
712,727,5,538
716,727,5,538
718,732,5,535
718,732,5,535
718,732,5,535
718,732,5,535
720,736,5,533
718,734,5,534
716,732,5,535
718,732,5,535
720,732,5,535
720,734,5,534
721,732,5,535
716,732,5,535
716,732,5,535
725,739,5,531
725,732,5,535
725,729,5,537
725,730,5,536
716,721,5,542
716,721,5,542
714,721,5,542
714,721,5,542
714,721,5,542
712,721,5,542
712,720,5,543
707,718,5,544
709,716,5,545
718,727,5,539
725,729,5,537
716,720,5,543
712,721,5,542
716,721,5,542
720,723,5,541
725,727,5,539
716,720,5,543
712,720,5,543
716,727,5,539
714,725,5,540
712,723,5,541
732,714,1,547
730,714,1,547
730,714,1,547
730,712,1,548
707,689,5,562
718,720,5,543
723,727,5,538
723,721,5,542
727,709,1,550
727,705,1,552
725,705,1,552
725,705,1,552
723,707,1,551
721,705,1,552
716,723,5,541
721,729,5,537
725,734,5,534
727,736,5,533
721,727,5,538
723,729,5,537
718,725,5,540
712,721,5,542
712,727,5,538
714,729,5,537
718,732,5,535
718,734,5,534
720,734,5,534
716,734,5,534
712,729,5,537
720,734,5,534
727,739,5,531
718,727,5,538
714,727,5,539
714,727,5,539
712,727,5,539
716,727,5,539
712,727,5,539
712,723,5,541
718,729,5,537
723,734,5,534
718,732,5,535
712,727,5,538
712,727,5,539
716,727,5,538
716,727,5,538
716,741,5,529
720,736,5,533
727,734,5,534
725,729,5,537
725,727,5,538
723,727,5,539
721,727,5,539
721,727,5,539
725,727,5,538
718,720,5,543
714,720,5,543
711,718,5,544
712,723,5,541
718,727,5,539
720,730,5,536
720,729,5,537
718,727,5,538
716,727,5,539
721,727,5,538
725,727,5,538
712,714,5,546
711,714,5,546
718,720,5,543
721,723,5,541
720,721,5,542
720,720,5,543
725,727,5,539
721,721,5,542
721,721,5,542
718,723,5,541
721,723,5,541
723,727,5,539
718,723,5,541
718,725,5,540
718,725,5,540
718,727,5,539
718,725,5,540
721,727,5,539
716,721,5,542
711,716,5,545
716,727,5,539
716,727,5,539
716,727,5,539
718,727,5,539
716,723,5,541
712,718,5,544
721,727,5,539
727,729,5,537
716,721,5,542
721,727,5,538
723,727,5,538
721,727,5,538
723,727,5,538
723,727,5,538
725,727,5,538
725,729,5,537
723,729,5,537
725,729,5,537
723,727,5,539
721,721,5,542
721,721,5,542
720,720,5,543
721,720,5,543
712,714,5,546
714,721,5,542
716,723,5,541
720,723,5,541
725,698,1,557
725,696,5,558
720,720,5,543
721,725,5,540
720,718,5,544
720,718,5,544
725,702,1,554
723,698,1,557
725,696,1,558
725,696,1,558
723,698,1,557
725,698,1,557
714,716,5,545
721,727,5,538
721,721,5,542
720,727,5,539
721,730,5,536
721,729,5,537
718,725,5,540
721,727,5,539
723,727,5,538
716,721,5,542
711,718,5,544
721,732,5,535
721,727,5,539
711,721,5,542
711,723,5,541
712,723,5,541
712,727,5,539
714,723,5,541
711,723,5,541
709,721,5,542
711,723,5,541
712,723,5,541
712,727,5,539
712,725,5,540
716,727,5,538
712,727,5,539
711,723,5,541
709,723,5,541
716,729,5,537
727,736,5,533
716,723,5,541
718,727,5,538
718,727,5,538
721,729,5,537
721,727,5,538
721,730,5,536
725,732,5,535
716,720,5,543
716,723,5,541
718,727,5,539
721,729,5,537
718,723,5,541
712,720,5,543
711,718,5,544
709,716,5,545
711,718,5,544
709,718,5,544
712,716,5,545
714,721,5,542
721,727,5,539
721,725,5,540
712,718,5,544
709,714,5,546
714,721,5,542
721,725,5,540
718,720,5,543
712,720,5,543
714,718,5,544
718,720,5,543
718,721,5,542
718,723,5,541
721,725,5,540
721,727,5,539
721,727,5,539
720,720,5,543
716,716,5,545
716,716,5,545
716,716,5,545
716,716,5,545
718,718,5,544
718,718,5,544
718,720,5,543
720,720,5,543
720,720,5,543
720,718,5,544
718,718,5,544
718,720,5,543
720,721,5,542
716,720,5,543
718,718,5,544
718,720,5,543
721,720,5,543
721,718,5,544
718,714,5,546
716,714,5,547
716,714,5,547
718,714,5,546
720,714,5,546
718,714,5,546
718,714,5,547
714,712,5,548
718,712,5,548
718,714,5,547
720,714,5,546
721,714,5,547
718,714,5,547
723,721,5,542
716,714,5,547
720,721,5,542
718,723,5,541
721,727,5,539
721,727,5,539
721,727,5,539
721,723,5,541
721,723,5,541
720,723,5,541
721,721,5,542
709,711,5,549
718,718,5,544
720,720,5,543
716,718,5,544
716,716,5,545
714,718,5,544
718,718,5,544
716,720,5,543
718,718,5,544
716,718,5,544
720,720,5,543
721,720,5,543
712,714,5,546
721,727,5,538
720,718,5,544
712,712,5,548
721,727,5,539
723,720,5,543
712,711,5,549
709,709,5,550
711,714,5,546
714,718,5,544
712,718,5,544
711,716,5,545
712,716,5,545
716,720,5,543
723,723,5,541
721,720,5,543
721,716,5,545
718,716,5,545
716,714,5,547
718,718,5,544
721,723,5,541
718,709,5,550
721,721,5,542
721,721,5,542
716,727,5,538
716,725,5,540
720,727,5,538
721,725,5,540
723,727,5,538
721,723,5,541
720,723,5,541
718,727,5,539
721,727,5,539
721,723,5,541
721,727,5,539
720,727,5,538
720,725,5,540
723,725,5,540
723,727,5,539
718,714,5,546
720,714,5,546
718,714,5,547
684,646,1,590
682,669,5,575
687,675,5,571
685,675,5,572
685,678,5,569
687,678,5,569
689,678,5,569
689,680,5,568
689,682,5,567
691,682,5,567
689,684,5,566
689,685,5,565
691,687,5,564
691,687,5,563
689,687,5,563
694,691,5,561
696,691,5,561
696,693,5,560
696,694,5,559
696,694,5,559
698,696,5,558
698,698,5,557
698,698,5,557
700,700,5,556
698,702,5,555
698,702,5,555
698,702,5,554
698,702,5,554
702,702,5,554
698,702,5,554
700,702,5,554
702,702,5,554
702,702,5,554
702,702,5,554
703,702,5,554
705,702,5,554
703,702,5,554
703,702,5,554
705,702,5,554
707,703,5,553
707,703,5,553
707,703,5,553
703,702,5,554
707,702,5,554
707,702,5,554
703,703,5,553
707,702,5,554
709,702,5,554
707,702,5,554
703,702,5,554
707,702,5,554
707,702,5,555
707,702,5,555
707,702,5,555
691,648,1,589
684,653,5,585
696,687,5,563
691,675,5,571
689,673,5,573
691,671,1,574
689,671,5,574
691,675,5,571
685,675,5,571
689,676,5,570
689,676,5,570
691,678,5,569
691,678,5,569
689,682,5,567
691,682,5,567
691,685,5,565
693,685,5,565
691,687,5,564
694,687,5,564
691,687,5,564
694,687,5,563
694,687,5,563
693,689,5,562
698,693,5,560
696,693,5,560
696,694,5,559
696,694,5,559
696,696,5,558
698,696,5,558
698,700,5,556
698,700,5,556
698,702,5,555
700,702,5,554
700,703,5,553
702,703,5,553
702,707,5,551
703,707,5,551
703,709,5,550
702,709,5,550
703,709,5,550
703,709,5,550
703,709,5,550
703,709,5,550
707,707,5,551
709,707,5,551
707,707,5,551
709,707,5,551
707,709,5,550
709,707,5,551
707,709,5,550
705,709,5,550
711,709,5,550
709,709,5,550
709,709,5,550
707,709,5,550
709,709,5,550
709,707,5,551
709,707,5,551
709,707,5,551
709,705,5,552
707,705,5,552
709,705,5,552
707,703,5,553
705,703,5,553
685,658,5,582
687,675,5,572
691,678,5,569
691,678,5,569
696,678,1,569
694,669,1,575
693,676,5,570
691,682,5,567
694,684,5,566
723,747,5,526
725,747,5,526
725,747,5,526
725,748,5,525
725,745,5,527
718,738,5,532
727,747,5,526
730,747,5,526
732,747,5,526
734,743,5,528
732,743,5,528
732,747,5,526
734,745,5,527
734,743,5,528
736,743,5,528
734,741,5,529
734,741,5,530
734,741,5,530
736,741,5,530
734,739,5,531
734,739,5,531
734,736,5,533
734,738,5,532
732,734,5,534
730,734,5,534
730,732,5,535
712,604,69,616
716,640,1,593
716,694,1,559
714,720,1,543
716,739,1,531
716,752,1,523
716,759,1,518
712,768,1,513
718,696,1,558
716,714,1,547
716,725,1,540
716,732,1,535
716,741,1,530
718,745,1,527
712,612,69,611
712,622,1,605
718,691,1,561
718,720,1,543
718,736,1,533
716,748,1,525
718,757,1,519
707,608,69,614
716,684,1,566
718,723,1,541
707,606,69,615
718,680,1,568
714,624,69,603
711,621,1,606
718,703,1,553
714,624,69,604
707,606,69,615
718,687,1,564
709,617,1,608
718,687,69,563
712,640,1,593
718,691,69,561
714,653,1,585
712,617,69,608
718,673,1,573
716,727,1,538
718,736,1,533
718,741,1,529
716,718,1,544
716,727,1,538
718,685,1,565
718,702,1,554
718,714,1,546
712,626,69,602
716,648,1,589
718,694,1,559
711,603,69,617
714,657,1,583
718,696,1,558
716,714,1,547
716,676,69,570
711,622,1,605
716,682,1,567
712,622,69,605
718,662,1,579
716,703,1,553
714,723,1,541
718,739,1,531
709,610,69,613
711,624,69,603
714,673,1,573
718,716,69,545
716,651,1,586
712,622,69,605
716,660,1,581
716,631,69,599
707,608,69,614
716,646,69,590
714,639,1,594
707,610,69,613
716,658,69,582
718,671,69,574
716,664,1,578
712,640,1,593
709,617,1,608
718,705,1,552
716,657,1,583
711,624,1,603
709,608,69,614
711,619,69,607
718,673,1,573
712,635,1,597
707,606,1,615
718,698,1,557
718,727,1,539
712,631,1,599
707,610,1,613
709,606,69,615
718,693,1,560
718,721,1,542
714,640,1,593
707,597,1,621
718,653,69,585
718,689,1,562
712,633,1,598
716,694,1,559
718,720,1,543
709,747,1,526
718,711,1,549
714,734,1,534
716,671,1,574
716,727,1,539
714,639,69,594
714,666,1,577
718,729,1,537
712,626,1,602
718,714,1,546
716,653,69,585
712,635,1,597
718,662,69,579
712,729,1,537
716,738,1,532
716,741,1,529
716,743,1,528
714,741,1,529
716,748,1,525
718,748,1,525
718,745,1,527
707,631,1,599
709,691,1,561
714,716,1,545
712,727,1,538
718,736,1,533
716,745,1,527
714,747,1,526
716,750,1,524
716,754,1,522
712,644,69,591
711,640,1,593
718,707,1,551
709,624,1,603
716,698,1,557
718,727,1,538
707,608,69,614
709,613,1,610
716,693,1,560
705,613,1,610
707,612,1,611
718,698,1,557
712,639,1,594
709,621,69,606
716,678,1,569
709,612,69,611
707,606,1,615
716,696,1,558
712,635,69,597
711,624,1,603
711,606,69,615
711,604,69,616
711,604,69,616
709,603,69,617
709,603,69,617
709,599,69,619
712,601,69,618
711,601,69,618
709,599,69,619
711,599,69,619
711,601,69,618
709,599,69,620
709,597,69,621
709,597,69,621
709,597,69,621
714,653,1,585
712,700,1,556
718,716,1,545
709,626,69,602
716,657,1,583
716,702,1,555
716,720,1,543
716,732,1,535
718,738,1,532
707,610,69,613
712,671,1,574
714,739,1,531
718,741,1,530
709,626,1,602
718,702,1,555
707,601,69,618
716,682,1,567
707,608,1,614
718,693,1,560
714,653,1,585
718,712,1,548
716,732,1,535
716,739,1,531
718,754,1,521
716,763,1,516
718,768,1,513
712,660,1,581
716,703,1,553
714,673,1,573
718,639,1,594
707,595,69,622
709,597,69,621
707,595,69,622
709,597,69,621
707,597,69,621
709,597,69,621
707,597,69,621
707,599,69,620
709,601,69,618
709,601,69,618
711,603,69,617
709,599,69,619
711,599,69,619
712,603,69,617
709,603,69,617
709,601,69,618
709,601,69,618
711,604,69,616
712,606,69,615
709,603,69,617
707,604,69,616
707,603,69,617
709,603,69,617
709,603,69,617
707,599,69,620
718,626,69,602
709,599,69,620
709,595,69,622
709,595,69,622
709,597,69,621
707,599,69,620
711,599,69,619
711,599,69,619
709,599,69,619
709,601,69,618
711,601,69,618
709,601,69,618
707,599,69,619
711,599,69,619
712,603,69,617
712,601,69,618
711,601,69,618
712,603,69,617
712,601,69,618
712,599,69,619
709,599,69,620
711,599,69,619
707,595,69,622
718,649,1,587
712,601,69,618
709,599,69,620
709,597,69,621
709,597,69,621
709,595,69,622
