732,500,69,681
730,646,1,590
730,496,69,683
739,628,69,601
725,538,1,658
734,498,69,682
732,671,1,574
727,489,69,688
738,513,69,673
730,666,1,577
725,511,1,674
732,482,69,692
739,541,69,656
730,660,1,581
727,471,69,698
734,484,69,691
738,720,1,543
727,612,1,612
727,491,69,686
738,511,69,674
734,687,1,564
727,498,69,682
736,509,69,675
729,621,1,606
732,682,1,567
730,507,69,677
734,689,1,562
732,675,1,571
730,523,69,667
738,712,1,548
729,523,69,667
732,676,1,570
730,527,69,664
734,694,1,559
729,523,69,667
739,583,69,630
752,756,1,520
761,770,1,511
766,777,1,507
770,783,1,504
775,784,1,502
779,790,1,499
783,793,1,497
784,797,1,495
788,801,1,493
792,801,1,492
795,802,1,491
797,804,1,490
799,806,1,489
784,592,1,624
795,793,1,497
793,572,69,636
792,784,1,502
799,802,1,491
784,694,1,559
797,799,1,494
786,550,1,650
793,792,1,498
797,581,69,631
793,786,1,501
788,547,69,652
795,797,1,495
799,714,69,547
790,779,1,506
736,489,69,688
739,612,69,611
730,660,1,581
725,540,1,657
730,468,69,700
738,484,69,691
736,714,1,546
729,658,1,582
725,498,1,682
730,466,69,702
739,507,69,677
736,723,1,541
729,657,1,583
725,541,1,656
727,468,69,701
734,478,69,694
739,729,69,537
730,664,1,578
725,478,1,694
734,473,69,697
739,682,69,567
730,669,1,575
725,511,1,674
730,462,69,704
736,475,69,696
739,554,69,648
736,709,1,550
727,635,1,597
725,480,1,693
730,455,69,708
738,489,69,688
736,714,1,546
727,644,1,591
723,514,1,672
730,450,69,711
739,684,69,566
732,702,1,555
725,590,1,625
729,442,69,715
738,734,1,534
730,698,1,557
727,475,69,696
736,489,69,688
729,626,1,602
730,482,69,692
734,694,1,559
730,480,69,693
730,664,1,578
730,484,69,691
736,705,1,552
727,480,69,693
736,496,69,683
727,516,1,671
734,495,69,684
725,531,1,662
736,493,69,685
727,486,69,690
738,720,1,543
727,486,69,690
739,520,69,669
727,487,1,689
736,491,69,686
732,687,1,564
729,478,69,694
739,559,69,644
727,603,1,617
730,475,69,696
739,601,69,618
727,610,1,613
730,471,69,698
739,639,69,594
730,675,1,572
727,460,69,705
736,477,69,695
734,464,69,703
734,703,1,553
725,547,1,652
732,473,69,697
736,727,1,539
725,597,1,621
730,475,69,696
739,729,69,537
727,646,1,590
729,482,69,692
739,664,69,578
729,651,1,586
729,482,69,692
739,649,69,588
727,626,1,602
730,491,69,686
739,682,69,567
738,709,1,550
730,655,69,584
732,676,69,570
736,689,69,562
738,696,69,558
741,702,69,554
743,702,69,555
745,700,69,556
747,702,69,555
748,703,69,553
752,705,69,552
752,707,69,551
754,714,69,547
757,716,69,545
756,714,69,546
757,714,69,546
757,714,69,547
757,714,69,546
761,716,69,545
761,714,69,546
763,716,69,545
763,714,69,547
761,711,69,549
761,711,69,549
759,711,69,549
759,711,69,549
757,711,69,549
757,711,69,549
757,705,69,552
757,702,69,554
756,702,69,554
756,702,69,555
757,702,69,555
754,702,69,555
754,700,69,556
752,696,69,558
752,694,69,559
752,694,69,559
750,694,69,559
748,691,69,561
748,689,69,562
752,689,69,562
752,689,69,562
750,689,69,562
743,567,69,640
775,637,69,596
781,640,69,593
781,639,69,594
784,637,69,595
786,637,69,595
799,801,1,492
774,471,69,698
745,451,69,710
730,444,69,714
727,599,69,619
734,664,69,578
738,675,69,571
739,676,69,570
741,680,69,568
743,678,69,569
743,678,69,569
743,678,69,569
743,678,69,569
743,680,69,568
743,682,69,567
745,685,69,565
745,687,69,564
748,689,69,562
748,691,69,561
748,691,69,561
748,687,69,563
750,693,69,560
752,700,69,556
754,702,69,554
754,705,69,552
768,714,69,547
770,711,69,549
766,707,69,551
766,703,69,553
765,702,69,554
763,700,69,556
736,649,69,587
730,653,69,585
730,655,69,584
732,658,69,582
730,660,69,581
729,662,69,580
727,667,69,576
730,671,69,574
730,673,69,573
734,680,69,568
736,684,69,566
738,678,69,569
739,684,69,566
743,689,69,562
745,693,69,560
747,700,69,556
750,705,69,552
772,711,69,549
770,711,69,549
768,709,69,550
766,709,69,550
765,707,69,551
763,705,69,552
770,711,69,549
770,709,69,550
770,707,69,551
768,702,69,554
766,700,69,556
765,696,69,558
763,694,69,559
763,689,69,562
761,687,69,563
757,685,69,565
756,684,69,566
752,682,69,567
748,676,69,570
745,675,69,571
745,675,69,572
793,801,1,492
781,489,69,687
756,597,69,621
757,675,69,572
757,684,69,566
757,685,69,565
757,685,69,565
756,685,69,565
754,684,69,566
754,684,69,566
752,685,69,565
752,685,69,565
752,685,69,565
752,687,69,564
752,685,69,565
750,685,69,565
750,687,69,564
752,691,69,561
752,696,69,558
752,698,69,557
752,700,69,556
754,702,69,555
754,702,69,554
754,705,69,552
756,707,69,551
757,703,69,553
757,707,69,551
761,709,69,550
761,703,69,553
761,702,69,554
763,702,69,555
763,700,69,556
763,698,69,557
761,694,69,559
759,691,69,561
759,691,69,561
759,694,69,559
759,693,69,560
757,691,69,561
757,689,69,562
756,689,69,562
756,689,69,562
754,689,69,562
754,687,69,563
754,687,69,564
754,687,69,564
752,684,69,566
752,682,69,567
748,682,69,567
752,680,69,568
748,678,69,569
748,678,69,569
747,676,69,570
745,676,69,570
745,678,69,569
745,678,69,569
741,653,69,585
736,662,69,580
736,666,69,577
736,667,69,576
736,671,69,574
736,675,69,572
736,678,69,569
739,682,69,567
741,687,69,564
745,691,69,561
747,696,69,558
750,700,69,556
752,702,69,555
754,703,69,553
757,714,69,546
761,720,69,543
783,711,69,549
781,709,69,550
779,703,69,553
779,702,69,554
775,698,69,557
772,698,69,557
770,694,69,559
770,694,69,559
766,691,69,561
766,691,69,561
763,687,69,563
763,685,69,565
761,685,69,565
761,684,69,566
761,680,69,568
757,678,69,569
727,653,5,585
727,651,5,586
727,651,5,586
727,649,5,588
725,649,5,588
748,666,69,577
732,649,69,588
732,655,69,584
734,660,69,581
732,666,69,577
732,669,69,575
734,671,69,574
734,671,69,574
734,675,69,571
736,682,69,567
741,689,69,562
743,694,69,559
748,702,69,554
748,703,69,553
754,707,69,551
757,707,69,551
757,714,69,546
788,709,69,550
784,702,69,554
783,696,69,558
779,691,69,561
774,687,69,563
772,685,69,565
768,682,69,567
766,682,69,567
763,678,69,569
743,608,69,614
739,612,69,612
743,612,69,611
745,608,69,614
745,612,69,611
750,615,69,609
752,590,69,625
754,597,69,621
754,595,69,622
752,594,69,623
748,597,69,621
748,599,69,619
748,599,69,620
745,601,69,618
745,601,69,618
747,601,69,618
752,604,69,616
752,603,69,617
752,606,69,615
752,610,69,613
754,606,69,615
752,608,69,614
752,613,69,610
752,615,69,609
752,610,69,613
754,612,69,611
754,613,69,610
752,610,69,613
750,612,69,612
752,612,69,611
752,606,69,615
752,612,69,612
756,613,69,610
741,599,69,619
739,599,69,620
741,597,69,621
739,595,69,622
738,594,69,623
736,592,69,624
752,585,69,629
750,586,69,627
747,585,69,628
747,599,69,620
745,601,69,618
745,603,69,617
727,576,69,634
752,603,69,617
732,586,69,627
730,585,69,628
730,581,69,631
729,576,69,634
727,574,69,635
727,572,69,636
739,572,69,637
745,599,69,619
811,817,69,483
804,817,69,483
802,815,69,484
799,811,69,486
802,815,69,484
808,815,69,484
811,815,69,484
811,813,69,485
811,811,69,486
811,810,69,487
811,810,69,487
813,810,69,487
811,810,69,487
813,810,69,487
811,810,69,487
811,808,69,488
811,808,69,488
811,804,69,490
811,804,69,490
811,804,69,490
811,804,69,490
811,804,69,490
811,802,69,491
811,801,69,492
811,801,69,493
811,801,69,493
811,799,69,494
811,797,69,495
811,797,69,495
811,795,69,496
811,799,69,494
811,797,69,495
847,864,69,454
833,858,69,457
829,853,69,461
824,851,69,462
822,846,69,465
819,846,69,465
819,838,69,469
817,840,69,468
815,837,69,470
813,837,69,470
811,838,69,469
811,833,69,473
811,831,69,474
811,824,69,478
811,826,69,477
810,824,69,478
811,822,69,479
810,819,69,481
811,817,69,482
811,817,69,483
810,815,69,484
810,815,69,484
810,815,69,484
810,815,69,484
810,811,69,486
808,811,69,486
810,811,69,486
