718,583,116,630
730,734,85,534
711,696,16,558
712,576,84,634
718,599,116,620
727,603,116,617
714,588,84,626
711,588,84,626
727,635,116,597
714,592,84,624
725,592,116,624
716,585,116,628
711,586,84,627
709,590,84,625
736,714,85,547
711,581,85,631
736,615,117,609
716,595,117,622
711,588,85,626
734,844,85,466
718,588,117,626
712,523,85,667
723,682,84,567
712,594,85,623
712,588,85,626
707,613,21,610
721,599,117,619
712,606,117,615
716,601,117,618
716,604,84,616
718,601,84,618
712,599,84,619
716,612,84,612
718,608,84,614
718,612,84,611
716,613,84,610
716,612,84,612
718,612,84,611
718,612,84,611
716,613,84,610
712,606,84,615
716,613,85,610
718,612,85,611
720,622,85,605
718,606,117,615
714,604,117,616
709,597,85,621
741,624,117,603
712,590,85,625
734,639,116,594
709,675,21,572
712,572,84,636
711,572,84,637
721,604,84,616
712,585,84,629
721,610,84,613
709,585,84,629
716,511,84,674
709,496,84,683
705,516,16,671
714,559,117,644
712,552,85,649
707,709,21,550
714,761,21,517
729,635,85,597
711,673,16,573
721,628,84,601
718,617,84,608
709,586,84,627
721,633,85,598
712,655,16,584
709,612,85,612
723,667,85,576
712,615,84,609
718,698,16,557
716,660,21,581
709,586,85,627
718,725,16,540
716,725,16,540
720,732,16,535
720,727,16,538
720,734,16,534
721,703,84,553
727,666,116,577
718,723,16,541
718,725,16,540
725,774,85,509
727,799,85,494
716,763,21,516
725,734,85,534
718,694,16,559
711,687,16,564
709,676,16,570
703,662,16,579
716,617,117,608
707,608,21,614
707,727,21,539
712,763,21,516
712,754,21,522
716,772,21,510
721,788,21,500
730,763,85,516
729,799,85,494
712,712,16,548
725,804,21,490
718,732,16,535
714,723,16,541
720,739,16,531
721,702,84,555
721,664,84,578
716,637,84,595
707,662,16,580
709,662,16,579
707,635,16,597
712,613,84,610
721,633,84,598
720,702,16,554
712,687,16,563
707,662,16,580
709,621,85,606
716,624,117,603
723,646,117,590
723,750,85,524
711,700,21,556
709,622,85,605
718,628,117,601
727,648,117,589
730,682,117,567
716,730,21,536
709,613,84,610
709,622,84,605
712,619,84,607
714,631,84,599
712,630,84,600
709,621,84,606
707,648,16,589
709,662,21,580
714,624,84,604
720,689,16,562
709,624,84,604
721,658,84,582
712,685,16,565
711,626,84,602
720,646,84,590
707,662,16,579
716,631,84,599
709,664,16,578
716,630,84,600
709,655,16,584
716,628,84,601
718,703,16,553
709,624,84,603
723,642,117,592
711,626,85,602
725,693,85,560
712,628,85,601
723,696,85,558
711,624,85,604
723,675,85,572
707,624,21,603
712,626,84,602
721,648,84,589
720,709,16,550
712,678,16,569
709,664,16,578
707,662,16,580
709,612,84,611
718,631,84,599
721,644,85,591
721,702,85,554
716,694,21,559
716,693,21,560
709,680,21,568
707,662,21,579
707,608,21,614
718,630,85,600
723,651,85,586
721,709,84,550
714,702,21,554
709,671,16,574
712,622,84,605
718,630,84,600
721,680,84,568
714,693,16,560
707,662,16,580
709,621,84,606
720,637,84,596
716,712,16,548
709,669,16,575
712,624,84,604
718,649,84,587
721,689,84,562
718,727,21,539
723,658,85,582
711,696,21,558
709,619,85,607
707,666,16,577
709,658,16,582
712,675,16,571
707,635,16,597
716,626,84,602
721,646,84,590
721,687,84,564
709,667,16,576
712,628,84,601
721,637,84,596
721,705,84,552
711,684,16,566
721,635,116,597
709,621,84,606
723,664,84,578
714,700,16,556
709,648,21,589
712,624,85,603
718,639,85,594
725,671,85,574
714,703,21,553
716,702,16,555
712,626,85,602
721,648,85,589
718,703,16,553
716,696,16,558
707,619,16,607
716,633,84,598
721,646,84,590
709,666,16,577
709,624,16,603
716,630,84,600
721,657,84,583
718,707,16,551
709,678,16,569
709,622,84,605
736,720,16,543
725,613,16,610
736,720,16,543
730,621,84,606
738,711,16,549
734,642,84,592
738,734,16,534
734,716,16,545
730,685,21,565
727,669,21,575
730,624,84,604
738,649,84,588
736,698,16,557
729,684,16,566
725,680,16,568
730,644,84,591
739,667,84,576
756,732,16,535
730,673,16,573
727,682,21,567
734,635,85,597
738,700,85,556
732,694,21,559
727,675,21,572
732,649,85,587
734,653,84,585
739,687,84,563
721,667,16,576
739,676,84,570
747,675,85,571
745,646,85,590
752,680,84,568
743,693,16,560
750,721,84,542
739,691,17,561
738,687,17,564
736,646,17,590
754,666,117,577
748,666,117,577
748,671,117,574
752,675,117,571
754,680,117,568
757,711,117,549
752,696,116,558
739,694,116,559
736,691,116,561
734,687,116,564
732,684,116,566
730,678,116,569
732,673,116,573
734,667,116,576
730,664,117,578
730,660,117,581
727,658,117,582
730,640,84,593
730,702,84,554
725,685,16,565
718,662,16,580
725,628,116,601
730,718,84,544
718,633,84,598
720,642,84,592
725,648,85,589
730,687,85,563
723,646,85,590
718,648,85,589
720,651,85,586
718,689,17,562
727,662,85,579
721,653,85,585
723,649,85,587
720,648,85,589
725,657,84,583
725,658,84,582
734,680,85,568
745,666,117,577
732,657,116,583
739,660,116,581
745,664,116,578
745,669,116,575
734,664,116,578
729,667,116,576
730,667,116,576
727,666,116,577
727,667,117,576
725,666,117,577
725,667,85,576
725,671,85,574
725,669,85,575
723,671,85,574
723,673,85,573
732,671,85,574
734,675,117,571
739,675,117,571
738,669,117,575
738,673,116,573
738,675,116,572
736,673,116,573
736,667,116,576
723,667,116,576
721,671,84,574
727,673,84,573
727,664,84,578
730,671,84,574
734,694,84,559
730,725,84,540
730,729,84,537
761,743,16,528
723,624,116,603
729,649,84,587
730,675,84,572
729,698,16,557
725,691,16,561
720,680,16,568
718,680,16,568
725,646,85,590
730,676,85,570
727,702,17,554
718,644,85,591
725,658,85,582
718,660,17,581
725,655,85,584
730,738,85,532
721,655,84,584
729,721,16,542
725,662,84,579
718,662,84,580
732,716,84,545
718,666,84,577
727,680,84,568
718,664,84,578
727,682,84,567
720,667,84,576
730,748,84,525
718,669,84,575
729,687,85,564
718,667,85,576
727,671,117,574
718,673,85,573
723,671,85,574
727,671,85,574
734,687,117,564
721,666,85,577
725,667,84,576
720,666,84,577
721,669,84,575
720,667,84,576
718,666,84,577
734,703,84,553
727,671,84,574
732,671,84,574
725,696,16,558
721,660,85,581
730,687,84,564
721,671,84,574
720,675,84,571
725,675,84,571
725,675,84,571
727,675,84,571
727,678,84,569
727,678,84,569
725,673,85,573
725,666,85,577
727,669,84,575
725,669,84,575
721,655,85,584
718,662,85,579
725,729,16,537
721,671,84,574
725,676,84,570
721,675,84,572
725,675,116,572
720,671,84,574
723,669,84,575
725,671,85,574
730,669,85,575
721,671,16,574
720,669,17,575
721,628,85,601
730,649,85,588
730,712,85,548
718,639,85,594
727,649,85,587
725,649,84,588
727,651,84,586
723,649,84,587
729,718,16,544
727,657,84,583
723,655,84,584
723,660,84,581
721,658,84,582
730,730,84,536
729,667,85,576
725,662,85,579
725,662,85,580
727,662,85,579
727,662,85,580
725,664,85,578
725,675,85,572
729,669,85,575
730,676,85,570
734,676,85,570
730,675,84,571
729,666,84,577
734,687,84,564
756,702,116,555
757,689,116,562
734,684,116,566
729,682,116,567
725,676,116,570
725,675,116,571
723,675,84,572
721,671,85,574
721,673,85,573
721,676,85,570
736,675,117,571
730,657,117,583
750,657,116,583
741,648,116,589
734,642,116,592
734,642,116,592
730,642,116,592
730,649,116,588
730,651,116,586
730,651,116,586
734,658,116,582
734,662,117,580
736,662,117,579
734,667,117,576
734,669,117,575
738,673,117,573
739,675,117,572
734,678,116,569
725,678,116,569
721,675,84,571
727,682,84,567
727,667,84,576
725,676,84,570
725,675,84,572
727,671,84,574
721,676,84,570
727,684,84,566
727,685,84,565
727,687,84,563
730,685,84,565
727,684,84,566
727,675,85,572
727,682,85,567
727,684,85,566
730,687,85,564
730,685,85,565
730,691,85,561
730,689,85,562
730,691,85,561
736,694,116,559
734,691,116,561
736,693,116,560
734,691,116,561
736,689,116,562
738,689,116,562
736,685,116,565
743,687,116,563
739,687,116,564
743,687,116,564
745,684,116,566
743,682,116,567
741,682,117,567
743,678,117,569
725,640,116,593
734,685,84,565
720,678,16,569
721,640,84,593
732,689,84,562
729,702,84,555
718,684,16,566
716,662,16,580
718,651,85,586
734,651,117,586
725,698,17,557
721,649,85,587
727,709,17,550
723,653,85,585
720,649,85,587
727,662,85,579
738,684,117,566
725,714,17,546
730,667,116,576
727,667,84,576
729,667,84,576
730,669,84,575
730,673,84,573
734,671,116,574
734,671,116,574
734,675,116,571
734,673,116,573
736,675,116,571
734,676,117,570
734,667,117,576
734,671,117,574
727,671,117,574
730,671,117,574
730,671,117,574
730,673,117,573
732,673,117,573
727,671,117,574
730,664,117,578
729,667,117,576
734,673,117,573
734,673,116,573
734,673,116,573
730,669,116,575
729,669,116,575
725,669,116,575
725,662,116,580
810,885,116,441
752,664,116,578
734,662,116,580
738,664,116,578
745,666,116,577
743,667,116,576
747,673,116,573
748,673,117,573
743,671,117,574
747,676,117,570
745,676,117,570
745,678,117,569
739,676,117,570
734,675,116,571
738,678,117,569
738,680,116,568
739,685,116,565
739,678,116,569
736,675,116,571
738,684,116,566
738,685,116,565
739,684,116,566
739,680,116,568
741,687,116,563
741,687,116,563
741,687,116,564
741,687,116,563
743,687,117,563
739,685,117,565
741,685,117,565
739,684,117,566
739,684,117,566
734,680,117,568
736,678,117,569
734,676,117,570
736,682,117,567
736,678,117,569
736,676,117,570
736,676,116,570
734,675,116,571
734,673,116,573
734,675,116,572
729,671,116,574
730,669,116,575
723,664,84,578
721,622,84,605
721,675,16,572
721,635,84,597
734,664,85,578
718,633,85,598
734,642,117,592
729,644,117,591
730,649,117,587
725,649,117,588
730,702,16,555
725,657,116,583
720,658,84,582
727,712,16,548
730,669,116,575
727,666,116,577
725,675,116,572
738,682,116,567
741,682,116,567
743,685,116,565
741,682,116,567
741,680,116,568
739,682,116,567
741,687,116,564
741,687,116,564
741,685,117,565
743,687,117,563
741,693,117,560
741,696,117,558
741,694,117,559
745,696,117,558
745,698,117,557
747,707,117,551
745,700,116,556
743,703,116,553
743,702,116,554
741,703,116,553
743,702,116,555
739,702,116,554
739,703,116,553
741,702,116,555
743,700,116,556
748,707,116,551
739,705,116,552
752,702,116,554
754,703,117,553
754,698,117,557
756,700,117,556
754,696,117,558
754,698,117,557
754,700,117,556
756,698,116,557
754,702,116,554
754,702,116,555
754,694,116,559
748,687,116,563
747,687,116,564
745,678,116,569
741,676,116,570
739,675,116,572
736,671,116,574
734,696,84,558
734,678,85,569
734,662,85,580
732,702,85,554
727,687,17,563
721,639,84,594
