739,437,69,719
736,576,1,634
730,563,1,642
788,606,69,615
788,612,69,611
783,610,69,613
783,604,69,616
777,604,69,616
851,468,69,700
829,466,69,702
811,460,69,705
799,459,69,706
786,453,69,709
779,453,69,709
774,450,69,711
766,448,69,712
763,441,69,716
759,446,69,713
754,439,69,717
754,442,69,715
750,446,69,713
747,442,69,715
743,441,69,716
739,437,69,719
739,439,69,717
750,442,69,715
734,435,69,720
736,437,69,719
730,428,69,724
738,572,1,636
727,554,1,648
855,500,69,681
847,500,69,681
837,495,69,684
842,500,69,681
846,504,69,679
855,507,69,677
846,502,69,680
844,498,69,682
829,498,69,682
826,495,69,684
838,495,69,684
833,487,69,689
842,489,69,687
829,486,69,690
824,489,69,687
824,484,69,691
815,473,69,697
808,469,69,699
817,471,69,698
730,426,69,725
739,529,1,663
730,430,69,723
739,435,69,720
729,419,1,729
732,426,69,725
739,516,69,671
741,590,69,625
734,547,1,652
741,484,69,691
901,491,69,686
887,489,69,687
874,489,69,687
860,482,69,692
851,484,69,691
851,484,69,691
853,486,69,690
847,486,69,690
847,489,69,687
847,489,69,687
851,489,69,687
846,489,69,687
847,489,69,688
842,489,69,687
829,482,69,692
826,480,69,693
831,484,69,691
842,486,69,690
820,477,69,695
817,480,69,693
815,473,69,697
817,471,69,698
804,468,69,700
806,468,69,700
799,464,69,703
793,460,69,705
797,457,69,707
788,448,69,712
783,442,69,715
757,419,69,729
757,417,69,730
833,482,69,692
828,484,69,691
822,478,69,694
820,480,69,693
817,482,69,692
815,478,69,694
811,482,69,692
808,484,69,691
808,486,69,690
806,482,69,692
806,480,69,693
801,480,69,693
806,487,69,689
806,486,69,690
806,482,69,692
810,489,69,687
806,489,69,688
806,487,69,689
806,486,69,690
801,478,69,694
793,471,69,698
793,468,69,700
793,468,69,700
781,450,69,711
781,455,69,708
950,516,69,671
927,511,69,674
934,509,69,675
925,505,69,678
916,504,69,679
900,491,69,686
880,486,69,690
862,477,69,695
842,477,69,695
829,468,69,701
820,471,69,698
813,469,69,699
810,468,69,701
804,471,69,698
801,469,69,699
797,469,69,699
797,477,69,695
795,477,69,695
793,478,69,694
790,477,69,695
788,477,69,695
788,468,69,701
784,473,69,697
788,477,69,695
788,473,69,697
790,477,69,695
786,471,69,698
788,473,69,697
784,471,69,698
788,475,69,696
784,471,69,698
784,469,69,699
784,468,69,701
779,466,69,702
777,464,69,703
777,459,69,706
765,448,69,712
761,442,69,715
759,439,69,717
752,426,69,725
979,527,69,664
988,532,69,661
995,536,69,659
1000,541,69,655
1002,541,69,656
1000,541,69,655
997,541,69,655
990,536,69,659
975,531,69,662
959,527,69,665
943,522,69,668
925,516,69,671
907,514,69,672
882,505,69,678
865,507,69,677
860,500,69,681
853,505,69,678
849,507,69,677
844,504,69,679
838,505,69,678
838,509,69,676
835,505,69,678
831,504,69,679
829,507,69,677
829,504,69,679
826,505,69,678
820,498,69,682
820,500,69,681
817,502,69,680
819,498,69,682
817,500,69,681
817,496,69,683
815,495,69,684
811,495,69,684
808,489,69,688
815,489,69,687
815,489,69,688
811,486,69,690
810,482,69,692
806,477,69,695
799,468,69,700
806,468,69,701
799,466,69,702
802,460,69,705
797,451,69,710
784,442,69,715
774,435,69,720
768,432,69,722
1029,565,69,641
1033,567,69,640
1033,567,69,640
1033,567,69,640
1033,565,69,641
1027,565,69,641
1013,558,69,645
999,552,69,649
979,543,69,654
961,540,69,657
946,532,69,661
930,523,69,667
909,518,69,670
900,516,69,671
892,516,69,671
883,516,69,671
887,518,69,670
889,520,69,669
889,518,69,670
892,520,69,669
885,516,69,671
871,520,69,669
862,514,69,672
853,522,69,668
851,513,69,673
855,511,69,674
851,513,69,673
847,513,69,673
847,509,69,676
840,509,69,676
853,513,69,673
847,507,69,677
849,507,69,677
853,504,69,679
847,500,69,681
847,496,69,683
840,493,69,685
842,489,69,687
829,484,69,691
824,478,69,694
815,469,69,699
813,468,69,701
804,460,69,705
799,455,69,708
804,450,69,711
797,442,69,715
775,453,69,709
775,455,69,708
770,439,69,718
765,446,69,713
772,453,69,709
766,450,69,711
770,457,69,707
766,453,69,709
768,453,69,709
772,455,69,708
765,448,69,712
763,444,69,714
763,448,69,712
761,441,69,716
754,439,69,718
981,532,69,661
950,518,69,670
934,513,69,673
914,505,69,678
892,504,69,679
878,502,69,680
865,500,69,681
856,491,69,686
847,496,69,683
855,491,69,686
864,491,69,686
858,496,69,683
853,505,69,678
856,504,69,679
851,495,69,684
847,496,69,683
851,507,69,677
851,495,69,684
847,496,69,683
842,489,69,687
840,486,69,690
840,478,69,694
837,491,69,686
831,473,69,697
826,478,69,694
820,473,69,697
813,466,69,702
811,464,69,703
804,453,69,709
799,464,69,703
795,466,69,702
790,451,69,710
783,446,69,713
777,437,69,719
768,432,69,722
763,428,69,724
757,424,69,726
770,423,69,727
995,556,69,647
981,549,69,651
941,538,69,658
923,532,69,661
901,527,69,664
885,527,69,665
876,511,69,674
874,511,69,674
871,516,69,671
862,511,69,674
853,514,69,672
851,513,69,673
844,514,69,672
844,511,69,674
840,511,69,674
831,507,69,677
833,509,69,675
835,514,69,672
826,507,69,677
826,505,69,678
826,509,69,676
826,505,69,678
817,489,69,688
811,480,69,693
808,486,69,690
802,489,69,687
799,468,69,700
795,469,69,699
799,471,69,698
795,464,69,703
788,459,69,706
781,444,69,714
774,441,69,716
1051,574,69,635
1040,570,69,638
1026,565,69,641
1009,558,69,645
991,549,69,651
973,543,69,654
955,540,69,657
937,532,69,661
923,527,69,664
903,525,69,666
889,525,69,666
878,513,69,673
873,514,69,672
860,500,69,681
856,500,69,681
847,487,69,689
844,500,69,681
835,486,69,690
831,487,69,689
829,500,69,681
831,504,69,679
833,505,69,678
829,480,69,693
820,471,69,698
820,477,69,695
817,482,69,692
815,484,69,691
808,464,69,703
801,462,69,704
806,480,69,693
806,469,69,699
801,460,69,705
799,457,69,707
797,460,69,705
790,451,69,710
784,444,69,714
783,439,69,717
923,493,69,685
909,489,69,687
885,487,69,689
865,478,69,694
846,471,69,698
829,468,69,700
820,468,69,701
813,466,69,702
811,471,69,698
808,464,69,703
804,469,69,699
802,468,69,700
799,469,69,699
799,477,69,695
797,473,69,697
792,459,69,706
793,459,69,706
793,455,69,708
793,457,69,707
790,446,69,713
784,439,69,718
775,435,69,720
763,423,69,727
766,442,69,715
772,453,69,709
777,459,69,706
781,457,69,707
777,455,69,708
777,448,69,712
775,451,69,710
774,437,69,719
765,433,69,721
761,424,69,726
963,516,69,671
909,500,69,681
892,491,69,686
874,486,69,690
856,487,69,689
844,480,69,693
835,482,69,692
829,484,69,691
828,486,69,690
1063,588,69,626
1063,592,69,624
1062,592,69,624
1063,592,69,624
1051,586,69,627
1040,583,69,630
1024,576,69,634
1011,570,69,638
991,568,69,639
975,558,69,645
955,556,69,647
937,550,69,650
927,547,69,652
921,543,69,654
923,549,69,651
916,540,69,657
905,541,69,656
898,541,69,655
892,545,69,653
898,543,69,654
894,541,69,655
882,540,69,657
889,540,69,657
887,543,69,654
871,536,69,659
874,536,69,659
871,532,69,661
865,532,69,661
860,527,69,664
860,525,69,666
862,527,69,664
856,523,69,667
856,511,69,674
844,513,69,673
838,509,69,675
838,504,69,679
838,500,69,681
835,498,69,682
829,493,69,685
826,487,69,689
824,482,69,692
817,473,69,697
815,468,69,700
810,464,69,703
802,459,69,706
846,468,69,700
829,468,69,700
819,464,69,703
811,460,69,705
806,462,69,704
801,462,69,704
797,459,69,706
793,462,69,704
790,460,69,705
788,464,69,703
784,466,69,702
781,464,69,703
777,460,69,705
779,468,69,701
777,464,69,703
774,460,69,705
775,464,69,703
775,462,69,704
770,460,69,705
774,462,69,704
772,457,69,707
766,457,69,707
765,451,69,710
765,453,69,709
763,448,69,712
761,448,69,712
757,442,69,715
754,439,69,718
752,439,69,718
752,433,69,721
745,424,69,726
741,415,69,731
734,408,69,735
729,406,69,736
784,428,69,724
797,442,69,715
806,446,69,713
790,446,69,713
784,442,69,715
779,444,69,714
770,442,69,715
766,442,69,715
766,442,69,715
763,446,69,713
757,450,69,711
757,451,69,710
759,450,69,711
759,457,69,707
757,450,69,711
759,455,69,708
766,457,69,707
765,455,69,708
763,460,69,705
763,459,69,706
763,459,69,706
761,459,69,706
761,460,69,705
761,457,69,707
763,457,69,707
761,457,69,707
763,453,69,709
763,457,69,707
761,455,69,708
763,453,69,709
761,450,69,711
752,441,69,716
754,435,69,720
743,424,69,726
745,430,69,723
736,414,69,732
988,531,69,662
1006,543,69,654
1018,554,69,648
1027,563,69,642
1033,561,69,643
1036,567,69,640
1042,570,69,638
1027,572,69,636
1015,563,69,642
995,558,69,645
975,552,69,649
961,550,69,650
946,543,69,654
932,541,69,655
921,541,69,655
910,541,69,656
900,541,69,655
894,540,69,657
889,540,69,657
885,541,69,656
883,541,69,656
874,541,69,656
874,545,69,653
873,543,69,654
871,541,69,656
865,538,69,658
865,540,69,657
871,550,69,650
865,529,69,663
860,538,69,658
860,541,69,656
855,540,69,657
860,531,69,662
862,529,69,663
860,527,69,665
860,527,69,665
853,527,69,665
858,523,69,667
853,516,69,671
851,511,69,674
853,509,69,675
858,509,69,675
855,507,69,677
851,500,69,681
842,491,69,686
831,484,69,691
833,480,69,693
817,469,69,699
811,468,69,701
806,462,69,704
799,457,69,707
795,457,69,707
1049,594,69,623
1033,585,69,629
1015,581,69,631
999,572,69,636
986,568,69,639
973,563,69,642
959,563,69,642
948,559,69,644
937,558,69,645
928,556,69,647
925,556,69,647
923,558,69,645
921,561,69,643
927,565,69,641
916,558,69,645
901,559,69,644
901,565,69,641
901,570,69,638
898,570,69,638
891,563,69,642
896,554,69,648
883,543,69,654
874,534,69,660
871,532,69,661
867,520,69,669
862,507,69,677
862,511,69,674
856,498,69,682
851,496,69,683
851,493,69,685
844,496,69,683
837,487,69,689
829,486,69,690
835,486,69,690
835,486,69,690
824,480,69,693
811,468,69,701
811,475,69,696
802,460,69,705
925,563,69,642
919,561,69,643
914,563,69,642
909,565,69,641
905,561,69,643
905,563,69,642
900,565,69,641
892,559,69,644
894,565,69,641
883,559,69,644
882,559,69,644
880,559,69,644
876,558,69,646
878,558,69,646
876,554,69,648
878,556,69,647
874,543,69,654
867,541,69,655
871,540,69,657
860,527,69,664
851,523,69,667
849,516,69,671
846,509,69,675
844,509,69,676
835,502,69,680
1067,585,69,628
1072,590,69,625
1071,597,69,621
1071,597,69,621
1069,604,69,616
1051,599,69,620
1022,583,69,630
1000,576,69,634
988,577,69,633
964,567,69,640
950,567,69,640
936,567,69,640
925,563,69,642
919,561,69,643
914,563,69,642
909,565,69,641
905,561,69,643
905,563,69,642
900,565,69,641
892,559,69,644
892,563,69,642
894,565,69,641
883,559,69,644
882,559,69,644
880,559,69,644
876,558,69,646
878,558,69,646
876,554,69,648
878,556,69,647
874,543,69,654
867,541,69,655
871,540,69,657
862,532,69,661
860,527,69,664
853,527,69,665
851,523,69,667
849,516,69,671
846,509,69,675
844,509,69,676
835,502,69,680
844,498,69,682
829,487,69,689
815,468,69,701
793,441,69,716
779,424,69,726
963,559,69,644
946,550,69,650
943,558,69,645
943,567,69,640
937,565,69,641
943,567,69,640
928,565,69,641
930,563,69,642
918,559,69,644
910,558,69,646
898,545,69,653
894,552,69,649
889,554,69,648
887,550,69,650
891,541,69,655
882,541,69,656
887,532,69,661
903,541,69,655
905,541,69,656
894,534,69,660
885,532,69,661
883,527,69,665
874,518,69,670
865,516,69,671
862,509,69,675
952,552,69,649
937,550,69,650
934,558,69,645
936,558,69,646
928,558,69,646
912,541,69,655
914,554,69,648
905,538,69,658
894,532,69,661
892,527,69,664
982,538,69,658
990,547,69,652
991,552,69,649
986,556,69,647
970,558,69,646
963,554,69,648
952,552,69,649
937,550,69,650
934,558,69,645
936,558,69,646
928,558,69,646
912,541,69,655
914,554,69,648
905,538,69,658
894,532,69,661
892,527,69,664
891,516,69,671
878,504,69,679
869,496,69,683
856,484,69,691
856,478,69,694
842,464,69,703
826,459,69,706
813,448,69,712
801,442,69,715
802,441,69,716
806,455,69,708
810,455,69,708
808,460,69,705
813,464,69,703
810,464,69,703
804,455,69,708
804,462,69,704
799,459,69,706
795,459,69,706
795,459,69,706
790,450,69,711
788,442,69,715
982,572,69,636
964,568,69,639
955,565,69,641
945,567,69,640
943,567,69,640
932,549,69,651
937,550,69,650
923,547,69,652
925,554,69,648
923,552,69,649
930,552,69,649
932,550,69,650
919,541,69,656
921,550,69,650
916,545,69,653
909,538,69,658
892,529,69,663
883,532,69,661
878,540,69,657
885,541,69,656
887,540,69,657
883,532,69,661
862,507,69,677
874,507,69,677
869,493,69,685
853,478,69,694
837,475,69,696
826,471,69,698
991,540,69,657
1004,549,69,651
1017,558,69,645
1024,563,69,642
1020,565,69,641
1017,570,69,638
1009,579,69,632
1000,572,69,637
982,572,69,636
964,568,69,639
955,565,69,641
945,567,69,640
943,567,69,640
932,549,69,651
937,550,69,650
923,547,69,652
925,554,69,648
923,552,69,649
930,552,69,649
932,550,69,650
919,541,69,656
921,550,69,650
916,545,69,653
909,538,69,658
892,529,69,663
883,532,69,661
878,540,69,657
885,541,69,656
887,540,69,657
883,532,69,661
882,527,69,665
873,529,69,663
862,507,69,677
874,507,69,677
869,493,69,685
853,478,69,694
837,475,69,696
826,471,69,698
820,466,69,702
808,460,69,705
797,451,69,710
1002,576,69,634
988,568,69,639
973,565,69,641
961,567,69,640
946,558,69,645
939,552,69,649
936,559,69,644
939,558,69,645
941,567,69,640
928,541,69,656
918,532,69,661
914,527,69,665
910,527,69,664
909,527,69,665
901,525,69,666
900,523,69,667
892,522,69,668
889,518,69,670
878,505,69,678
874,502,69,680
874,518,69,670
880,525,69,666
876,518,69,670
865,520,69,669
853,522,69,668
847,518,69,670
842,507,69,677
837,491,69,686
826,487,69,689
988,532,69,661
1008,541,69,655
1017,549,69,651
1033,563,69,642
1040,565,69,641
1042,568,69,639
1042,568,69,639
1042,572,69,636
1040,576,69,634
1031,572,69,636
1018,572,69,636
1002,576,69,634
988,568,69,639
973,565,69,641
961,567,69,640
946,558,69,645
939,552,69,649
936,559,69,644
939,558,69,645
941,567,69,640
928,541,69,656
918,532,69,661
914,527,69,665
910,527,69,664
909,527,69,665
901,525,69,666
900,523,69,667
892,522,69,668
889,518,69,670
878,505,69,678
874,502,69,680
874,518,69,670
880,525,69,666
876,518,69,670
865,520,69,669
853,522,69,668
847,518,69,670
842,507,69,677
837,491,69,686
826,487,69,689
820,491,69,686
819,487,69,689
811,469,69,699
804,462,69,704
799,453,69,709
790,446,69,713
781,433,69,721
772,424,69,726
763,414,69,732
754,408,69,735
941,549,69,651
887,514,69,672
887,534,69,660
885,532,69,661
882,541,69,655
882,540,69,657
874,534,69,660
871,541,69,656
882,552,69,649
874,545,69,653
880,540,69,657
871,541,69,656
869,543,69,654
862,538,69,658
855,531,69,662
855,527,69,664
847,525,69,666
844,520,69,669
835,500,69,681
829,491,69,686
1009,585,69,629
991,577,69,633
973,570,69,638
952,567,69,640
939,561,69,643
934,554,69,648
925,559,69,644
921,558,69,645
916,559,69,644
910,561,69,643
910,552,69,649
912,567,69,640
910,558,69,646
905,536,69,659
1024,558,69,645
1038,567,69,640
1049,574,69,635
1058,583,69,630
1067,588,69,626
1072,595,69,622
1071,597,69,621
1063,595,69,622
1054,599,69,620
1031,592,69,624
1009,585,69,629
991,577,69,633
973,570,69,638
952,567,69,640
939,561,69,643
934,554,69,648
925,559,69,644
921,558,69,645
916,559,69,644
910,561,69,643
910,552,69,649
912,567,69,640
910,558,69,646
905,536,69,659
898,531,69,662
894,520,69,669
885,514,69,672
876,509,69,675
873,505,69,678
874,487,69,689
853,478,69,694
851,469,69,699
847,468,69,700
833,466,69,702
824,460,69,705
817,451,69,710
804,441,69,716
799,441,69,716
792,437,69,719
790,437,69,719
786,437,69,719
784,437,69,719
783,435,69,720
775,430,69,723
775,428,69,724
766,421,69,728
991,561,69,643
975,558,69,646
959,549,69,651
945,547,69,652
932,543,69,654
923,541,69,655
916,550,69,650
910,549,69,651
905,549,69,651
898,549,69,651
896,552,69,649
892,543,69,654
885,550,69,650
880,552,69,649
882,545,69,653
959,520,69,669
986,540,69,657
1006,547,69,652
1015,554,69,648
1022,558,69,645
1018,561,69,643
1011,563,69,642
1004,563,69,642
991,561,69,643
975,558,69,646
959,549,69,651
945,547,69,652
932,543,69,654
923,541,69,655
916,550,69,650
910,549,69,651
905,549,69,651
898,549,69,651
896,552,69,649
892,543,69,654
885,550,69,650
880,552,69,649
882,545,69,653
878,541,69,655
871,522,69,668
865,489,69,687
847,475,69,696
840,455,69,708
817,439,69,718
784,414,69,732
770,414,69,732
761,410,69,734
756,412,69,733
730,403,69,738
732,399,69,740
730,401,69,739
730,406,69,736
736,412,69,733
952,550,69,650
941,543,69,654
930,543,69,654
923,545,69,653
918,545,69,653
918,547,69,652
907,534,69,660
907,527,69,665
896,520,69,669
891,518,69,670
878,504,69,679
869,505,69,678
874,516,69,671
883,532,69,661
880,523,69,667
876,520,69,669
873,522,69,668
865,514,69,672
856,502,69,680
849,495,69,684
901,477,69,695
921,491,69,686
941,505,69,678
959,518,69,670
979,531,69,662
991,541,69,656
997,545,69,653
973,529,69,663
952,518,69,670
964,531,69,662
977,541,69,656
986,549,69,651
986,558,69,645
973,554,69,648
964,550,69,650
952,550,69,650
941,543,69,654
930,543,69,654
923,545,69,653
918,545,69,653
918,547,69,652
907,534,69,660
907,527,69,665
896,520,69,669
891,518,69,670
878,504,69,679
869,505,69,678
874,516,69,671
883,532,69,661
880,523,69,667
876,520,69,669
873,522,69,668
865,514,69,672
856,502,69,680
849,495,69,684
849,498,69,682
846,502,69,680
842,495,69,684
835,484,69,691
828,475,69,696
820,468,69,700
826,459,69,706
820,457,69,707
808,450,69,711
804,448,69,712
802,444,69,714
792,437,69,719
786,432,69,722
777,430,69,723
765,419,69,729
923,529,69,663
901,532,69,661
892,532,69,661
891,536,69,659
889,534,69,660
887,536,69,659
876,525,69,666
871,534,69,660
865,534,69,660
864,538,69,658
862,536,69,659
856,514,69,672
847,500,69,681
846,500,69,681
846,486,69,690
847,484,69,691
846,489,69,688
982,529,69,663
995,538,69,658
1000,547,69,652
1002,552,69,649
1002,552,69,649
988,552,69,649
977,547,69,652
961,547,69,652
948,543,69,654
936,541,69,656
923,529,69,663
910,534,69,660
901,532,69,661
892,532,69,661
891,536,69,659
889,534,69,660
887,536,69,659
876,525,69,666
871,534,69,660
865,534,69,660
864,538,69,658
862,536,69,659
856,514,69,672
847,500,69,681
846,500,69,681
846,486,69,690
847,484,69,691
846,489,69,688
847,489,69,688
851,489,69,688
847,491,69,686
851,487,69,689
851,475,69,696
835,468,69,701
826,462,69,704
820,457,69,707
804,448,69,712
797,442,69,715
788,439,69,717
783,439,69,718
775,432,69,722
961,541,69,655
950,541,69,655
934,541,69,655
923,543,69,654
910,538,69,658
901,534,69,660
892,522,69,668
892,531,69,662
898,538,69,658
896,536,69,659
885,522,69,668
878,522,69,668
1026,556,69,647
1033,561,69,643
1044,565,69,641
1045,568,69,639
1051,572,69,637
1053,572,69,636
1045,572,69,637
1036,570,69,638
1024,568,69,639
1006,559,69,644
973,547,69,652
961,541,69,655
950,541,69,655
934,541,69,655
923,543,69,654
910,538,69,658
901,534,69,660
892,522,69,668
892,531,69,662
898,538,69,658
896,536,69,659
885,522,69,668
878,522,69,668
880,525,69,666
869,520,69,669
856,491,69,686
838,468,69,701
819,450,69,711
806,439,69,717
804,444,69,714
793,439,69,717
793,453,69,709
797,455,69,708
799,462,69,704
799,462,69,704
799,455,69,708
797,462,69,704
802,464,69,703
799,460,69,705
795,455,69,708
793,448,69,712
784,448,69,712
775,439,69,717
772,433,69,721
770,432,69,722
763,423,69,727
757,417,69,730
799,444,69,714
808,460,69,705
802,459,69,706
802,460,69,705
806,464,69,703
804,462,69,704
799,460,69,705
799,455,69,708
801,450,69,711
799,451,69,710
804,453,69,709
802,457,69,707
799,448,69,712
797,444,69,714
797,446,69,713
793,439,69,717
790,435,69,720
788,439,69,718
790,444,69,714
793,451,69,710
792,450,69,711
793,459,69,706
790,455,69,708
779,442,69,715
766,442,69,715
761,437,69,719
750,419,69,729
747,417,69,730
745,406,69,736
743,403,69,738
739,403,69,738
739,405,69,737
732,396,69,742
732,396,69,742
723,394,69,743
718,387,69,747
784,439,69,718
806,459,69,706
813,468,69,700
810,468,69,701
808,469,69,699
799,466,69,702
793,475,69,696
781,466,69,702
768,464,69,703
763,462,69,704
757,462,69,704
756,462,69,704
756,469,69,699
754,469,69,699
757,462,69,704
757,471,69,698
759,466,69,702
759,460,69,705
763,457,69,707
761,460,69,705
761,455,69,708
752,435,69,720
743,423,69,727
739,417,69,730
739,421,69,728
739,423,69,727
736,417,69,730
730,410,69,734
727,410,69,734
946,504,69,679
957,514,69,672
966,527,69,665
973,527,69,665
973,532,69,661
977,532,69,661
964,527,69,664
950,527,69,664
934,529,69,663
914,516,69,671
896,509,69,675
880,505,69,678
869,502,69,680
855,496,69,683
838,489,69,688
829,486,69,690
817,486,69,690
810,484,69,691
802,480,69,693
797,482,69,692
793,486,69,690
790,477,69,695
788,478,69,694
784,473,69,697
784,477,69,695
781,471,69,698
786,471,69,698
781,473,69,697
777,469,69,699
774,468,69,701
772,471,69,698
768,462,69,704
763,451,69,710
757,439,69,718
752,435,69,720
748,428,69,724
748,430,69,723
743,421,69,728
741,419,69,729
739,414,69,732
734,410,69,734
727,405,69,737
723,406,69,736
721,405,69,737
721,502,1,680
970,520,69,669
982,527,69,665
991,536,69,659
993,538,69,658
993,540,69,657
988,536,69,659
981,536,69,659
970,532,69,661
959,525,69,666
939,520,69,669
923,516,69,671
907,509,69,675
887,507,69,677
871,500,69,681
860,498,69,682
847,493,69,685
844,489,69,687
838,496,69,683
833,493,69,685
831,496,69,683
833,502,69,680
837,500,69,681
835,502,69,680
826,495,69,684
820,496,69,683
815,489,69,688
811,482,69,692
811,469,69,699
806,462,69,704
797,455,69,708
793,455,69,708
793,468,69,701
797,473,69,697
799,475,69,696
797,473,69,697
790,451,69,710
781,439,69,717
774,435,69,720
766,428,69,724
761,423,69,727
752,417,69,730
750,414,69,732
748,412,69,733
745,408,69,735
738,401,69,739
885,469,69,699
865,520,69,669
865,527,69,665
869,529,69,663
871,536,69,659
867,534,69,660
865,532,69,661
860,532,69,661
858,529,69,663
853,527,69,665
851,527,69,665
847,520,69,669
937,498,69,682
959,509,69,675
975,520,69,669
993,531,69,662
1006,541,69,656
1015,547,69,652
1020,554,69,648
1020,549,69,651
1020,556,69,647
1017,556,69,647
1006,558,69,645
988,554,69,648
968,549,69,651
950,543,69,654
932,540,69,657
914,536,69,659
905,536,69,659
894,531,69,662
887,529,69,663
878,529,69,663
871,523,69,667
865,520,69,669
865,527,69,665
869,529,69,663
871,536,69,659
867,534,69,660
865,532,69,661
860,532,69,661
858,529,69,663
853,527,69,665
851,527,69,665
847,520,69,669
838,493,69,685
829,480,69,693
815,471,69,698
806,466,69,702
802,451,69,710
802,439,69,717
786,424,69,726
772,415,69,731
766,408,69,735
761,408,69,735
754,408,69,735
745,396,69,742
738,392,69,744
874,523,69,667
869,527,69,665
864,516,69,671
860,514,69,672
856,516,69,671
849,522,69,668
849,516,69,671
847,516,69,671
844,514,69,672
846,509,69,675
844,509,69,675
840,511,69,674
840,509,69,675
838,513,69,673
838,507,69,677
837,500,69,681
833,504,69,679
914,482,69,692
939,498,69,682
961,513,69,673
982,527,69,664
997,538,69,658
1004,545,69,653
1009,547,69,652
1013,547,69,652
1011,552,69,649
1006,550,69,650
993,547,69,652
977,541,69,655
959,541,69,656
941,531,69,662
921,536,69,659
907,534,69,660
892,523,69,667
889,527,69,664
878,525,69,666
874,523,69,667
869,527,69,665
864,516,69,671
860,514,69,672
856,516,69,671
849,522,69,668
849,516,69,671
847,516,69,671
844,514,69,672
846,509,69,675
844,509,69,675
840,511,69,674
840,509,69,675
838,513,69,673
838,507,69,677
837,500,69,681
833,504,69,679
833,495,69,684
824,487,69,689
820,480,69,693
817,477,69,695
813,464,69,703
804,466,69,702
795,459,69,706
788,448,69,712
777,439,69,717
768,428,69,724
761,421,69,728
756,417,69,730
748,410,69,734
743,405,69,737
734,401,69,739
727,394,69,743
887,534,69,660
882,527,69,664
874,531,69,662
871,532,69,661
862,523,69,667
972,523,69,667
995,534,69,660
1009,545,69,653
1017,547,69,652
1018,550,69,650
1031,559,69,644
1033,563,69,642
1024,563,69,642
1011,559,69,644
1000,559,69,644
977,541,69,655
946,529,69,663
923,525,69,666
925,534,69,660
919,536,69,659
914,532,69,661
901,525,69,666
896,529,69,663
887,527,69,665
889,529,69,663
887,534,69,660
882,527,69,664
874,531,69,662
871,532,69,661
862,523,69,667
856,520,69,669
849,505,69,678
846,491,69,686
840,484,69,691
844,484,69,691
846,477,69,695
847,477,69,695
847,475,69,696
844,471,69,698
833,469,69,699
829,475,69,696
828,473,69,697
828,468,69,700
824,468,69,701
817,462,69,704
810,453,69,709
802,450,69,711
802,446,69,713
790,441,69,716
784,433,69,721
784,432,69,722
775,424,69,726
766,417,69,730
887,527,69,665
878,525,69,666
880,529,69,663
876,525,69,666
871,523,69,667
869,525,69,666
865,518,69,670
979,520,69,669
1031,563,69,642
1018,559,69,644
1000,558,69,646
979,558,69,645
959,554,69,648
943,547,69,652
932,545,69,653
923,552,69,649
921,549,69,651
914,538,69,658
910,547,69,652
900,529,69,663
892,536,69,659
892,522,69,668
883,509,69,676
878,496,69,683
871,493,69,685
867,489,69,687
860,473,69,697
853,469,69,699
837,460,69,705
817,444,69,714
802,432,69,722
784,421,69,728
768,419,69,729
763,419,69,729
1013,552,69,649
1026,561,69,643
1036,567,69,640
1042,572,69,637
1045,572,69,636
1045,574,69,635
1042,568,69,639
1038,568,69,639
1022,563,69,642
1008,561,69,643
993,554,69,648
973,547,69,652
950,543,69,654
932,532,69,661
912,531,69,662
901,525,69,666
894,529,69,663
883,523,69,667
882,527,69,665
874,527,69,665
862,525,69,666
862,520,69,669
856,511,69,674
853,513,69,673
851,518,69,670
842,520,69,669
849,511,69,674
844,514,69,672
838,491,69,686
833,489,69,687
833,480,69,693
829,475,69,696
826,473,69,697
820,468,69,701
815,460,69,705
797,439,69,717
775,433,69,721
765,419,69,729
757,421,69,728
756,419,69,729
754,421,69,728
754,424,69,726
754,426,69,725
743,415,69,731
981,532,69,661
997,543,69,654
1013,556,69,647
1024,563,69,642
1033,568,69,639
1040,570,69,638
1044,570,69,638
1045,574,69,635
1042,576,69,634
1033,572,69,636
1015,568,69,639
999,563,69,642
979,554,69,648
959,552,69,649
934,543,69,654
921,543,69,654
905,541,69,656
901,536,69,659
889,534,69,660
885,527,69,664
880,532,69,661
873,531,69,662
869,527,69,665
864,527,69,665
860,527,69,665
856,527,69,665
851,525,69,666
851,520,69,669
844,507,69,677
840,496,69,683
838,491,69,686
837,486,69,690
838,478,69,694
842,469,69,699
833,466,69,702
824,462,69,704
820,462,69,704
817,460,69,705
811,462,69,704
808,468,69,700
808,468,69,701
804,466,69,702
802,462,69,704
799,457,69,707
799,455,69,708
788,446,69,713
784,441,69,716
775,435,69,720
772,428,69,724
1060,590,69,625
1058,588,69,626
1045,585,69,629
1033,583,69,630
1015,576,69,634
988,572,69,636
977,570,69,638
961,563,69,642
943,561,69,643
925,550,69,650
921,552,69,649
916,554,69,648
912,550,69,650
907,543,69,654
901,550,69,650
896,541,69,656
889,541,69,655
883,536,69,659
876,541,69,655
874,527,69,664
871,540,69,657
869,541,69,656
867,541,69,656
862,538,69,658
862,532,69,661
855,529,69,663
851,527,69,664
851,527,69,665
847,527,69,665
847,522,69,668
840,516,69,671
837,511,69,674
837,507,69,677
833,505,69,678
824,491,69,686
824,487,69,689
813,473,69,697
808,466,69,702
802,462,69,704
1013,558,69,645
1006,558,69,646
993,550,69,650
970,536,69,659
955,534,69,660
945,532,69,661
925,529,69,663
914,522,69,668
907,527,69,665
898,523,69,667
887,516,69,671
878,511,69,674
874,516,69,671
880,518,69,670
878,522,69,668
871,514,69,672
865,522,69,668
862,527,69,665
860,529,69,663
862,520,69,669
864,525,69,666
856,511,69,674
849,509,69,676
844,513,69,673
842,514,69,672
842,513,69,673
835,509,69,675
829,507,69,677
831,504,69,679
829,498,69,682
824,484,69,691
817,477,69,695
813,468,69,700
802,464,69,703
799,464,69,703
795,462,69,704
788,455,69,708
781,442,69,715
851,459,69,706
892,487,69,689
941,514,69,672
984,547,69,652
943,518,69,670
963,529,69,663
982,541,69,656
997,550,69,650
1000,554,69,648
1009,563,69,642
1022,572,69,637
1000,558,69,646
997,558,69,645
988,561,69,643
973,556,69,647
957,550,69,650
941,543,69,654
921,538,69,658
907,532,69,661
892,518,69,670
880,518,69,670
871,505,69,678
858,484,69,691
842,471,69,698
833,464,69,703
828,460,69,705
820,462,69,704
928,504,69,679
919,496,69,683
977,534,69,660
988,540,69,657
1011,554,69,648
1022,559,69,644
1027,568,69,639
1027,572,69,637
1029,576,69,634
1022,576,69,634
1006,568,69,639
991,561,69,643
972,552,69,649
950,541,69,655
932,538,69,658
916,541,69,655
909,534,69,660
903,531,69,662
892,529,69,663
883,529,69,663
887,540,69,657
874,516,69,671
869,516,69,671
871,518,69,670
869,527,69,665
865,527,69,665
860,525,69,666
856,522,69,668
849,527,69,665
849,516,69,671
847,511,69,674
842,498,69,682
837,491,69,686
829,478,69,694
826,477,69,695
819,471,69,698
815,460,69,705
1036,572,69,636
1042,574,69,635
1040,572,69,637
1036,576,69,634
1035,574,69,635
1027,570,69,638
1009,570,69,638
990,559,69,644
964,550,69,650
945,545,69,653
928,538,69,658
912,538,69,658
901,531,69,662
892,529,69,663
883,531,69,662
880,532,69,661
874,531,69,662
871,534,69,660
867,534,69,660
867,536,69,659
862,534,69,660
865,538,69,658
864,541,69,656
860,536,69,659
858,536,69,659
858,534,69,660
855,529,69,663
851,527,69,665
846,525,69,666
844,522,69,668
842,518,69,670
842,505,69,678
835,496,69,683
829,502,69,680
826,489,69,688
824,486,69,690
817,484,69,691
815,466,69,702
801,451,69,710
781,439,69,718
772,432,69,722
766,423,69,727
1004,558,69,646
1000,554,69,648
1002,556,69,647
1006,559,69,644
1008,561,69,643
995,558,69,646
982,550,69,650
957,538,69,658
950,534,69,660
932,527,69,665
912,520,69,669
898,518,69,670
880,520,69,669
873,523,69,667
869,514,69,672
867,523,69,667
869,527,69,665
871,527,69,665
871,531,69,662
876,532,69,661
887,527,69,665
880,513,69,673
876,523,69,667
880,527,69,665
874,525,69,666
874,527,69,664
871,532,69,661
869,531,69,662
846,502,69,680
824,498,69,682
806,471,69,698
792,453,69,709
783,439,69,717
777,430,69,723
765,415,69,731
757,417,69,730
745,415,69,731
743,408,69,735
970,534,69,660
993,547,69,652
1009,558,69,646
1026,567,69,640
1036,572,69,636
1044,577,69,633
1051,581,69,631
1054,585,69,629
1051,581,69,631
1047,579,69,632
1040,579,69,632
1020,568,69,639
1000,563,69,642
988,559,69,644
970,552,69,649
959,549,69,651
948,547,69,652
937,540,69,657
928,540,69,657
923,540,69,657
918,541,69,656
914,540,69,657
910,536,69,659
903,536,69,659
901,540,69,657
896,538,69,658
901,541,69,656
894,529,69,663
882,518,69,670
896,531,69,662
898,523,69,667
900,509,69,676
894,505,69,678
882,498,69,682
873,491,69,686
860,482,69,692
851,477,69,695
842,475,69,696
840,473,69,697
838,473,69,697
837,473,69,697
838,471,69,698
822,462,69,704
810,451,69,710
795,444,69,714
788,441,69,716
788,441,69,716
777,437,69,719
970,529,69,663
995,545,69,653
1013,558,69,646
1027,563,69,642
1036,572,69,636
1033,574,69,635
1029,572,69,637
1024,568,69,639
1013,568,69,639
999,561,69,643
982,556,69,647
966,545,69,653
950,540,69,657
932,532,69,661
916,529,69,663
896,527,69,665
887,522,69,668
876,522,69,668
871,522,69,668
869,518,69,670
869,522,69,668
856,507,69,677
855,511,69,674
860,520,69,669
862,522,69,668
851,504,69,679
851,498,69,682
851,504,69,679
851,491,69,686
847,489,69,687
849,489,69,688
840,471,69,698
824,459,69,706
811,450,69,711
793,424,69,726
772,417,69,730
766,415,69,731
757,408,69,735
754,417,69,730
752,417,69,730
729,397,69,741
725,399,69,740
847,455,69,708
874,471,69,698
898,487,69,689
927,505,69,678
959,523,69,667
986,540,69,657
991,541,69,655
1006,550,69,650
1018,559,69,644
1024,565,69,641
1036,572,69,637
1049,579,69,632
1051,579,69,632
1044,577,69,633
1035,574,69,635
1015,565,69,641
1004,561,69,643
988,556,69,647
963,558,69,645
939,549,69,651
919,545,69,653
912,541,69,655
907,540,69,657
903,538,69,658
900,534,69,660
901,529,69,663
892,536,69,659
892,532,69,661
887,534,69,660
883,529,69,663
878,532,69,661
876,527,69,665
871,516,69,671
865,507,69,677
865,509,69,675
862,518,69,670
867,511,69,674
869,509,69,676
862,505,69,678
856,500,69,681
846,491,69,686
833,484,69,691
826,478,69,694
822,469,69,699
817,471,69,698
808,468,69,701
806,464,69,703
799,457,69,707
797,453,69,709
790,442,69,715
784,439,69,717
878,469,69,699
873,469,69,699
869,471,69,698
856,468,69,701
842,460,69,705
828,459,69,706
820,451,69,710
808,446,69,713
799,439,69,717
792,444,69,714
783,450,69,711
781,448,69,712
775,446,69,713
772,450,69,711
768,451,69,710
763,448,69,712
763,446,69,713
761,446,69,713
761,446,69,713
761,448,69,712
756,448,69,712
757,450,69,711
761,450,69,711
757,448,69,712
757,446,69,713
754,442,69,715
752,439,69,717
748,439,69,718
748,437,69,719
739,430,69,723
739,428,69,724
734,423,69,727
730,417,69,730
730,408,69,735
723,403,69,738
718,487,1,689
718,396,69,742
720,397,69,741
721,403,69,738
869,502,69,680
862,500,69,681
835,487,69,689
835,482,69,692
833,480,69,693
829,477,69,695
824,473,69,697
997,545,69,653
1006,552,69,649
1013,558,69,645
1027,565,69,641
1027,565,69,641
1027,563,69,642
1020,567,69,640
1008,567,69,640
986,558,69,646
970,552,69,649
952,545,69,653
937,541,69,655
923,536,69,659
916,536,69,659
907,534,69,660
907,540,69,657
892,529,69,663
889,525,69,666
883,523,69,667
878,534,69,660
874,516,69,671
864,527,69,664
862,525,69,666
856,522,69,668
849,514,69,672
849,509,69,676
844,514,69,672
840,516,69,671
840,509,69,676
835,509,69,676
831,495,69,684
826,502,69,680
824,495,69,684
817,496,69,683
819,489,69,687
815,487,69,689
811,482,69,692
808,477,69,695
799,469,69,699
790,462,69,704
790,457,69,707
779,442,69,715
772,432,69,722
761,417,69,730
995,541,69,655
995,543,69,654
997,541,69,655
991,540,69,657
988,541,69,655
975,541,69,656
957,541,69,656
941,532,69,661
927,529,69,663
909,523,69,667
889,518,69,670
880,516,69,671
876,516,69,671
880,525,69,666
878,529,69,663
874,527,69,665
867,527,69,665
864,529,69,663
865,525,69,666
862,527,69,665
853,525,69,666
847,514,69,672
838,496,69,683
833,491,69,686
831,489,69,688
829,484,69,691
824,478,69,694
820,475,69,696
815,469,69,699
811,462,69,704
808,462,69,704
808,462,69,704
811,457,69,707
804,451,69,710
797,446,69,713
786,439,69,717
781,435,69,720
775,435,69,720
770,430,69,723
968,523,69,667
889,480,69,693
873,468,69,700
862,466,69,702
887,486,69,690
889,491,69,686
882,493,69,685
871,491,69,686
858,489,69,688
844,487,69,689
840,486,69,690
831,486,69,690
826,489,69,688
826,489,69,688
824,491,69,686
819,489,69,687
819,495,69,684
819,493,69,685
817,484,69,691
808,464,69,703
806,457,69,707
806,451,69,710
799,450,69,711
797,455,69,708
802,459,69,706
806,466,69,702
806,464,69,703
804,455,69,708
799,451,69,710
793,444,69,714
790,441,69,716
783,435,69,720
784,437,69,719
779,432,69,722
772,428,69,724
766,423,69,727
765,419,69,729
759,415,69,731
995,543,69,654
1013,554,69,648
1024,561,69,643
1027,565,69,641
1036,570,69,638
1040,568,69,639
1035,570,69,638
991,541,69,655
963,531,69,662
973,541,69,656
977,545,69,653
966,543,69,654
946,532,69,661
932,529,69,663
923,527,69,665
916,529,69,663
914,529,69,663
928,532,69,661
925,536,69,659
921,538,69,658
923,543,69,654
923,540,69,657
907,518,69,670
889,509,69,675
878,509,69,676
867,491,69,686
851,486,69,690
847,482,69,692
838,484,69,691
835,478,69,694
835,491,69,686
829,493,69,685
828,491,69,686
824,484,69,691
826,478,69,694
828,478,69,694
817,473,69,697
815,466,69,702
810,460,69,705
788,451,69,710
772,442,69,715
763,442,69,715
756,423,69,727
747,408,69,735
738,403,69,738
730,397,69,741
725,396,69,742
718,390,69,745
907,505,69,678
892,502,69,680
865,480,69,693
842,469,69,699
838,469,69,699
835,478,69,694
837,475,69,696
838,469,69,699
835,468,69,701
833,478,69,694
829,477,69,695
833,480,69,693
923,507,69,677
934,504,69,679
932,511,69,674
928,511,69,674
928,513,69,673
916,507,69,677
907,504,69,679
892,500,69,681
885,496,69,683
880,496,69,683
874,491,69,686
871,495,69,684
871,493,69,685
869,489,69,687
860,491,69,686
853,491,69,686
849,504,69,679
847,489,69,687
844,493,69,685
840,489,69,688
833,489,69,687
840,489,69,687
829,484,69,691
828,487,69,689
824,489,69,687
819,477,69,695
822,469,69,699
817,468,69,701
808,462,69,704
802,459,69,706
802,457,69,707
802,453,69,709
802,453,69,709
802,446,69,713
793,441,69,716
784,439,69,717
921,491,69,686
934,504,69,679
950,514,69,672
963,522,69,668
970,527,69,664
975,529,69,663
975,536,69,659
970,536,69,659
959,534,69,660
943,534,69,660
925,531,69,662
910,527,69,664
896,527,69,665
883,525,69,666
880,525,69,666
876,520,69,669
860,486,69,690
838,469,69,699
829,464,69,703
824,460,69,705
824,464,69,703
822,475,69,696
826,486,69,690
829,489,69,687
824,487,69,689
833,484,69,691
835,482,69,692
829,473,69,697
820,464,69,703
817,459,69,706
811,460,69,705
811,459,69,706
802,457,69,707
795,457,69,707
786,448,69,712
781,448,69,712
775,446,69,713
772,441,69,716
772,435,69,720
761,417,69,730
914,487,69,689
916,489,69,687
916,489,69,688
916,487,69,689
907,487,69,689
892,482,69,692
882,475,69,696
871,468,69,700
856,462,69,704
838,455,69,708
822,455,69,708
811,450,69,711
801,453,69,709
795,448,69,712
788,451,69,710
784,453,69,709
781,453,69,709
775,451,69,710
774,451,69,710
772,457,69,707
770,455,69,708
766,444,69,714
766,433,69,721
759,426,69,725
754,424,69,726
752,430,69,723
752,426,69,725
752,439,69,717
757,439,69,717
750,435,69,720
745,428,69,724
739,424,69,726
734,414,69,732
729,405,69,737
727,406,69,736
721,403,69,738
720,399,69,740
721,502,1,680
838,468,69,701
822,466,69,702
826,478,69,694
824,484,69,691
824,487,69,689
824,491,69,686
781,430,69,723
772,444,69,714
745,410,69,734
741,408,69,735
745,417,69,730
752,439,69,717
752,441,69,716
747,424,69,726
741,421,69,728
741,421,69,728
903,495,69,684
887,489,69,688
874,484,69,691
862,478,69,694
847,475,69,696
835,468,69,700
829,471,69,698
820,471,69,698
815,469,69,699
810,469,69,699
806,468,69,701
802,468,69,700
799,466,69,702
797,468,69,701
793,468,69,701
790,469,69,699
790,469,69,699
786,466,69,702
786,468,69,701
781,462,69,704
784,466,69,702
784,460,69,705
781,460,69,705
774,446,69,713
766,439,69,718
763,435,69,720
759,433,69,721
757,437,69,719
756,437,69,719
754,428,69,724
725,401,69,739
766,442,69,715
763,441,69,716
763,442,69,715
757,442,69,715
754,439,69,718
752,439,69,717
754,442,69,715
752,444,69,714
750,444,69,714
750,441,69,716
748,439,69,717
748,439,69,718
745,435,69,720
745,433,69,721
743,433,69,721
741,430,69,723
745,428,69,724
738,424,69,726
732,414,69,732
727,410,69,734
966,523,69,667
963,520,69,669
950,518,69,670
934,516,69,671
912,509,69,676
898,504,69,679
882,498,69,682
869,496,69,683
855,493,69,685
846,495,69,684
840,487,69,689
838,489,69,688
829,489,69,688
826,489,69,688
820,491,69,686
817,486,69,690
815,480,69,693
808,471,69,698
808,478,69,694
806,486,69,690
808,487,69,689
801,475,69,696
797,480,69,693
797,473,69,697
797,478,69,694
797,469,69,699
793,471,69,698
790,469,69,699
788,468,69,700
786,464,69,703
779,453,69,709
772,446,69,713
761,432,69,722
925,498,69,682
941,511,69,674
946,516,69,671
934,509,69,676
955,525,69,666
973,538,69,658
986,543,69,654
995,550,69,650
995,552,69,649
964,532,69,661
941,523,69,667
919,509,69,675
919,516,69,671
916,516,69,671
925,525,69,666
914,518,69,670
896,509,69,676
898,511,69,674
898,520,69,669
896,514,69,672
876,500,69,681
869,500,69,681
865,500,69,681
853,489,69,688
853,511,69,674
851,491,69,686
838,500,69,681
838,500,69,681
833,502,69,680
829,496,69,683
828,500,69,681
826,502,69,680
820,502,69,680
822,504,69,679
826,500,69,681
820,500,69,681
819,500,69,681
819,498,69,682
811,495,69,684
811,493,69,685
808,491,69,686
806,489,69,688
811,486,69,690
806,482,69,692
801,468,69,701
792,464,69,703
790,457,69,707
995,541,69,655
995,540,69,657
982,534,69,660
970,527,69,665
950,518,69,670
928,514,69,672
907,509,69,675
885,504,69,679
867,500,69,681
853,496,69,683
844,491,69,686
835,491,69,686
833,493,69,685
828,493,69,685
824,489,69,687
822,495,69,684
820,495,69,684
817,495,69,684
810,491,69,686
808,489,69,687
806,489,69,688
808,493,69,685
806,491,69,686
802,487,69,689
801,487,69,689
799,480,69,693
801,482,69,692
797,468,69,701
793,462,69,704
790,455,69,708
790,451,69,710
783,448,69,712
781,451,69,710
775,439,69,717
770,439,69,718
763,430,69,723
896,496,69,683
896,496,69,683
891,498,69,682
880,498,69,682
869,489,69,687
858,489,69,688
853,491,69,686
855,489,69,687
844,480,69,693
837,477,69,695
835,491,69,686
829,496,69,683
824,493,69,685
822,496,69,683
822,487,69,689
819,489,69,688
817,493,69,685
815,496,69,683
813,496,69,683
806,484,69,691
799,468,69,700
793,462,69,704
790,455,69,708
788,453,69,709
784,453,69,709
784,450,69,711
781,446,69,713
775,444,69,714
768,439,69,717
766,437,69,719
763,441,69,716
761,439,69,718
997,547,69,652
979,541,69,656
964,534,69,660
943,523,69,667
921,522,69,668
901,509,69,676
887,509,69,676
878,505,69,678
867,502,69,680
869,502,69,680
862,504,69,679
860,498,69,682
849,498,69,682
849,500,69,681
847,500,69,681
844,498,69,682
844,500,69,681
844,504,69,679
847,500,69,681
849,505,69,678
855,507,69,677
858,505,69,678
853,504,69,679
858,505,69,678
856,504,69,679
847,500,69,681
842,496,69,683
838,491,69,686
835,489,69,688
829,482,69,692
819,475,69,696
810,468,69,701
802,457,69,707
781,437,69,719
774,433,69,721
874,477,69,695
856,468,69,701
842,464,69,703
824,459,69,706
808,455,69,708
799,451,69,710
793,448,69,712
790,448,69,712
784,453,69,709
783,450,69,711
777,446,69,713
770,453,69,709
766,451,69,710
768,451,69,710
766,453,69,709
768,453,69,709
763,450,69,711
763,455,69,708
766,457,69,707
761,448,69,712
759,448,69,712
754,444,69,714
754,441,69,716
756,441,69,716
754,439,69,717
756,437,69,719
745,430,69,723
741,424,69,726
921,516,69,671
901,511,69,674
883,504,69,679
871,500,69,681
835,496,69,683
831,502,69,680
824,480,69,693
817,493,69,685
811,473,69,697
795,457,69,707
793,453,69,709
781,446,69,713
783,430,69,723
774,415,69,731
765,419,69,729
757,419,69,729
750,426,69,725
750,428,69,724
752,426,69,725
748,415,69,731
743,408,69,735
741,412,69,733
736,403,69,738
734,410,69,734
727,408,69,735
721,403,69,738
720,397,69,741
727,414,69,732
732,502,69,680
721,509,1,675
727,531,1,662
867,468,69,701
847,457,69,707
829,451,69,710
797,439,69,717
786,439,69,717
779,437,69,719
774,437,69,719
770,442,69,715
765,442,69,715
763,442,69,715
757,444,69,714
756,444,69,714
757,450,69,711
756,450,69,711
754,446,69,713
754,448,69,712
752,444,69,714
747,439,69,717
748,439,69,717
748,441,69,716
750,439,69,718
745,433,69,721
741,432,69,722
847,477,69,695
844,482,69,692
844,482,69,692
849,489,69,688
856,500,69,681
851,486,69,690
837,478,69,694
829,475,69,696
833,477,69,695
826,473,69,697
824,473,69,697
819,480,69,693
799,442,69,715
