727,653,0,585
738,734,1,534
729,658,1,582
747,730,0,536
718,714,0,547
714,714,1,547
730,727,0,539
736,739,0,531
739,739,0,531
727,640,68,593
727,644,68,591
727,644,69,591
729,646,69,590
730,646,69,590
730,646,69,590
730,649,68,587
732,649,68,587
730,648,68,589
730,649,68,588
734,648,68,589
730,644,68,591
734,648,69,589
732,646,69,590
734,648,69,589
732,640,69,593
732,640,68,593
730,635,68,597
730,637,68,595
729,633,68,598
727,628,68,601
727,631,68,599
727,630,69,600
725,626,69,602
747,754,0,522
756,761,0,517
756,761,1,517
734,646,68,590
734,642,68,592
741,705,0,552
754,732,0,535
759,743,1,528
761,748,1,525
761,750,1,524
765,750,1,524
766,752,0,523
741,734,0,534
745,739,0,531
730,637,68,595
730,639,68,594
734,642,68,592
734,640,68,593
736,644,69,591
738,646,69,590
738,648,68,589
739,648,69,589
739,649,68,588
739,649,68,588
739,649,68,587
743,651,68,586
745,655,68,584
743,651,68,586
743,649,69,587
743,649,69,587
743,648,69,589
743,646,69,590
741,649,68,588
741,642,68,592
739,642,68,592
739,639,68,594
738,642,68,592
736,637,68,595
734,637,69,595
736,635,69,597
734,635,69,597
730,631,69,599
732,635,68,597
734,624,68,603
732,624,68,604
730,621,68,606
725,615,68,609
745,698,0,557
754,741,1,529
761,757,1,519
763,765,0,515
765,768,0,513
766,768,0,512
768,770,0,511
766,770,0,511
768,770,0,511
768,770,0,511
770,772,0,510
770,772,1,510
756,752,0,523
757,752,0,523
757,718,0,544
756,720,0,543
756,721,0,542
756,721,1,542
757,723,1,541
761,725,0,540
763,727,0,539
736,633,68,598
738,633,68,598
739,637,68,595
739,639,68,594
739,637,68,596
741,639,69,594
741,639,69,594
743,639,68,594
743,639,68,594
743,637,68,595
763,748,0,525
772,761,0,517
775,768,0,513
775,770,0,511
779,772,1,510
779,768,1,512
779,768,0,512
779,770,0,511
779,770,0,511
779,770,0,511
765,747,0,526
763,750,1,524
763,754,1,522
763,754,0,522
763,750,0,524
763,752,0,523
766,754,0,521
766,754,0,521
766,703,0,553
770,716,0,545
772,714,0,546
757,747,0,526
757,752,0,523
757,754,0,522
757,754,0,522
757,752,0,523
757,752,1,523
757,752,1,523
750,741,0,530
752,741,0,530
754,743,0,528
756,741,1,529
745,750,0,524
745,748,0,525
743,747,1,526
743,745,1,527
748,754,0,521
748,756,0,520
747,754,0,522
745,752,0,523
745,752,0,523
743,748,1,525
748,741,0,529
754,754,0,521
759,768,1,512
763,770,1,511
770,779,0,506
772,783,0,504
772,783,0,504
772,784,0,503
772,783,0,504
772,783,0,504
772,783,0,504
770,770,0,511
770,772,0,510
772,774,0,509
772,775,0,508
774,775,1,508
774,777,1,507
709,603,68,617
712,626,1,602
716,606,69,615
736,702,1,555
745,738,1,532
752,750,0,524
756,756,0,520
757,761,0,517
765,770,0,511
766,774,0,509
765,774,0,509
763,772,1,510
763,768,1,512
763,768,0,512
763,768,0,512
770,750,0,524
757,754,0,522
756,754,0,521
754,752,0,523
752,748,1,525
752,747,1,526
754,745,0,527
754,745,0,527
743,743,0,528
745,741,0,529
747,747,0,526
754,756,1,520
761,766,1,514
763,770,1,511
763,772,1,510
765,774,1,509
761,763,0,516
763,768,0,513
766,772,0,510
766,772,0,510
766,774,0,509
739,649,68,588
741,651,68,586
739,649,69,588
739,648,69,589
739,649,69,588
739,648,69,589
738,646,68,590
739,648,68,589
738,646,68,590
739,702,0,554
750,736,0,533
756,748,1,525
761,754,1,522
763,757,1,519
770,765,1,515
772,768,0,513
770,768,0,513
770,766,0,514
770,766,0,514
770,766,0,514
768,768,0,512
761,763,0,516
761,763,0,516
763,766,0,514
766,768,0,513
772,772,0,510
775,777,1,507
743,624,68,603
730,628,68,601
730,630,68,600
730,631,68,599
732,633,68,598
732,633,69,598
734,635,69,597
734,635,69,597
736,639,69,594
736,644,68,591
738,640,68,593
738,642,68,592
738,642,68,592
736,640,68,593
736,639,68,594
738,639,69,594
738,637,69,596
736,635,69,597
738,639,69,594
736,635,68,597
734,633,68,598
734,631,68,599
734,633,68,598
732,631,68,599
732,631,68,599
730,624,69,603
730,624,69,604
718,612,68,612
716,610,69,613
718,612,69,611
718,608,69,614
743,709,1,550
752,738,0,532
761,754,0,522
765,761,0,517
768,768,0,513
772,768,0,512
772,770,0,511
772,770,1,511
774,770,1,511
772,770,0,511
774,770,0,511
774,770,0,511
775,754,0,521
765,757,0,519
763,765,0,515
766,768,1,513
766,770,1,511
768,770,0,511
768,772,0,510
770,772,0,510
772,775,0,508
774,777,0,507
777,779,0,506
777,774,0,509
777,777,0,507
730,624,68,604
729,624,68,603
727,727,0,539
734,729,0,537
738,734,1,534
739,739,1,531
743,741,1,530
743,741,1,529
745,741,0,529
745,748,0,525
745,750,0,524
743,748,0,525
748,748,0,525
752,754,0,521
754,757,1,519
754,759,1,518
754,761,1,517
754,759,1,518
736,649,68,588
739,651,68,586
739,655,68,584
741,653,69,585
743,655,69,584
745,655,69,584
748,662,69,579
748,660,68,581
745,657,68,583
743,653,68,585
743,657,68,583
745,658,68,582
745,658,68,582
743,649,69,587
743,651,69,586
743,648,69,589
743,649,69,587
741,644,68,591
738,639,68,594
736,635,68,597
734,631,68,599
732,628,68,601
730,628,68,601
730,624,69,603
729,621,69,606
729,622,69,605
752,714,1,546
759,754,0,522
766,768,0,513
770,772,0,510
772,775,0,508
774,777,0,507
775,779,0,506
781,784,1,502
763,680,69,568
763,678,68,569
765,682,68,567
763,680,68,568
763,682,68,567
765,682,68,567
763,678,68,569
765,682,69,567
763,682,69,567
765,676,69,570
765,682,69,567
766,680,68,568
766,675,68,571
765,676,68,570
763,675,68,572
761,669,68,575
761,671,68,574
765,768,0,513
766,768,0,512
766,770,0,511
770,772,0,510
770,772,0,510
772,777,1,507
774,781,1,505
777,786,0,501
781,792,0,498
784,797,0,495
766,653,68,585
759,644,68,591
752,637,68,595
748,637,68,596
745,635,68,597
743,637,69,595
743,635,69,597
741,637,68,596
741,640,68,593
741,642,68,592
741,646,68,590
743,648,68,589
743,653,68,585
745,653,68,585
747,658,68,582
748,658,69,582
748,660,69,581
748,662,69,579
752,666,69,577
752,666,68,577
754,667,68,576
754,669,68,575
757,671,68,574
757,676,68,570
759,676,68,570
761,678,69,569
761,675,69,571
763,680,69,568
763,680,69,568
763,678,68,569
765,682,68,567
763,680,68,568
763,682,68,567
765,682,68,567
763,678,68,569
765,682,69,567
763,682,69,567
765,676,69,570
765,682,69,567
766,680,68,568
766,675,68,571
765,676,68,570
763,675,68,572
761,669,68,575
761,671,68,574
757,667,69,576
757,664,69,578
756,662,69,580
756,660,69,581
756,658,69,582
754,653,69,585
750,649,68,587
748,649,68,587
770,739,0,531
775,770,0,511
779,784,1,502
775,784,1,502
777,788,1,500
775,788,1,500
781,792,0,498
781,797,0,495
784,784,0,502
784,784,0,502
783,784,1,503
781,783,1,504
783,783,0,504
783,781,0,505
784,784,0,503
786,788,0,500
788,793,0,497
788,797,0,495
790,799,0,494
793,801,0,492
793,802,1,491
797,804,1,490
793,801,0,493
788,797,0,495
784,792,0,498
772,658,68,582
763,649,68,588
757,648,68,589
754,646,68,590
748,640,68,593
745,640,69,593
745,640,69,593
743,640,68,593
743,640,68,593
743,644,68,591
745,646,68,590
745,646,68,590
745,646,68,590
745,648,68,589
747,649,68,588
747,649,69,587
748,651,69,586
748,653,69,585
748,651,69,586
748,653,68,585
750,657,68,583
752,658,68,582
752,657,68,583
752,660,68,581
752,657,68,583
752,662,68,580
754,658,69,582
752,660,69,581
752,655,69,584
752,657,69,583
752,658,68,582
752,657,68,583
752,658,68,582
752,657,68,583
752,653,68,585
750,653,68,585
750,651,69,586
748,649,69,587
748,649,69,587
747,648,69,589
745,642,68,592
745,640,68,593
741,639,68,594
739,637,68,595
739,631,68,599
761,727,0,539
772,766,1,514
779,783,1,504
781,788,1,500
777,788,1,500
777,786,0,501
781,790,0,499
783,792,0,498
786,799,0,494
779,799,0,494
784,799,0,494
788,801,1,492
779,783,0,504
779,784,0,503
779,784,0,503
779,784,0,503
779,784,0,503
779,784,1,503
781,784,1,502
783,784,0,502
784,786,0,501
781,783,0,504
777,781,0,505
770,653,68,585
757,644,68,591
754,639,68,594
745,631,68,599
743,631,69,599
739,630,69,600
738,628,68,601
736,624,68,603
736,628,68,601
734,626,68,602
734,624,68,603
732,624,68,603
732,628,68,601
734,630,68,600
732,633,69,598
736,631,69,599
736,637,68,596
736,640,69,593
738,637,68,595
739,642,68,592
741,644,68,591
741,644,68,591
743,648,68,589
743,648,68,589
745,649,69,588
745,649,69,587
747,651,69,586
748,651,69,586
748,653,68,585
748,655,68,584
748,653,68,585
748,651,68,586
748,655,68,584
747,649,68,588
748,649,69,587
748,649,69,587
747,648,69,589
747,649,69,588
747,649,68,588
743,642,68,592
745,646,68,590
743,642,68,592
743,640,68,593
743,640,68,593
741,637,69,595
739,637,69,595
739,635,69,597
739,637,69,595
738,633,68,598
761,729,0,537
770,765,0,515
775,774,0,509
777,779,0,506
788,790,0,499
784,793,1,497
781,792,1,498
784,797,0,495
790,797,0,495
790,799,0,494
779,793,0,497
788,797,0,495
779,777,0,507
777,775,0,508
777,774,0,509
775,772,0,510
775,772,1,510
777,774,1,509
777,774,0,509
775,775,0,508
732,631,68,599
732,631,68,599
734,631,69,599
734,633,69,598
736,637,69,596
736,639,69,594
738,640,68,593
739,644,68,591
741,646,68,590
741,646,68,590
743,649,68,587
743,649,68,588
743,651,69,586
743,649,69,588
745,649,69,587
747,649,69,587
745,649,68,588
745,646,68,590
745,648,68,589
745,649,68,588
743,648,68,589
743,649,68,588
743,648,69,589
743,644,69,591
743,640,69,593
741,639,69,594
739,639,68,594
739,637,68,596
739,635,68,597
736,630,68,600
736,628,68,601
736,628,68,601
757,707,1,551
766,754,1,522
775,770,1,511
779,779,1,506
781,777,0,507
783,783,0,504
779,777,0,507
784,786,0,501
786,790,0,499
781,786,0,501
781,784,1,502
784,788,1,500
779,770,0,511
779,774,0,509
779,774,0,509
781,774,0,509
781,772,1,510
781,774,1,509
774,664,68,578
752,637,68,596
752,653,0,585
766,716,0,545
772,707,0,551
757,631,68,599
752,622,68,605
748,619,68,607
747,621,68,606
745,619,69,607
745,621,69,606
743,619,68,607
739,619,68,607
745,779,0,506
745,779,0,506
745,779,0,506
743,779,0,506
784,781,0,505
783,781,0,505
783,779,0,506
763,775,0,508
754,774,0,509
748,772,0,510
745,772,0,510
747,774,1,509
748,777,1,507
745,779,0,506
745,781,0,505
745,783,0,504
745,784,0,502
747,784,0,502
748,788,0,500
745,635,68,597
739,633,68,598
736,633,69,598
736,635,69,597
734,639,68,594
736,640,68,593
736,644,68,591
739,648,68,589
739,649,68,588
739,649,68,587
739,653,68,585
743,657,68,583
743,657,69,583
745,662,69,580
748,666,69,577
748,666,69,577
752,666,68,577
748,664,68,578
748,667,68,576
748,667,68,576
748,667,68,576
748,667,68,576
745,754,0,521
745,759,0,518
748,766,0,514
748,768,0,512
752,766,0,514
750,766,1,514
750,766,1,514
750,765,0,515
748,768,0,513
748,765,0,515
788,774,0,509
788,774,0,509
788,774,0,509
788,772,0,510
790,772,0,510
765,766,0,514
757,766,0,514
752,765,1,515
748,761,1,517
748,765,0,515
747,768,0,513
745,768,0,512
748,770,0,511
745,666,69,577
747,671,68,574
748,675,68,572
752,675,68,571
754,676,68,570
756,682,68,567
763,685,68,565
763,687,68,563
763,684,68,566
761,687,69,563
763,685,69,565
761,682,69,567
763,685,69,565
763,684,68,566
763,685,68,565
763,685,68,565
763,682,68,567
763,687,68,563
763,684,68,566
763,687,69,564
763,684,69,566
763,684,69,566
763,684,69,566
763,684,68,566
763,684,68,566
763,682,68,567
763,682,68,567
763,678,68,569
763,678,68,569
759,673,69,573
748,662,68,579
750,666,68,577
752,671,68,574
754,675,68,571
757,678,68,569
757,684,69,566
761,684,69,566
761,685,69,565
763,689,69,562
763,691,68,561
763,687,68,563
765,691,68,561
766,691,68,561
768,696,68,558
768,694,68,559
770,698,69,557
770,698,69,557
770,694,69,559
770,698,69,557
770,700,68,556
770,698,68,557
772,702,68,555
772,696,68,558
772,700,68,556
772,700,68,556
772,689,69,562
770,693,69,560
770,693,69,560
768,685,69,565
768,687,68,564
766,687,68,564
766,687,68,563
766,684,68,566
765,684,68,566
770,660,69,581
766,660,68,581
763,662,68,580
761,662,68,579
761,667,68,576
761,667,68,576
759,669,68,575
757,673,68,573
757,675,68,571
759,678,69,569
761,678,69,569
763,685,68,565
763,691,68,561
766,693,68,560
768,696,68,558
770,698,68,557
770,696,68,558
770,698,68,557
772,702,68,555
774,703,69,553
775,709,69,550
775,705,69,552
779,711,69,549
779,712,68,548
781,705,68,552
781,705,68,552
781,711,68,549
781,703,68,553
781,707,68,551
781,709,69,550
781,703,69,553
781,703,69,553
781,705,69,552
781,707,68,551
781,702,68,554
779,702,68,555
777,698,68,557
777,698,68,557
779,702,68,555
779,702,69,555
779,702,69,555
779,698,69,557
779,694,69,559
775,693,69,560
775,691,69,561
772,687,68,564
772,685,68,565
768,673,68,573
766,675,68,572
766,676,68,570
766,682,68,567
766,685,68,565
768,689,68,562
770,691,68,561
770,693,68,560
770,696,68,558
772,696,69,558
772,691,69,561
772,698,69,557
772,698,69,557
775,703,68,553
775,698,68,557
779,709,68,550
777,702,68,554
779,703,68,553
781,707,68,551
783,709,69,550
781,702,69,554
781,707,69,551
783,709,69,550
783,712,68,548
784,711,68,549
784,711,68,549
784,707,68,551
784,707,68,551
784,707,68,551
784,709,69,550
784,703,69,553
784,705,69,552
784,705,69,552
783,703,68,553
781,703,68,553
781,698,68,557
781,698,68,557
779,693,68,560
777,689,68,562
775,689,69,562
777,687,69,564
775,682,69,567
788,808,0,488
775,675,68,572
772,673,68,573
770,675,68,571
768,675,68,572
766,676,68,570
766,680,69,568
766,682,69,567
766,682,68,567
766,685,68,565
766,685,68,565
766,689,68,562
770,693,68,560
770,689,68,562
772,689,68,562
770,689,68,562
770,689,69,562
772,694,69,559
772,693,69,560
772,696,69,558
775,702,68,555
775,702,68,555
777,702,68,554
779,705,68,552
779,707,68,551
781,702,68,555
779,698,69,557
779,702,69,554
779,700,69,556
779,702,69,554
779,698,68,557
779,696,68,558
777,694,68,559
779,700,68,556
777,696,68,558
777,694,68,559
775,691,69,561
775,691,69,561
774,691,69,561
774,687,69,563
772,687,68,563
766,673,68,573
766,673,68,573
765,675,68,571
765,678,68,569
763,678,68,569
765,685,68,565
766,687,68,564
766,687,68,564
766,687,69,563
770,687,69,564
770,689,69,562
770,691,69,561
770,689,68,562
772,698,68,557
774,700,68,556
774,700,68,556
775,702,68,554
777,703,68,553
777,698,69,557
779,698,69,557
777,694,69,559
777,702,69,555
777,702,68,555
777,702,68,555
777,702,68,555
779,703,68,553
777,702,68,555
779,702,68,554
779,700,69,556
752,678,68,569
754,680,68,568
754,678,69,569
754,678,68,569
754,676,68,570
754,680,68,568
757,685,69,565
759,684,69,566
757,682,69,567
757,680,69,568
754,678,68,569
754,678,68,569
754,678,68,569
757,682,68,567
757,682,68,567
757,680,68,568
757,676,69,570
754,676,68,570
756,682,68,567
756,676,68,570
756,676,68,570
757,678,68,569
757,676,68,570
761,689,69,562
770,698,68,557
774,702,68,554
777,705,68,552
779,702,68,554
781,702,68,554
783,702,68,555
781,700,69,556
783,705,69,552
784,707,69,551
788,711,69,549
790,714,68,546
790,711,68,549
788,712,68,548
790,712,68,548
790,711,68,549
793,714,68,546
793,714,69,547
793,714,69,547
795,712,69,548
795,711,69,549
795,712,69,548
792,707,69,551
792,703,68,553
790,700,68,556
786,696,68,558
784,691,68,561
784,687,69,564
781,684,69,566
779,682,69,567
763,669,69,575
763,673,68,573
766,676,68,570
766,678,68,569
770,684,68,566
772,687,68,563
774,691,68,561
775,694,69,559
779,700,69,556
781,703,69,553
783,705,69,552
788,711,68,549
788,712,68,548
790,714,68,546
793,716,68,545
795,720,68,543
797,721,68,542
799,725,69,540
799,725,69,540
802,727,69,539
802,727,69,539
804,729,68,537
804,729,68,537
806,732,68,535
808,729,68,537
808,729,68,537
808,730,68,536
808,729,69,537
810,729,69,537
810,729,69,537
810,729,69,537
808,727,68,538
810,727,68,538
808,727,68,539
808,723,68,541
806,721,68,542
806,720,68,543
804,716,68,545
802,714,69,546
802,714,69,547
801,709,69,550
797,703,69,553
797,702,68,554
795,694,69,559
792,689,68,562
788,685,68,565
784,680,68,568
781,676,68,570
779,673,69,573
799,716,68,545
799,718,68,544
801,720,68,543
801,723,68,541
802,721,68,542
806,723,68,541
806,727,68,539
808,725,68,540
808,729,69,537
811,727,69,538
813,729,69,537
811,729,69,537
811,727,68,538
810,727,68,539
811,727,68,538
813,729,68,537
811,727,68,539
811,727,68,539
813,727,69,538
811,725,69,540
811,723,69,541
811,721,69,542
808,720,68,543
808,718,68,544
806,716,68,545
806,714,68,547
802,711,68,549
801,707,68,551
799,703,69,553
799,702,69,555
777,671,69,574
777,673,68,573
777,675,68,572
779,676,68,570
777,676,68,570
779,682,68,567
779,684,68,566
781,685,68,565
781,687,68,563
781,691,69,561
784,694,69,559
784,698,68,557
788,703,69,553
792,703,68,553
792,705,68,552
793,707,68,551
793,711,68,549
799,714,68,547
799,714,68,546
802,716,69,545
802,716,69,545
802,720,69,543
806,718,69,544
806,716,68,545
808,720,68,543
808,723,68,541
810,723,68,541
810,723,68,541
811,723,68,541
811,723,69,541
811,723,69,541
811,721,69,542
811,720,69,543
811,720,68,543
811,720,68,543
811,716,68,545
808,714,68,546
808,714,68,546
806,711,68,549
806,711,69,549
806,707,69,551
804,707,69,551
801,702,69,554
799,698,68,557
797,694,68,559
795,691,68,561
793,687,68,563
784,799,0,494
779,662,68,579
777,662,68,579
775,666,68,577
775,666,68,577
774,666,68,577
774,667,68,576
775,671,69,574
774,673,69,573
775,675,68,571
775,676,68,570
779,680,68,568
779,684,68,566
781,687,68,563
775,682,68,567
777,685,68,565
779,687,68,563
779,689,69,562
781,689,69,562
781,691,68,561
781,693,68,560
781,696,68,558
783,694,68,559
783,698,68,557
784,698,68,557
784,702,68,555
788,703,68,553
788,703,69,553
790,705,69,552
790,707,69,551
790,702,69,555
790,703,68,553
790,703,68,553
790,705,68,552
790,703,68,553
792,703,68,553
792,705,68,552
793,705,69,552
793,703,69,553
790,702,69,554
792,702,69,554
790,698,68,557
790,698,68,557
790,696,68,558
788,696,68,558
788,691,68,561
784,689,68,562
783,685,69,565
781,682,69,567
779,664,68,578
775,664,68,578
775,667,68,576
775,667,68,576
772,669,68,575
772,673,68,573
772,675,68,571
774,676,68,570
779,684,68,566
784,687,69,564
797,691,69,561
799,698,68,557
799,703,68,553
801,694,68,559
799,709,68,550
799,709,68,550
