718,714,5,546
707,608,5,614
727,727,5,538
714,635,5,597
718,482,69,692
732,567,69,640
725,646,5,590
716,599,5,619
725,495,69,684
729,675,5,571
680,693,1,560
682,693,1,560
682,691,1,561
684,689,0,562
685,689,0,562
685,689,0,562
687,691,0,561
689,691,0,561
693,693,0,560
693,694,0,559
693,694,0,559
696,694,0,559
694,694,0,559
698,696,0,558
705,698,0,557
705,700,1,556
711,702,1,555
714,702,1,554
720,707,1,551
725,709,1,550
729,714,1,547
734,716,1,545
736,716,1,545
736,725,1,540
727,603,0,617
736,664,0,578
738,684,68,566
730,597,0,621
720,577,0,633
736,523,68,667
732,612,0,611
723,594,0,623
727,489,68,688
730,628,0,601
732,675,1,572
738,702,1,555
725,606,1,615
736,666,1,577
718,594,1,623
739,639,69,594
730,610,1,613
725,522,1,668
736,646,1,590
729,603,1,617
730,507,68,677
730,633,0,598
729,500,68,681
730,639,0,594
734,682,0,567
736,705,0,552
727,612,0,612
732,675,0,571
736,702,1,554
711,604,1,616
727,660,1,581
730,694,1,559
729,714,1,546
727,727,1,539
729,734,1,534
729,739,1,531
730,741,1,530
729,741,1,529
729,741,0,529
730,741,0,530
714,662,0,579
694,707,1,551
694,707,1,551
691,705,1,552
691,702,0,554
687,702,0,554
687,702,0,555
689,702,0,555
689,702,0,555
694,700,0,556
696,702,0,555
703,702,0,554
660,698,1,557
617,691,0,561
615,763,0,516
604,772,20,510
599,723,20,541
601,658,0,582
601,662,0,579
599,671,21,574
599,729,21,537
601,752,21,523
604,775,21,508
608,784,20,502
615,730,0,536
637,815,28,484
655,829,28,475
592,801,28,492
631,822,28,479
655,833,28,473
655,829,28,475
660,835,28,471
658,833,28,473
660,833,28,473
660,833,20,473
577,788,29,500
594,804,29,490
633,822,29,479
574,792,29,498
554,772,29,510
644,822,28,479
648,828,28,476
572,802,29,491
576,797,29,495
603,817,29,482
628,829,29,475
637,837,29,470
610,781,29,505
628,792,29,498
633,799,28,494
640,802,29,491
642,802,28,491
646,806,28,489
567,781,28,505
547,768,28,512
541,766,28,514
543,768,28,512
543,763,28,516
550,766,28,514
565,777,28,507
604,793,28,497
640,810,28,487
657,820,28,480
613,804,28,490
649,819,29,481
642,815,29,484
660,822,29,479
610,802,29,491
664,831,29,474
631,819,29,481
615,817,29,483
664,835,29,472
658,721,21,542
667,727,1,539
669,835,20,472
655,833,20,473
655,833,28,473
633,824,28,478
664,835,28,471
669,734,0,534
651,835,28,472
662,838,28,469
669,846,21,465
639,837,29,470
657,842,29,467
594,826,29,477
606,828,29,476
594,822,29,479
617,829,29,475
646,838,29,469
658,842,29,467
667,846,21,465
637,837,29,470
595,826,29,477
568,817,28,483
599,824,28,478
646,840,28,468
660,844,28,466
667,849,20,463
669,851,20,462
671,750,1,524
606,671,1,574
597,718,20,544
599,752,20,523
599,754,20,521
599,756,20,520
601,754,20,521
601,759,20,518
601,763,20,516
604,768,20,513
603,768,20,512
604,770,21,511
604,768,21,512
606,770,21,511
619,786,29,501
635,801,28,493
640,802,28,491
646,806,28,489
603,792,28,498
637,801,28,492
649,808,28,488
655,811,28,486
662,817,28,482
664,817,28,482
669,824,20,478
655,815,28,484
651,817,28,483
673,741,0,530
667,826,20,477
662,817,29,483
658,765,21,515
669,714,1,547
669,716,1,545
649,822,29,479
664,837,21,470
615,691,0,561
604,765,20,515
601,648,0,589
604,660,0,581
610,669,1,575
615,680,1,568
615,711,1,549
601,748,21,525
604,649,0,587
612,667,0,576
615,709,0,550
601,637,0,596
637,813,28,485
655,824,28,478
658,826,28,477
667,831,20,474
669,833,20,473
669,835,20,471
651,793,20,497
667,835,20,472
671,770,0,511
660,828,28,476
667,833,21,473
671,835,21,471
651,817,29,482
666,833,29,473
664,833,21,473
635,826,29,477
635,822,29,479
655,829,29,475
622,817,28,482
646,829,28,475
588,808,28,488
583,804,28,490
601,811,28,486
642,826,28,477
655,829,28,475
660,835,28,472
664,835,28,471
642,729,20,537
646,829,28,475
666,837,29,470
640,828,29,476
637,829,29,475
631,828,29,476
621,824,29,478
664,844,21,466
660,840,20,468
628,691,0,561
597,743,21,528
601,748,21,525
601,759,21,518
601,763,21,516
603,766,21,514
601,640,0,593
597,711,20,549
597,727,20,538
599,754,20,521
601,765,20,515
603,768,20,513
606,774,20,509
619,788,28,500
637,801,28,493
640,801,28,492
646,806,28,489
640,799,28,494
648,811,29,486
649,811,29,486
651,810,29,487
651,815,29,484
651,815,29,484
610,790,29,499
644,815,28,484
648,819,28,481
649,817,28,482
660,824,28,478
666,831,20,474
585,786,28,501
615,808,28,488
619,808,28,488
646,822,28,479
649,826,28,477
646,824,28,478
658,831,28,474
658,829,28,475
642,705,1,552
658,828,29,476
648,835,29,472
604,810,29,487
590,804,29,490
639,837,29,470
660,849,29,463
644,846,29,465
651,846,29,465
667,853,21,461
666,851,21,462
664,851,20,462
667,745,0,527
637,837,28,470
667,849,20,463
669,853,20,461
651,838,28,469
612,675,0,571
610,671,0,574
606,669,0,575
606,667,0,576
604,667,0,576
603,664,0,578
604,662,0,579
608,653,0,585
612,662,0,579
612,666,0,577
631,797,29,495
648,804,29,490
658,811,29,486
660,815,29,484
664,817,28,482
666,822,28,479
669,824,20,478
664,712,0,548
667,824,20,478
662,709,0,550
667,829,20,475
658,711,20,549
667,828,20,476
669,831,20,474
669,829,20,475
669,831,20,474
653,720,20,543
662,826,28,477
667,829,21,475
619,817,29,483
658,828,29,476
664,828,29,476
664,829,21,475
658,828,29,476
667,833,21,473
653,779,21,506
662,712,1,548
669,721,1,542
671,835,21,471
671,835,20,471
628,819,28,481
653,831,28,474
608,819,28,481
601,813,28,485
597,811,28,486
586,797,28,495
610,813,28,485
583,801,29,493
568,786,29,501
597,804,29,490
640,822,29,479
653,831,29,474
664,838,29,469
630,831,29,474
612,822,29,479
653,838,29,469
660,842,29,467
624,837,28,470
597,828,28,476
567,810,28,487
556,802,28,491
568,813,28,485
633,833,28,473
655,838,28,469
662,844,28,466
669,844,21,466
669,849,21,463
649,828,29,476
610,671,0,574
610,671,0,574
612,671,0,574
610,673,0,573
628,788,28,500
646,802,28,491
655,811,28,486
658,813,28,485
666,817,28,482
666,822,20,479
628,810,28,487
621,811,28,486
664,828,28,476
655,826,28,477
673,720,0,543
675,723,0,541
658,772,20,510
660,808,21,488
669,698,1,557
622,617,0,608
658,819,28,481
669,718,0,544
673,727,0,538
673,811,0,486
669,828,20,476
660,801,20,493
734,752,0,523
734,752,0,523
734,752,0,523
736,752,0,523
736,752,0,523
736,752,0,523
736,750,0,524
736,752,0,523
736,750,0,524
736,748,0,525
738,752,0,523
738,752,0,523
736,752,1,523
736,752,1,523
734,750,1,524
732,748,1,525
730,747,0,526
599,748,20,525
604,770,20,511
608,779,20,506
610,781,20,505
613,765,0,515
613,784,1,503
610,783,21,504
619,664,1,578
606,621,1,606
606,603,1,617
606,601,1,618
610,608,1,614
646,797,29,495
664,811,28,486
671,817,20,482
664,815,20,484
657,781,20,505
664,705,0,552
669,714,0,547
675,721,0,542
680,711,1,549
676,707,1,551
675,703,1,553
673,702,1,554
673,702,1,555
669,698,1,557
691,723,1,541
689,720,1,543
687,714,1,546
684,711,1,549
682,707,1,551
680,705,1,552
678,702,0,554
676,702,0,555
675,698,0,557
673,698,0,557
673,696,0,558
734,761,1,517
734,761,0,517
732,759,0,518
730,759,0,518
730,759,0,518
727,757,0,519
725,754,0,521
723,754,1,521
725,754,1,522
723,752,1,523
721,750,1,524
721,748,1,525
720,745,1,527
718,745,1,527
714,741,1,529
712,741,1,530
712,741,1,530
711,739,0,531
709,738,0,532
709,736,0,533
709,736,0,533
709,734,0,534
709,732,0,535
707,732,0,535
707,732,0,535
705,729,1,537
707,729,1,537
739,714,0,546
745,747,0,526
748,765,0,515
748,774,0,509
750,775,0,508
750,774,1,509
754,777,1,507
756,777,1,507
757,779,1,506
757,777,1,507
757,777,1,507
754,775,1,508
750,774,1,509
748,768,0,512
741,768,0,513
739,765,0,515
736,763,0,516
736,765,0,515
736,765,0,515
734,763,0,516
736,763,0,516
736,761,0,517
739,763,0,516
739,761,1,517
741,761,1,517
741,761,1,517
741,759,1,518
741,759,1,518
739,759,1,518
739,757,0,519
739,757,0,519
739,754,0,521
739,754,0,521
739,756,0,520
738,745,1,527
739,761,1,517
741,768,1,513
741,763,1,516
747,768,1,512
736,763,0,516
727,761,0,517
720,759,0,518
718,756,0,520
714,754,0,522
709,747,0,526
709,745,0,527
705,741,0,529
705,741,0,529
703,739,0,531
698,734,0,534
696,732,0,535
696,732,1,535
696,732,1,535
694,732,1,535
694,729,1,537
669,707,1,551
667,702,1,554
666,700,1,556
678,718,0,544
676,716,0,545
675,714,0,547
673,711,0,549
669,703,0,553
667,702,0,554
666,700,0,556
664,698,0,557
662,694,0,559
660,693,1,560
658,689,1,562
700,747,0,526
696,741,0,530
694,736,0,533
693,732,0,535
693,732,1,535
693,729,1,537
691,727,1,538
691,723,1,541
687,720,1,543
685,716,1,545
684,714,0,547
682,711,0,549
678,711,0,549
676,709,0,550
673,707,0,551
673,705,0,552
671,702,0,554
669,702,0,555
669,702,0,555
675,712,0,548
676,711,0,549
675,709,0,550
673,703,0,553
673,703,0,553
673,702,0,554
673,702,0,554
671,702,0,555
669,700,0,556
628,630,0,600
660,817,28,482
660,702,0,555
673,747,0,526
669,824,20,478
660,817,20,482
658,813,28,485
658,811,20,486
658,727,20,538
649,775,20,508
626,784,28,503
682,709,1,550
676,702,1,555
673,698,1,557
673,702,1,555
673,698,1,557
700,714,1,547
696,711,1,549
694,709,1,550
694,707,1,551
703,718,0,544
703,718,0,544
700,716,0,545
703,716,0,545
705,720,0,543
707,720,0,543
707,721,1,542
709,720,1,543
712,721,1,542
714,721,1,542
718,723,1,541
723,723,1,541
723,723,0,541
723,723,0,541
673,829,0,475
694,725,0,540
676,714,0,546
678,813,0,485
694,754,0,521
696,741,0,530
680,723,0,541
676,720,0,543
671,716,0,545
667,709,1,550
662,703,1,553
658,698,1,557
651,687,1,563
649,687,1,563
648,691,1,561
646,685,0,565
642,682,0,567
768,541,68,655
768,541,68,655
770,545,68,653
770,543,68,654
770,545,68,653
765,541,68,655
783,579,69,632
786,586,69,627
793,594,69,623
797,595,69,622
799,594,69,623
802,599,69,620
804,595,68,622
804,599,68,620
799,572,68,636
799,586,68,627
792,568,68,639
763,536,68,659
763,536,68,659
766,540,68,657
768,541,68,655
772,545,69,653
774,550,69,650
775,550,69,650
784,572,69,637
781,559,69,644
781,561,69,643
788,568,69,639
786,563,69,642
784,559,69,644
783,563,68,642
784,565,68,641
783,559,68,644
795,585,68,628
761,536,68,659
763,536,68,659
763,536,68,659
763,536,68,659
766,540,68,657
768,541,68,655
772,545,69,653
774,550,69,650
775,550,69,650
784,572,69,637
781,559,69,644
781,561,69,643
788,568,69,639
786,563,69,642
784,559,69,644
783,563,68,642
784,565,68,641
783,559,68,644
795,585,68,628
790,568,68,639
786,568,68,639
788,570,68,638
784,567,68,640
784,567,68,640
788,576,68,634
781,563,69,642
790,585,69,629
793,588,69,626
790,568,69,639
786,563,69,642
784,559,69,644
784,561,69,643
783,563,69,642
783,563,68,642
784,565,68,641
783,565,68,641
781,561,68,643
779,561,68,643
748,523,68,667
759,545,69,653
761,540,69,657
766,545,69,653
770,547,69,652
768,545,69,653
775,558,69,646
790,585,69,629
793,588,69,626
790,568,69,639
786,563,69,642
784,559,69,644
784,561,69,643
783,563,69,642
783,563,68,642
784,565,68,641
783,565,68,641
781,561,68,643
779,561,68,643
779,559,68,644
779,563,69,642
795,590,69,625
795,576,69,634
790,568,69,639
786,565,69,641
781,561,69,643
788,567,69,640
761,527,69,665
757,529,68,663
759,529,68,663
757,527,68,664
757,531,68,662
757,538,68,658
770,554,68,648
768,541,68,655
770,543,68,654
772,543,68,654
774,541,68,655
774,547,68,652
766,543,69,654
759,540,69,657
757,536,68,659
766,543,68,654
765,540,68,657
766,541,68,655
766,540,68,657
768,547,68,652
772,547,68,652
772,543,68,654
772,545,68,653
772,549,69,651
774,547,69,652
768,545,69,653
774,549,69,651
775,549,69,651
772,545,69,653
774,545,69,653
774,547,69,652
772,543,68,654
779,558,68,646
777,558,68,646
793,581,68,631
781,558,68,645
784,567,68,640
770,552,68,649
774,550,68,650
772,538,68,658
770,540,68,657
772,541,68,656
770,540,68,657
770,540,69,657
772,541,69,655
777,543,69,654
793,579,69,632
788,558,69,646
784,552,69,649
781,550,69,650
783,550,68,650
788,565,69,641
795,585,68,628
793,568,68,639
802,586,68,627
804,595,68,622
799,568,68,639
792,561,68,643
790,563,68,642
786,559,68,644
783,558,68,646
775,543,68,654
774,547,68,652
775,545,68,653
786,572,68,636
795,586,68,627
801,585,68,628
804,574,68,635
793,559,68,644
793,559,68,644
786,556,68,647
784,552,68,649
759,538,68,658
761,534,68,660
765,536,68,659
759,522,68,668
759,520,68,669
766,531,68,662
772,538,68,658
774,538,68,658
790,570,68,638
793,561,68,643
790,550,69,650
793,558,69,646
793,563,69,642
795,559,69,644
795,554,69,648
797,559,69,644
793,561,69,643
799,559,69,644
799,565,69,641
790,558,68,645
784,558,68,646
781,558,68,645
792,577,68,633
793,585,68,629
775,558,68,645
777,563,68,642
784,565,68,641
736,509,68,675
741,514,68,672
743,520,68,669
741,520,68,669
747,522,68,668
748,527,69,665
757,536,69,659
756,531,69,662
763,534,69,660
763,534,69,660
763,534,69,660
761,534,69,660
779,558,69,645
763,540,68,657
765,541,68,655
765,541,68,656
777,568,68,639
777,558,68,646
775,556,68,647
777,559,68,644
779,563,69,642
779,558,69,645
781,558,69,646
781,558,69,646
777,554,69,648
777,554,69,648
777,556,68,647
777,556,68,647
777,558,68,645
777,558,68,645
779,565,68,641
777,559,68,644
777,561,68,643
777,559,68,644
775,558,68,646
748,527,68,664
750,527,68,664
750,525,68,666
748,527,68,665
748,527,68,665
750,525,68,666
748,527,68,664
750,527,68,664
750,527,69,664
754,532,69,661
757,532,69,661
765,545,69,653
763,540,69,657
775,552,69,649
775,550,69,650
775,550,68,650
774,550,68,650
775,554,68,648
775,559,68,644
775,549,69,651
775,550,68,650
774,549,69,651
774,550,68,650
775,554,68,648
775,559,68,644
775,558,68,645
775,559,68,644
777,561,68,643
775,558,68,645
775,558,68,646
775,561,68,643
777,574,68,635
775,559,69,644
775,561,69,643
772,554,69,648
752,527,68,665
754,531,69,662
759,540,69,657
763,543,69,654
766,545,69,653
770,552,69,649
777,570,69,638
752,527,68,665
754,531,69,662
759,540,69,657
763,543,69,654
766,545,69,653
770,552,69,649
777,570,69,638
781,558,69,645
784,558,69,645
790,581,69,631
790,565,69,641
790,568,68,639
790,567,68,640
786,568,68,639
788,568,68,639
790,570,68,638
788,568,68,639
788,574,68,635
786,568,68,639
793,583,69,630
788,568,69,639
786,565,69,641
784,567,69,640
793,583,68,630
797,572,68,637
797,570,68,638
793,568,68,639
793,570,68,638
793,577,68,633
795,576,69,634
790,558,68,645
792,561,68,643
795,577,68,633
793,583,68,630
797,572,68,637
797,570,68,638
793,568,68,639
793,570,68,638
793,577,68,633
795,576,69,634
799,581,69,631
799,572,69,637
799,577,69,633
797,572,69,636
801,585,69,628
790,563,69,642
795,586,69,627
790,567,68,640
793,581,68,631
792,568,68,639
784,559,68,644
784,561,68,643
781,556,69,647
784,558,69,645
781,552,69,649
781,550,69,650
790,565,69,641
786,559,69,644
784,558,68,645
783,558,68,646
781,558,68,645
786,568,68,639
784,561,68,643
777,554,68,648
750,531,69,662
757,540,69,657
756,531,69,662
766,559,69,644
759,538,69,658
756,532,68,661
757,532,68,661
756,532,68,661
754,532,68,661
757,536,68,659
743,514,69,672
748,520,69,669
748,522,69,668
748,523,68,667
752,525,68,666
752,527,68,665
754,527,68,665
756,531,68,662
757,536,68,659
759,531,68,662
761,538,68,658
763,541,68,656
772,559,68,644
761,538,68,658
763,541,68,656
772,559,68,644
799,590,69,625
795,570,69,638
786,559,69,644
781,549,69,651
774,543,69,654
790,570,69,638
795,579,69,632
775,554,68,648
768,549,68,651
765,547,68,652
774,543,69,654
790,570,69,638
795,579,69,632
784,565,69,641
775,554,68,648
768,549,68,651
765,547,68,652
756,541,68,655
748,541,68,656
757,547,68,652
759,543,68,654
747,534,68,660
748,547,68,652
741,509,69,675
750,522,69,668
741,513,69,673
739,511,69,674
741,513,68,673
745,522,68,668
745,522,68,668
761,541,68,655
763,547,68,652
745,522,68,668
745,522,68,668
761,541,68,655
763,547,68,652
774,559,68,644
766,549,68,651
766,543,68,654
765,541,68,656
768,545,68,653
772,547,68,652
741,513,68,673
745,522,68,668
745,522,68,668
761,541,68,655
763,547,68,652
774,559,68,644
766,549,68,651
766,543,68,654
765,541,68,656
768,545,68,653
772,547,68,652
784,568,68,639
793,585,68,628
797,588,69,626
790,574,69,635
784,567,69,640
781,563,69,642
777,558,69,645
748,504,69,679
745,507,69,677
743,507,68,677
747,511,68,674
748,516,68,671
754,523,68,667
752,523,68,667
754,527,68,664
759,531,68,662
759,532,68,661
766,541,68,656
765,547,68,652
768,547,68,652
766,545,68,653
770,547,69,652
772,549,69,651
777,567,69,640
788,577,69,633
766,541,68,656
765,547,68,652
768,547,68,652
766,545,68,653
770,547,69,652
772,549,69,651
777,567,69,640
788,577,69,633
790,588,69,626
786,574,69,635
784,574,69,635
779,563,69,642
777,561,69,643
777,561,69,643
772,558,69,646
754,513,68,673
752,513,68,673
754,520,68,669
757,527,68,665
756,523,68,667
761,525,68,666
757,527,68,665
761,531,68,662
777,559,69,644
784,570,69,638
790,577,69,633
793,577,69,633
786,558,69,645
784,556,69,647
777,552,68,649
788,572,68,637
786,567,68,640
788,572,68,637
781,563,68,642
772,558,68,646
765,547,68,652
757,525,69,666
759,532,69,661
759,534,68,660
754,532,68,661
756,536,68,659
759,536,68,659
766,545,68,653
768,549,68,651
766,545,68,653
772,552,68,649
759,534,68,660
754,532,68,661
756,536,68,659
759,536,68,659
766,545,68,653
768,549,68,651
766,545,68,653
772,552,68,649
804,594,68,623
774,563,69,642
739,516,69,671
734,518,69,670
741,523,69,667
745,523,69,667
743,525,69,666
743,523,68,667
748,529,68,663
743,527,68,665
747,532,68,661
734,518,69,670
741,523,69,667
745,523,69,667
743,525,69,666
743,523,68,667
748,529,68,663
743,527,68,665
747,532,68,661
757,550,68,650
727,509,68,676
721,500,68,681
723,505,68,678
727,507,68,677
741,543,68,654
750,541,69,655
748,527,69,664
721,500,68,681
723,505,68,678
727,507,68,677
741,543,68,654
750,541,69,655
748,527,69,664
741,523,69,667
748,531,69,662
754,540,69,657
754,540,69,657
756,540,68,657
754,540,68,657
754,540,68,657
757,543,68,654
723,505,68,678
727,507,68,677
741,543,68,654
750,541,69,655
748,527,69,664
741,523,69,667
748,531,69,662
754,540,69,657
754,540,69,657
756,540,68,657
754,540,68,657
754,540,68,657
757,543,68,654
759,549,68,651
768,558,68,646
772,559,69,644
774,563,69,642
775,561,69,643
775,561,69,643
770,558,69,646
761,552,69,649
759,552,69,649
763,554,69,648
759,547,68,652
768,563,68,642
752,541,68,656
743,536,68,659
739,532,68,661
732,527,68,665
727,527,68,665
741,511,68,674
759,543,68,654
761,561,68,643
741,511,68,674
759,543,68,654
761,561,68,643
757,540,68,657
748,527,68,665
747,527,69,665
743,523,69,667
752,532,69,661
766,558,69,645
763,545,69,653
757,540,68,657
748,527,68,665
747,527,69,665
743,523,69,667
752,532,69,661
766,558,69,645
763,545,69,653
770,556,68,647
770,558,68,646
741,504,68,679
759,531,69,662
763,534,69,660
757,531,68,662
754,527,68,665
759,541,68,655
775,563,68,642
757,531,68,662
754,527,68,665
759,541,68,655
775,563,68,642
779,572,68,637
768,549,68,651
766,545,68,653
766,550,68,650
763,552,69,649
772,563,69,642
756,543,69,654
748,540,69,657
754,549,69,651
763,536,68,659
761,536,68,659
759,559,68,644
748,507,69,677
747,507,69,677
747,509,69,675
763,536,68,659
761,536,68,659
759,559,68,644
759,532,68,661
783,576,68,634
786,572,68,636
781,558,69,646
781,558,69,646
788,563,69,642
788,561,69,643
784,559,69,644
795,574,68,635
732,491,68,686
730,491,68,686
732,498,68,682
732,500,68,681
757,536,68,659
765,552,68,649
759,534,68,660
754,529,68,663
732,500,68,681
757,536,68,659
765,552,68,649
759,534,68,660
754,529,68,663
754,527,68,664
757,532,69,661
759,540,69,657
757,532,69,661
730,513,69,673
734,516,69,671
721,505,68,678
725,505,68,678
721,505,68,678
723,505,68,678
727,511,68,674
730,513,69,673
734,516,69,671
748,541,69,656
759,556,69,647
725,505,68,678
721,505,68,678
723,505,68,678
727,511,68,674
730,513,69,673
734,516,69,671
748,541,69,656
759,556,69,647
763,558,69,645
766,561,69,643
765,552,69,649
765,550,69,650
763,545,68,653
730,487,69,689
732,493,69,685
750,518,69,670
739,507,69,677
750,518,69,670
747,516,68,671
748,518,68,670
750,523,68,667
748,523,68,667
748,523,68,667
748,523,68,667
748,523,68,667
750,527,68,665
752,532,68,661
748,518,68,670
750,523,68,667
748,523,68,667
748,523,68,667
750,527,68,665
752,532,68,661
754,527,68,664
750,534,68,660
757,536,68,659
757,536,68,659
768,547,69,652
774,554,69,648
781,558,69,645
781,558,69,646
779,558,69,646
745,511,68,674
748,518,68,670
756,527,68,665
754,525,68,666
750,527,68,664
748,518,68,670
756,527,68,665
754,525,68,666
750,527,68,664
763,540,68,657
759,532,68,661
759,536,68,659
759,540,69,657
766,545,69,653
768,543,69,654
772,552,69,649
775,552,69,649
777,550,69,650
790,583,69,630
795,586,68,627
763,513,68,673
754,511,68,674
750,509,68,675
747,509,68,676
745,509,68,676
750,514,68,672
750,514,68,672
756,522,68,668
763,536,68,659
774,550,68,650
763,534,68,660
763,532,69,661
761,534,69,660
765,540,69,657
772,545,69,653
799,572,68,636
799,572,68,636
801,574,68,635
802,577,68,633
808,583,68,630
808,581,69,631
808,579,69,632
770,514,68,672
761,509,68,675
754,509,68,676
750,509,68,676
752,511,68,674
750,511,68,674
745,509,69,676
747,509,69,675
747,516,69,671
756,522,69,668
754,520,68,669
754,525,68,666
754,529,68,663
750,527,68,664
756,534,68,660
747,509,69,676
756,522,69,668
748,514,69,672
745,511,68,674
747,513,68,673
754,520,68,669
754,522,68,668
750,523,68,667
757,531,68,662
763,531,68,662
772,541,68,656
772,541,68,655
768,541,68,655
774,547,68,652
770,549,69,651
775,556,69,647
779,558,69,646
781,558,69,645
786,568,69,639
788,570,69,638
804,594,69,623
797,577,69,633
793,574,69,635
799,576,69,634
801,585,68,629
802,585,69,628
775,550,69,650
770,547,69,652
774,554,68,648
783,558,68,645
790,568,68,639
790,563,68,642
792,568,68,639
793,568,68,639
795,572,68,636
799,576,68,634
808,588,68,626
772,513,68,673
770,513,68,673
763,514,68,672
761,516,68,671
759,518,68,670
757,520,68,669
759,523,68,667
763,529,68,663
765,529,69,663
763,531,69,662
761,531,69,662
766,534,69,660
766,534,69,660
774,547,68,652
784,565,68,641
774,547,68,652
784,565,68,641
781,558,68,645
781,554,68,648
790,574,68,635
792,572,68,637
795,572,68,637
795,572,68,636
819,603,69,617
811,588,69,626
815,594,69,623
813,588,69,626
811,585,68,628
808,585,68,629
786,516,68,671
774,516,68,671
770,516,68,671
766,514,68,672
784,558,68,646
784,558,68,645
795,583,68,630
799,577,68,633
797,574,68,635
804,585,68,628
801,581,69,631
804,581,69,631
802,579,69,632
808,583,69,630
784,558,68,645
727,505,68,678
732,513,68,673
748,543,68,654
754,547,68,652
747,529,69,663
745,529,69,663
743,527,69,664
732,513,68,673
748,543,68,654
754,547,68,652
747,529,69,663
745,529,69,663
743,527,69,664
747,529,69,663
750,532,69,661
757,543,69,654
757,541,68,655
761,545,68,653
784,577,68,633
784,576,68,634
775,565,68,641
788,586,68,627
788,577,68,633
775,559,69,644
775,559,69,644
772,558,69,646
770,554,68,648
761,547,68,652
757,545,68,653
750,541,68,656
747,541,68,656
734,502,68,680
727,493,68,685
729,500,68,681
736,507,68,677
730,505,69,678
736,511,69,674
739,513,69,673
741,518,69,670
739,516,69,671
736,507,68,677
730,505,69,678
736,511,69,674
739,513,69,673
741,518,69,670
739,516,69,671
727,493,68,685
729,500,68,681
736,507,68,677
730,505,69,678
736,511,69,674
739,513,69,673
741,518,69,670
739,516,69,671
743,523,68,667
745,527,68,665
752,541,68,655
757,538,68,658
756,541,68,656
741,518,69,670
739,516,69,671
743,523,68,667
745,527,68,665
752,541,68,655
757,538,68,658
756,541,68,656
759,541,68,656
763,547,68,652
763,543,68,654
768,556,68,647
768,554,68,648
768,552,68,649
786,574,68,635
786,572,68,637
777,577,69,633
779,585,69,629
763,559,69,644
766,572,69,637
754,550,69,650
781,536,68,659
766,523,69,667
763,522,69,668
763,525,69,666
759,523,69,667
761,527,69,665
759,527,69,664
757,527,68,664
759,531,68,662
759,534,68,660
768,545,68,653
781,563,68,642
779,558,68,645
781,558,68,645
781,558,68,646
784,561,69,643
790,567,69,640
788,565,69,641
792,572,69,636
790,574,69,635
793,572,69,637
790,572,69,637
795,576,69,634
795,574,69,635
801,583,69,630
801,581,68,631
808,599,68,620
804,585,68,629
801,581,68,631
747,514,68,672
748,538,68,658
759,509,68,676
752,509,68,676
748,505,68,678
741,502,68,680
741,504,68,679
739,509,68,675
738,507,68,677
736,509,68,675
739,514,69,672
745,520,69,669
748,527,69,665
750,525,69,666
754,529,69,663
750,523,69,667
745,523,68,667
736,509,68,675
739,514,69,672
745,520,69,669
748,527,69,665
750,525,69,666
754,529,69,663
750,523,69,667
745,523,68,667
748,525,68,666
763,545,68,653
768,552,68,649
766,558,68,646
739,513,69,673
745,518,68,670
743,522,68,668
750,523,68,667
754,536,68,659
754,531,68,662
763,547,68,652
774,509,68,676
759,505,68,678
754,500,68,681
748,500,68,681
745,498,68,682
739,502,68,680
739,504,69,679
738,504,69,679
736,504,69,679
739,507,69,677
739,509,68,675
739,513,69,673
745,518,68,670
743,522,68,668
750,523,68,667
754,536,68,659
754,531,68,662
763,547,68,652
774,536,68,659
777,554,68,648
765,529,68,663
763,527,68,665
795,581,69,631
757,511,68,674
757,516,68,671
775,552,69,649
774,545,69,653
772,547,69,652
784,561,68,643
795,581,68,631
806,590,68,625
790,574,68,635
792,581,68,631
777,552,68,649
783,558,68,645
790,565,68,641
793,570,68,638
795,568,68,639
795,572,68,637
795,567,68,640
804,590,69,625
808,585,69,629
806,581,69,631
808,581,69,631
790,581,68,631
799,567,69,640
802,574,69,635
811,595,69,622
811,597,69,621
808,586,69,627
802,574,69,635
801,572,68,637
797,576,68,634
793,572,68,636
795,572,68,636
723,496,68,683
745,520,68,669
739,507,68,677
734,500,68,681
730,502,68,680
729,504,68,679
734,507,68,677
759,541,68,655
766,543,68,654
748,525,69,666
745,523,69,667
745,525,69,666
738,518,69,670
736,516,69,671
738,516,69,671
745,523,68,667
748,529,68,663
757,513,68,673
750,509,68,676
745,505,68,678
743,509,68,676
745,509,68,676
748,513,69,673
748,513,69,673
757,522,69,668
756,520,69,669
750,518,69,670
750,520,69,669
748,523,68,667
761,538,68,658
757,534,68,660
759,529,68,663
768,550,68,650
786,574,69,635
788,572,69,636
784,572,69,637
759,514,68,672
754,511,68,674
801,583,68,630
799,581,68,631
801,581,68,631
799,577,68,633
804,594,68,623
804,586,68,627
799,585,68,629
808,606,69,615
808,592,69,624
759,509,68,676
784,558,68,645
712,505,69,678
761,504,68,679
757,504,68,679
750,500,69,681
748,504,69,679
748,507,69,677
747,507,69,677
743,505,69,678
741,509,68,676
761,541,68,656
772,552,68,649
759,531,68,662
761,541,68,656
772,552,68,649
759,531,68,662
763,540,68,657
766,538,68,658
763,536,68,659
761,534,68,660
765,538,68,658
774,556,68,647
781,558,69,646
781,559,69,644
784,563,69,642
784,561,69,643
786,570,69,638
757,527,68,665
763,536,69,659
766,545,69,653
772,549,69,651
777,552,69,649
784,550,69,650
786,550,69,650
788,556,68,647
790,568,68,639
804,599,68,620
761,536,69,659
763,538,68,658
766,541,68,656
768,545,68,653
774,552,68,649
802,570,69,638
802,572,68,636
801,583,68,630
802,581,68,631
790,558,68,645
786,558,68,646
786,559,68,644
790,561,68,643
790,567,68,640
781,545,68,653
783,547,68,652
786,558,68,646
786,558,68,646
795,576,68,634
802,588,68,626
795,570,68,638
792,567,69,640
792,568,69,639
801,585,69,629
795,572,69,637
790,568,69,639
781,550,68,650
795,574,68,635
786,561,68,643
788,565,68,641
795,576,68,634
795,572,68,637
795,572,68,636
781,549,68,651
788,565,68,641
786,558,68,645
790,565,68,641
711,491,68,686
732,527,68,665
720,495,68,684
732,491,68,686
734,495,68,684
739,504,68,679
734,495,68,684
739,504,68,679
739,504,68,679
739,507,68,677
736,504,69,679
741,509,69,676
766,543,68,654
761,543,68,654
763,545,68,653
774,556,68,647
781,561,68,643
783,559,68,644
799,586,68,627
801,585,68,629
797,574,68,635
712,491,68,686
712,491,68,686
714,498,68,682
716,495,68,684
718,502,68,680
738,529,68,663
736,527,68,665
736,527,68,665
739,543,69,654
718,502,68,680
738,529,68,663
736,527,68,665
736,527,68,665
739,543,69,654
741,525,69,666
736,529,69,663
757,558,69,646
754,547,69,652
756,540,69,657
748,529,68,663
718,513,69,673
741,531,69,662
747,534,69,660
730,516,68,671
730,516,68,671
723,511,68,674
730,522,68,668
745,541,68,656
750,541,68,655
754,545,68,653
714,489,68,687
709,588,0,626
720,489,68,687
714,489,68,687
714,489,68,687
718,495,68,684
730,514,69,672
730,525,69,666
739,550,69,650
736,523,69,667
748,538,69,658
748,527,69,665
745,529,69,663
739,525,69,666
759,579,68,632
750,543,68,654
734,525,68,666
736,527,68,664
741,529,68,663
741,554,68,648
759,559,68,644
761,556,68,647
754,541,68,655
761,570,68,638
718,489,69,687
725,502,69,680
716,493,69,685
716,493,69,685
718,493,69,685
721,495,69,684
727,504,69,679
734,516,69,671
745,532,68,661
745,525,68,666
738,514,68,672
745,534,68,660
747,529,68,663
750,538,68,658
754,543,68,654
709,478,69,694
712,482,69,692
714,487,69,689
723,493,68,685
729,504,68,679
729,504,68,679
732,507,68,677
730,513,68,673
739,507,68,677
738,509,68,676
739,511,68,674
716,484,68,691
770,549,68,651
774,558,68,645
795,570,69,638
795,568,69,639
750,520,69,669
754,532,69,661
750,516,68,671
739,504,68,679
747,511,68,674
757,531,68,662
759,527,68,664
747,514,68,672
743,511,68,674
736,487,69,689
730,486,69,690
730,487,69,689
727,487,68,689
741,513,68,673
741,507,68,677
766,536,68,659
766,536,69,659
772,541,69,655
774,543,69,654
775,543,69,654
788,572,69,637
779,547,69,652
718,489,69,687
714,487,69,689
720,491,69,686
727,495,68,684
729,498,68,682
739,514,68,672
739,507,68,677
738,507,68,677
739,509,68,676
738,509,68,676
756,536,68,659
748,518,68,670
763,532,69,661
766,518,69,670
748,511,68,674
747,511,68,674
736,511,69,674
739,507,69,677
745,529,68,663
736,507,68,677
748,520,68,669
736,511,68,674
734,511,68,674
748,523,68,667
752,523,68,667
734,505,68,678
730,500,68,681
732,502,68,680
736,502,69,680
739,518,69,670
756,554,69,648
732,484,68,691
725,484,68,691
721,482,68,692
718,482,68,692
720,484,68,691
723,493,69,685
729,489,69,688
729,491,69,686
727,493,69,685
730,500,69,681
730,505,69,678
757,532,69,661
765,541,69,655
763,543,69,654
745,507,68,677
734,532,68,661
727,498,68,682
725,498,68,682
723,482,68,692
709,471,68,698
709,568,0,639
721,486,68,690
718,482,68,692
714,484,68,691
711,486,68,690
718,498,68,682
729,511,68,674
729,504,68,679
736,527,68,665
739,514,68,672
736,514,68,672
763,547,69,652
761,545,69,653
741,527,69,665
729,514,69,672
718,505,69,678
721,493,68,685
716,487,68,689
718,486,68,690
723,493,68,685
732,502,68,680
739,509,68,676
750,520,68,669
748,514,69,672
748,514,69,672
757,534,69,660
765,541,69,656
768,534,69,660
768,531,69,662
765,527,68,665
763,527,68,665
763,534,68,660
768,543,68,654
761,529,68,663
759,529,68,663
754,527,68,664
757,536,68,659
748,525,68,666
741,523,68,667
739,518,68,670
736,516,68,671
736,516,69,671
739,522,69,668
736,518,69,670
736,520,69,669
736,518,69,670
730,511,69,674
748,540,69,657
720,487,68,689
723,489,68,687
727,491,68,686
790,558,68,645
790,559,68,644
790,559,68,644
795,583,68,630
799,586,68,627
802,595,68,622
806,583,68,630
750,529,68,663
747,511,68,674
757,527,68,665
718,489,68,688
716,489,68,687
714,482,68,692
712,484,68,691
723,486,69,690
739,531,69,662
752,538,69,658
759,527,69,665
750,514,69,672
756,531,69,662
763,532,69,661
770,554,69,648
770,550,68,650
777,547,68,652
768,541,68,655
777,568,68,639
783,570,68,638
790,579,68,632
705,572,1,636
709,473,69,697
718,486,69,690
709,480,69,693
714,585,0,628
718,489,68,687
712,489,68,687
709,489,68,688
709,489,68,687
709,489,68,687
709,489,68,688
709,489,68,687
709,489,68,687
712,496,68,683
714,498,68,682
712,495,68,684
718,498,69,682
714,496,69,683
714,493,69,685
721,507,69,677
736,520,69,669
739,523,69,667
750,525,69,666
745,520,69,669
739,507,68,677
714,478,68,694
712,487,68,689
720,486,68,690
734,509,68,676
736,505,68,678
736,504,68,679
739,507,68,677
741,505,68,678
741,505,68,678
743,509,68,675
745,511,68,674
745,509,68,676
741,507,68,677
727,505,69,678
712,491,69,686
705,572,0,637
721,489,68,688
709,581,0,631
712,489,68,688
723,516,69,671
711,489,69,687
725,518,69,670
712,489,69,688
707,489,69,687
721,498,69,682
712,496,69,683
709,496,69,683
712,496,68,683
714,491,68,686
712,498,68,682
707,583,0,630
712,491,68,686
712,586,0,627
676,662,0,580
680,664,1,578
693,675,0,571
696,675,0,571
703,687,1,564
709,680,1,568
714,684,1,566
720,556,69,647
714,594,1,623
700,554,1,648
718,637,1,596
703,559,1,644
709,619,1,607
714,660,1,581
714,678,0,569
718,693,0,560
703,567,0,640
718,633,0,598
714,702,1,554
714,707,1,551
712,709,0,550
718,709,0,550
716,711,0,549
709,624,1,604
705,608,1,614
716,523,69,667
711,624,0,603
703,619,0,607
718,505,68,678
711,658,0,582
700,577,0,633
718,504,68,679
712,604,0,616
707,480,68,693
720,624,68,603
714,622,0,605
707,590,0,625
709,482,69,692
714,498,69,682
721,518,69,670
716,608,1,614
705,594,1,623
712,487,69,689
721,559,68,644
711,601,0,618
705,536,0,659
718,500,68,681
716,606,0,615
705,595,0,622
705,522,0,668
720,568,68,639
712,608,0,614
705,543,0,654
716,639,0,594
714,698,0,557
718,664,68,578
709,631,0,599
702,577,0,633
718,489,68,687
716,640,0,593
705,585,0,628
703,574,0,635
718,507,68,677
714,604,0,616
705,525,1,666
718,626,1,602
707,597,1,621
709,484,69,691
714,487,69,689
718,603,1,617
736,513,68,673
732,622,0,605
748,513,68,673
743,633,0,598
736,522,0,668
747,514,68,672
750,622,68,605
743,612,1,611
741,513,69,673
743,630,1,600
736,576,1,634
741,509,69,676
750,522,69,668
750,559,69,644
739,633,0,598
745,689,0,562
732,619,0,607
748,671,0,574
748,567,68,640
741,649,0,587
748,646,0,590
736,558,0,646
745,520,68,669
748,648,1,589
736,545,1,653
743,523,69,667
750,570,69,638
734,541,0,655
748,720,0,543
739,619,0,607
732,603,1,617
748,576,69,634
739,613,1,610
741,504,69,679
750,574,69,635
743,628,1,601
738,509,69,675
748,525,69,666
745,640,1,593
732,619,0,607
747,518,68,670
748,694,0,559
730,621,0,606
745,523,68,667
747,639,0,594
736,615,1,609
736,604,1,616
748,520,69,669
748,660,1,581
739,624,1,603
730,608,1,614
745,509,69,676
748,630,1,600
738,619,0,607
732,626,0,602
750,594,68,623
743,698,1,557
732,613,1,610
739,502,69,680
748,619,69,607
745,630,1,600
736,613,1,610
732,612,0,612
743,505,68,678
748,687,1,563
750,588,69,626
734,610,1,613
743,509,69,676
748,684,1,566
743,624,1,604
747,513,68,673
736,621,1,606
712,570,0,638
730,550,69,650
727,612,1,611
718,599,1,620
723,480,68,693
720,487,68,689
720,487,69,689
727,491,69,686
732,549,69,651
727,487,69,689
723,489,69,687
718,478,69,694
730,495,68,684
732,586,69,627
720,466,69,702
730,525,69,666
723,595,1,622
718,469,69,699
730,567,69,640
727,610,1,613
721,480,69,693
721,480,69,693
720,484,69,691
727,603,1,617
714,581,1,631
721,475,69,696
730,487,69,689
730,504,69,679
718,486,68,690
732,514,69,672
736,520,69,669
734,504,69,679
736,513,69,673
736,511,69,674
736,513,69,673
736,513,69,673
736,511,69,674
732,482,69,692
732,480,69,693
727,482,69,692
721,473,69,697
736,498,69,682
738,489,69,687
729,478,69,694
725,489,68,687
723,489,68,687
734,487,68,689
723,475,68,696
739,500,69,681
736,500,69,681
730,496,69,683
732,498,69,682
730,493,68,685
730,493,68,685
730,500,68,681
730,509,68,675
732,513,68,673
734,511,68,674
734,518,68,670
732,507,68,677
727,495,69,684
732,504,69,679
736,518,69,670
736,516,69,671
741,527,69,665
745,525,69,666
725,477,69,695
732,487,68,689
738,507,68,677
738,502,68,680
739,498,68,682
741,518,68,670
738,495,69,684
738,498,69,682
745,504,69,679
745,502,69,680
759,523,68,667
757,522,68,668
729,473,68,697
718,540,0,657
727,471,68,698
741,493,69,685
739,495,68,684
736,495,68,684
739,500,68,681
741,505,68,678
750,518,68,670
763,534,68,660
757,523,68,667
763,527,68,665
766,540,69,657
772,549,69,651
775,550,69,650
725,475,69,696
759,536,69,659
759,543,69,654
757,513,69,673
768,538,69,658
770,536,69,659
766,520,69,669
763,523,69,667
763,523,68,667
759,523,68,667
761,529,68,663
770,549,68,651
766,534,68,660
768,538,68,658
768,534,68,660
770,531,68,662
775,549,68,651
772,538,68,658
730,657,69,583
723,612,1,611
714,570,1,638
727,466,69,702
720,451,68,710
727,460,68,705
723,468,68,701
730,478,69,694
729,572,1,637
720,464,69,703
727,482,69,692
714,581,1,631
720,464,69,703
730,475,69,696
723,462,69,704
720,469,69,699
736,489,69,688
750,516,68,671
734,487,68,689
725,612,0,612
714,561,0,643
723,460,69,705
730,606,69,615
721,581,1,631
718,466,69,702
734,480,69,693
721,471,69,698
721,471,68,698
736,455,69,708
723,448,69,712
745,468,69,700
745,477,69,695
750,487,69,689
736,475,69,696
729,471,68,698
745,489,68,687
741,489,68,688
775,536,69,659
741,491,68,686
745,493,68,685
727,480,68,693
716,561,1,643
714,527,1,665
727,468,69,700
723,464,69,703
723,471,69,698
721,471,69,698
720,459,69,706
730,466,68,702
730,507,68,677
725,455,68,708
756,505,69,678
754,502,69,680
759,529,69,663
763,531,69,662
766,534,68,660
768,541,68,655
770,523,69,667
770,523,69,667
775,527,69,665
777,536,69,659
766,516,68,671
766,516,68,671
765,518,68,670
763,516,68,671
768,529,68,663
770,527,68,664
774,540,68,657
777,549,68,651
775,532,68,661
779,543,68,654
777,538,68,658
777,541,68,655
784,558,69,645
790,567,69,640
790,570,69,638
793,563,69,642
795,563,69,642
799,574,69,635
799,565,69,641
795,554,69,648
797,570,68,638
795,572,68,637
784,532,69,661
790,549,69,651
790,543,69,654
754,496,69,683
754,496,69,683
750,498,68,682
754,504,68,679
765,518,68,670
763,513,68,673
775,532,68,661
770,520,68,669
777,523,68,667
777,525,68,666
774,523,68,667
772,525,68,666
779,540,68,657
784,552,68,649
784,538,69,658
784,531,69,662
781,529,69,663
784,532,69,661
790,549,69,651
790,543,69,654
788,545,69,653
788,541,69,655
790,541,68,655
786,531,69,662
790,541,69,656
783,531,69,662
784,534,69,660
786,541,69,655
786,543,69,654
790,549,68,651
792,549,68,651
793,558,68,646
795,554,68,648
793,549,68,651
795,558,68,646
797,550,68,650
772,516,69,671
774,522,69,668
770,516,69,671
784,538,69,658
790,545,68,653
792,549,68,651
788,538,68,658
792,549,68,651
795,558,68,646
799,558,68,646
793,541,68,656
801,559,68,644
802,567,68,640
797,552,68,649
802,559,68,644
795,558,68,646
799,558,68,646
793,541,68,656
801,559,68,644
802,567,68,640
797,552,68,649
802,559,68,644
793,545,68,653
799,558,68,646
804,568,69,639
806,568,69,639
808,563,69,642
745,500,69,681
756,513,69,673
747,502,68,680
743,504,68,679
745,504,68,679
741,500,68,681
745,504,68,679
745,507,68,677
763,541,68,656
772,536,68,659
804,561,68,643
786,558,68,646
786,556,68,647
777,527,68,665
772,522,69,668
774,520,69,669
766,516,69,671
765,513,69,673
763,518,69,670
763,513,69,673
765,529,69,663
786,531,69,662
788,541,68,656
788,541,68,655
793,538,68,658
792,541,68,655
793,540,68,657
747,509,69,676
741,502,69,680
743,502,69,680
747,505,68,678
754,509,68,675
750,498,68,682
747,500,68,681
725,471,69,698
741,500,69,681
741,500,69,681
730,484,69,691
730,484,69,691
750,509,68,675
750,509,68,675
739,491,68,686
739,491,68,686
730,484,68,691
730,484,68,691
729,475,68,696
714,583,0,630
714,540,1,657
727,475,69,696
732,585,69,628
716,509,1,676
732,468,69,700
738,486,68,690
730,478,68,694
734,487,68,689
777,538,69,658
774,527,69,664
774,527,69,665
775,531,69,662
777,536,68,659
781,547,68,652
781,540,68,657
779,540,68,657
775,532,68,661
779,543,68,654
781,554,68,648
783,558,68,646
741,496,68,683
750,514,68,672
759,534,68,660
759,520,68,669
765,531,69,662
772,540,69,657
775,543,69,654
777,532,69,661
777,538,69,658
774,527,69,664
774,527,69,665
775,531,69,662
777,536,68,659
781,547,68,652
781,540,68,657
779,540,68,657
775,532,68,661
779,543,68,654
781,554,68,648
783,558,68,646
784,558,68,646
788,559,68,644
790,558,69,645
786,543,69,654
784,547,69,652
777,538,69,658
772,531,69,662
729,498,68,682
727,507,68,677
720,495,68,684
725,509,68,676
732,489,68,688
736,493,68,685
739,511,68,674
759,540,68,657
784,606,0,615
774,487,68,689
768,525,68,666
763,518,68,670
763,514,68,672
747,489,68,687
752,513,68,673
739,491,68,686
736,486,68,690
732,487,69,689
747,509,69,676
759,523,69,667
763,525,69,666
763,523,69,667
759,516,69,671
757,509,69,676
768,525,69,666
775,534,69,660
779,545,68,653
768,525,68,666
763,518,68,670
763,514,68,672
766,520,68,669
761,518,68,670
757,518,68,670
759,513,68,673
768,527,68,664
766,516,68,671
761,511,69,674
763,513,69,673
775,540,69,657
779,536,69,659
786,543,69,654
781,531,69,662
730,464,68,703
732,552,69,649
716,556,1,647
725,466,69,702
718,568,1,639
725,466,69,702
718,464,69,703
732,469,68,699
738,477,69,695
741,486,69,690
739,486,69,690
734,471,69,698
741,478,69,694
741,482,69,692
763,505,69,678
766,518,69,670
765,534,68,660
766,513,68,673
768,523,68,667
777,538,68,658
781,540,68,657
779,532,68,661
781,540,68,657
783,538,69,658
775,523,68,667
777,527,68,664
779,547,68,652
786,547,68,652
790,556,69,647
763,502,68,680
766,509,68,676
770,511,68,674
772,511,68,674
772,516,68,671
775,518,68,670
783,527,68,665
792,549,68,651
792,550,68,650
792,550,68,650
795,556,68,647
795,554,69,648
797,558,69,646
793,556,69,647
799,563,69,642
795,541,69,656
793,543,69,654
799,549,69,651
802,552,69,649
799,541,68,656
795,540,68,657
792,536,68,659
790,538,68,658
790,538,68,658
790,536,68,659
790,538,68,658
784,532,68,661
799,558,68,645
801,558,68,646
793,543,69,654
795,547,69,652
784,549,68,651
783,538,69,658
786,543,69,654
786,531,69,662
790,552,69,649
790,541,68,656
788,541,68,655
801,556,68,647
766,525,69,666
768,538,69,658
768,486,68,690
761,480,68,693
763,520,68,669
757,502,68,680
745,489,68,688
766,529,68,663
772,531,68,662
775,534,68,660
775,531,68,662
781,541,69,655
790,545,69,653
786,536,69,659
788,552,69,649
801,545,69,653
784,529,69,663
777,523,69,667
790,541,69,656
788,543,68,654
790,545,68,653
792,540,68,657
781,529,68,663
781,527,68,664
781,525,68,666
775,520,68,669
775,518,68,670
784,527,68,664
786,532,68,661
784,529,69,663
788,534,69,660
781,527,69,664
793,540,69,657
799,554,69,648
799,549,69,651
804,568,68,639
802,556,68,647
768,504,68,679
761,500,68,681
757,498,68,682
757,502,69,680
759,505,69,678
759,507,69,677
763,509,69,675
766,509,69,675
775,529,69,663
777,525,68,666
786,536,68,659
784,531,68,662
801,552,68,649
813,552,68,649
802,558,68,646
822,558,68,646
817,558,68,645
829,570,69,638
831,574,69,635
831,561,69,643
826,552,69,649
822,561,69,643
831,559,69,644
817,545,69,653
811,547,69,652
810,543,68,654
808,543,68,654
788,527,69,665
795,540,69,657
802,545,69,653
804,554,68,648
802,549,68,651
804,552,68,649
808,558,68,646
813,567,68,640
808,556,68,647
810,554,68,648
810,552,68,649
808,552,69,649
817,567,69,640
826,581,69,631
831,581,69,631
817,565,69,641
797,527,68,664
793,534,68,660
784,518,68,670
777,511,68,674
777,507,68,677
775,522,68,668
797,538,68,658
804,552,68,649
793,529,68,663
790,529,68,663
795,538,68,658
795,534,68,660
797,538,69,658
802,549,69,651
799,541,69,656
799,540,69,657
799,538,69,658
802,541,69,655
802,541,68,655
804,547,68,652
804,547,68,652
802,547,68,652
804,549,68,651
810,552,68,649
810,552,68,649
820,576,68,634
820,570,68,638
817,561,68,643
822,581,68,631
822,577,68,633
829,585,69,628
824,572,69,636
822,565,69,641
828,583,69,630
829,581,69,631
761,495,68,684
759,496,68,683
754,495,68,684
775,520,68,669
775,518,69,670
784,525,69,666
784,522,69,668
790,529,69,663
792,523,69,667
783,518,69,670
793,532,68,661
786,527,68,664
788,531,68,662
808,568,68,639
826,561,68,643
819,563,68,642
815,558,68,645
817,563,68,642
817,563,68,642
810,549,69,651
808,550,69,650
808,547,69,652
810,547,69,652
810,549,69,651
808,549,69,651
811,554,69,648
819,567,68,640
817,565,68,641
822,568,68,639
772,505,69,678
775,509,69,676
781,511,69,674
786,520,69,669
792,527,69,664
802,549,69,651
806,552,68,649
808,554,68,648
813,558,68,646
817,563,68,642
819,574,68,635
813,554,68,648
819,556,68,647
820,572,68,637
822,572,68,637
828,574,68,635
820,561,68,643
811,556,68,647
802,547,69,652
793,543,69,654
781,538,69,658
786,509,69,676
783,509,69,675
781,511,69,674
802,532,69,661
804,541,69,655
808,547,68,652
808,550,68,650
817,565,68,641
811,549,68,651
810,547,68,652
817,565,68,641
817,567,68,640
822,568,69,639
829,568,69,639
819,558,69,646
819,565,69,641
820,561,69,643
819,558,69,646
813,552,69,649
806,550,69,650
819,567,69,640
826,574,69,635
822,567,69,640
820,563,69,642
817,563,69,642
826,572,69,637
824,568,68,639
822,568,69,639
828,583,68,630
829,577,68,633
835,590,68,625
831,577,68,633
835,585,68,629
838,586,68,627
838,585,69,628
835,581,69,631
835,577,69,633
833,579,69,632
837,585,69,629
833,576,69,634
793,527,68,664
786,518,68,670
802,534,68,660
804,538,68,658
810,549,69,651
802,536,69,659
806,538,69,658
817,558,69,646
811,543,69,654
811,545,69,653
811,541,68,655
813,552,68,649
820,570,68,638
824,574,68,635
826,574,68,635
829,576,68,634
828,563,68,642
820,558,68,646
826,574,68,635
822,559,68,644
826,570,68,638
820,558,68,645
822,563,69,642
786,522,68,668
781,522,68,668
790,538,68,658
792,534,68,660
797,543,69,654
802,558,69,646
806,556,69,647
808,559,69,644
811,558,69,645
813,565,69,641
813,565,69,641
817,567,69,640
817,565,68,641
784,513,69,673
790,523,69,667
786,522,69,668
781,513,69,673
781,516,68,671
779,518,68,670
786,527,68,665
784,527,68,665
797,541,68,655
795,541,68,656
795,541,68,655
793,540,68,657
795,538,68,658
801,550,68,650
804,554,68,648
801,547,68,652
801,547,68,652
801,547,69,652
808,563,69,642
811,558,69,645
804,554,69,648
811,565,69,641
815,572,69,637
817,572,69,637
822,572,69,637
817,561,68,643
817,558,68,645
815,561,68,643
813,561,68,643
813,561,68,643
817,567,68,640
819,576,68,634
820,576,68,634
828,577,68,633
829,576,68,634
766,482,69,692
765,487,68,689
777,505,68,678
786,509,68,675
788,516,68,671
790,518,68,670
795,531,68,662
793,527,68,665
797,534,68,660
790,527,68,665
815,567,69,640
820,572,69,636
820,563,69,642
819,563,69,642
811,552,69,649
806,549,68,651
808,558,68,646
817,568,68,639
817,565,68,641
819,565,68,641
817,567,68,640
820,583,68,630
829,586,68,627
835,588,68,626
835,581,68,631
829,576,69,634
826,570,69,638
829,581,69,631
829,581,69,631
829,581,69,631
777,509,68,676
779,514,68,672
774,513,68,673
790,532,69,661
797,540,69,657
802,545,69,653
799,540,69,657
799,543,68,654
804,554,68,648
808,550,68,650
813,567,68,640
813,565,68,641
811,558,68,645
804,552,68,649
806,547,68,652
802,541,68,656
802,545,68,653
817,568,69,639
822,558,69,646
820,554,69,648
820,550,69,650
819,554,69,648
844,585,69,629
847,572,69,637
844,568,69,639
840,583,69,630
838,583,68,630
838,588,68,626
840,586,68,627
840,585,68,628
817,550,69,650
820,552,69,649
819,556,69,647
820,558,68,645
819,568,68,639
822,568,68,639
822,558,68,646
824,572,68,637
826,565,68,641
829,572,68,636
829,581,68,631
853,599,69,619
829,568,69,639
820,563,69,642
808,550,69,650
810,550,69,650
810,552,69,649
786,536,69,659
813,558,69,646
820,568,69,639
824,563,69,642
826,558,68,646
820,559,68,644
820,554,68,648
828,554,68,648
840,576,68,634
835,567,68,640
838,570,68,638
781,523,68,667
779,531,68,662
826,583,69,630
833,585,69,629
829,572,69,636
835,568,69,639
815,554,68,648
844,581,68,631
838,572,68,636
835,572,68,637
784,527,69,664
786,534,69,660
790,532,69,661
793,527,69,665
799,536,69,659
802,541,68,655
799,540,68,657
802,550,68,650
804,540,68,657
774,516,69,671
774,525,69,666
772,552,68,649
784,545,68,653
786,552,68,649
772,480,68,693
770,522,68,668
775,527,68,665
775,531,68,662
777,550,68,650
790,549,69,651
786,556,69,647
793,561,69,643
799,543,69,654
797,561,69,643
799,550,69,650
799,556,69,647
799,561,69,643
797,558,68,645
801,561,68,643
804,563,68,642
804,568,68,639
806,561,68,643
795,558,68,646
786,554,68,648
792,556,69,647
793,547,69,652
793,556,69,647
792,538,69,658
795,556,68,647
801,563,68,642
802,565,68,641
810,561,68,643
808,563,68,642
804,570,68,638
808,563,68,642
810,572,68,637
759,511,69,674
759,507,69,677
757,509,69,675
759,514,68,672
768,518,68,670
774,540,68,657
777,534,68,660
774,529,68,663
781,541,68,656
783,538,68,658
793,561,68,643
795,559,68,644
811,559,68,644
808,550,69,650
799,540,69,657
795,538,69,658
795,534,69,660
792,532,69,661
799,552,69,649
808,552,69,649
799,552,69,649
808,552,69,649
808,550,69,650
770,505,69,678
777,514,69,672
775,514,69,672
781,525,69,666
781,529,69,663
790,540,68,657
784,532,69,661
792,547,68,652
757,523,68,667
766,520,68,669
766,534,69,660
770,525,69,666
774,531,69,662
777,552,69,649
799,547,69,652
799,545,69,653
799,550,69,650
802,558,69,645
802,552,68,649
802,556,68,647
804,558,68,646
804,563,68,642
806,565,68,641
810,572,68,637
811,568,68,639
811,570,68,638
815,570,68,638
817,567,68,640
813,558,68,646
815,572,68,637
817,572,69,636
815,567,69,640
819,572,69,636
817,572,69,637
813,570,69,638
817,572,69,637
815,572,68,637
786,522,68,668
786,518,68,670
790,525,68,666
790,527,68,664
792,538,69,658
795,541,69,655
801,545,69,653
806,549,69,651
808,552,69,649
808,550,69,650
811,559,68,644
813,558,68,645
813,558,68,645
817,565,68,641
817,568,68,639
815,563,68,642
811,568,68,639
811,572,68,637
806,559,68,644
806,561,68,643
817,572,69,637
820,572,69,636
820,577,69,633
822,581,69,631
822,576,68,634
822,581,68,631
801,538,69,658
799,534,69,660
804,547,69,652
817,572,68,637
820,565,68,641
822,581,68,631
824,577,68,633
824,581,68,631
826,581,68,631
826,581,68,631
822,572,68,636
826,583,69,630
826,581,69,631
828,579,69,632
826,579,69,632
829,585,69,628
829,585,69,628
833,585,68,629
833,588,68,626
837,595,68,622
837,592,68,624
835,595,68,622
833,588,68,626
835,590,68,625
835,592,68,624
838,594,68,623
838,590,68,625
838,594,68,623
840,592,68,624
808,550,68,650
810,556,68,647
810,572,68,637
811,550,68,650
810,552,68,649
811,550,68,650
810,552,68,649
815,568,68,639
808,558,68,646
817,563,68,642
824,572,68,637
822,576,68,634
835,579,69,632
833,583,69,630
831,581,69,631
829,586,69,627
831,590,69,625
835,595,69,622
833,581,68,631
829,577,68,633
804,547,68,652
804,556,68,647
808,556,68,647
804,541,68,655
804,547,68,652
804,556,68,647
808,556,68,647
802,545,68,653
811,558,69,646
813,565,69,641
819,570,69,638
817,563,69,642
819,570,69,638
817,563,69,642
824,574,69,635
826,577,69,633
829,581,68,631
826,574,68,635
835,594,68,623
846,595,68,622
876,610,68,613
874,603,68,617
874,608,68,614
873,594,68,623
876,599,68,620
867,594,68,623
865,599,68,620
882,595,68,622
876,601,69,618
862,590,69,625
873,590,69,625
871,585,69,628
892,597,69,621
892,595,69,622
826,568,68,639
804,554,68,648
813,558,69,645
802,552,69,649
799,541,69,655
799,541,69,655
795,558,69,645
797,547,68,652
804,559,68,644
806,568,68,639
811,563,68,642
822,576,68,634
815,576,68,634
817,568,68,639
817,568,68,639
822,572,68,636
820,574,68,635
822,576,68,634
822,576,68,634
828,577,68,633
824,574,69,635
829,581,69,631
831,581,68,631
831,585,68,629
833,583,68,630
833,585,68,629
831,579,68,632
831,579,68,632
831,583,68,630
772,516,68,671
786,538,68,658
793,543,68,654
795,545,68,653
801,547,68,652
799,538,68,658
804,558,68,646
806,579,68,632
813,579,68,632
820,565,68,641
828,590,69,625
829,570,69,638
820,565,69,641
811,554,69,648
828,579,69,632
833,577,69,633
835,581,69,631
833,585,68,628
822,570,68,638
817,558,68,646
822,568,68,639
813,559,68,644
820,570,69,638
820,567,69,640
817,567,69,640
822,579,69,632
820,559,69,644
822,574,68,635
820,576,68,634
822,576,68,634
826,581,68,631
828,585,68,629
829,583,68,630
831,585,68,628
831,583,68,630
831,586,68,627
835,585,68,628
837,590,68,625
838,588,68,626
840,592,69,624
840,590,69,625
838,588,69,626
838,586,69,627
802,534,68,660
804,538,68,658
802,538,68,658
808,543,68,654
813,545,69,653
815,549,69,651
819,561,69,643
820,558,69,645
820,556,69,647
822,556,69,647
826,561,68,643
824,572,68,637
826,576,68,634
828,572,68,637
829,579,68,632
831,579,68,632
835,583,68,630
835,588,68,626
838,586,68,627
840,588,68,626
840,595,68,622
840,592,68,624
842,592,69,624
846,594,69,623
844,595,69,622
846,599,69,620
849,597,69,621
849,595,69,622
847,594,68,623
844,595,68,622
846,594,68,623
847,594,68,623
847,588,68,626
817,561,69,643
822,565,69,641
824,567,68,640
826,570,68,638
828,576,68,634
831,583,68,630
831,579,68,632
831,581,68,631
838,586,68,627
837,588,68,626
835,588,68,626
840,594,68,623
840,592,68,624
840,594,68,623
842,586,68,627
846,597,69,621
847,595,69,622
853,599,68,619
853,599,68,619
855,599,68,619
853,599,68,619
856,599,68,620
853,595,68,622
813,540,68,657
817,545,68,653
817,550,68,650
824,565,68,641
826,568,68,639
826,568,68,639
826,567,68,640
828,574,68,635
831,579,68,632
831,583,68,630
835,583,68,630
835,594,68,623
838,585,69,629
842,585,69,628
772,527,68,664
775,532,68,661
775,540,68,657
788,552,69,649
793,549,69,651
795,554,69,648
799,567,69,640
802,561,69,643
804,568,69,639
808,568,69,639
810,574,68,635
810,572,68,637
811,570,68,638
813,577,68,633
808,567,68,640
813,581,68,631
817,583,68,630
815,572,68,636
811,567,69,640
817,581,69,631
819,583,69,630
820,583,69,630
820,579,69,632
822,581,69,631
824,581,69,631
797,549,68,651
799,558,68,645
804,554,69,648
808,558,69,646
811,561,69,643
813,565,69,641
817,577,69,633
820,568,69,639
824,585,69,628
820,568,69,639
828,576,68,634
829,583,68,630
831,594,68,623
833,586,68,627
835,594,68,623
842,599,68,619
840,603,68,617
840,606,69,615
847,597,69,621
846,595,69,622
844,601,69,618
826,568,69,639
810,558,69,645
813,561,69,643
817,563,68,642
817,568,68,639
817,565,68,641
822,576,68,634
822,577,68,633
824,568,68,639
829,583,68,630
833,586,68,627
835,588,68,626
838,595,68,622
840,597,68,621
844,599,69,619
847,604,69,616
849,606,69,615
853,608,69,614
853,606,69,615
853,606,69,615
856,606,69,615
856,608,69,614
856,608,69,614
855,608,69,614
837,579,69,632
820,547,68,652
822,552,68,649
824,556,68,647
822,556,68,647
829,567,68,640
831,572,68,636
831,576,68,634
838,576,68,634
844,588,69,626
846,595,69,622
847,597,69,621
849,599,69,620
851,597,69,621
851,597,69,621
853,604,68,616
856,606,68,615
856,603,68,617
858,603,68,617
858,608,68,614
862,608,68,614
860,606,68,615
838,572,68,636
817,552,68,649
820,552,68,649
822,563,69,642
828,570,69,638
829,574,69,635
831,576,69,634
837,576,69,634
826,563,69,642
826,568,68,639
828,572,69,637
826,563,69,642
826,568,68,639
828,572,69,637
829,576,68,634
849,585,68,629
851,599,68,620
811,547,68,652
813,559,68,644
813,565,68,641
817,558,68,645
820,559,68,644
820,572,68,636
822,576,68,634
824,581,68,631
829,579,68,632
828,568,69,639
828,568,69,639
831,579,69,632
831,588,69,626
840,599,69,619
840,599,69,619
844,601,69,618
847,604,69,616
833,576,69,634
804,532,68,661
804,541,68,656
808,543,68,654
802,534,68,660
810,547,68,652
813,550,68,650
815,561,68,643
820,565,68,641
820,572,68,636
824,574,68,635
835,588,69,626
835,594,69,623
838,597,69,621
840,597,69,621
840,590,69,625
842,594,69,623
840,606,68,615
844,608,68,614
849,604,68,616
849,601,68,618
847,595,68,622
853,610,68,613
826,568,68,639
829,572,68,637
826,568,68,639
826,568,68,639
822,565,68,641
808,538,68,658
811,549,68,651
813,552,68,649
815,558,68,646
819,559,68,644
822,565,68,641
822,568,69,639
824,576,69,634
829,574,69,635
829,574,69,635
829,574,69,635
838,595,68,622
842,597,68,621
842,601,68,618
842,599,68,620
842,604,68,616
844,603,68,617
849,603,68,617
847,599,69,620
849,608,69,614
833,576,68,634
826,565,68,641
826,563,69,642
826,563,69,642
824,565,68,641
828,563,68,642
817,552,69,649
820,565,68,641
822,570,68,638
819,558,68,646
822,568,68,639
826,572,68,636
835,563,68,642
824,565,68,641
828,563,68,642
837,588,68,626
838,585,69,628
840,590,69,625
842,585,69,628
804,552,68,649
806,563,68,642
815,577,68,633
820,561,68,643
820,563,68,642
824,563,68,642
826,568,68,639
826,563,68,642
826,567,69,640
831,579,69,632
838,581,69,631
838,577,69,633
847,576,69,634
844,583,69,630
847,579,69,632
840,581,69,631
840,565,69,641
835,567,68,640
831,576,68,634
835,583,68,630
838,577,68,633
835,577,68,633
835,577,68,633
835,581,68,631
833,581,68,631
835,581,68,631
835,581,68,631
824,568,69,639
831,574,69,635
810,552,68,649
813,561,68,643
815,565,68,641
819,561,68,643
820,572,68,636
817,558,68,645
822,563,69,642
822,568,69,639
817,558,69,646
820,572,69,636
835,572,69,637
835,576,69,634
822,567,68,640
820,563,68,642
779,527,68,665
784,532,68,661
786,545,68,653
775,525,68,666
775,520,68,669
777,527,68,665
777,538,68,658
775,525,68,666
779,527,68,665
784,532,68,661
786,545,68,653
790,552,68,649
795,554,68,648
801,558,68,646
801,570,68,638
802,556,69,647
804,567,69,640
808,567,69,640
811,572,69,637
810,561,69,643
811,563,69,642
795,513,68,673
820,514,68,672
802,511,68,674
802,511,68,674
795,507,69,677
795,504,69,679
801,509,69,675
781,523,69,667
777,520,69,669
779,522,69,668
777,520,69,669
781,520,69,669
777,518,69,670
777,514,69,672
775,513,69,673
783,520,68,669
779,513,68,673
784,518,68,670
786,525,68,666
786,527,68,665
790,534,68,660
793,540,68,657
793,532,68,661
797,541,68,656
799,540,68,657
802,549,69,651
804,552,69,649
804,556,69,647
808,552,69,649
808,552,69,649
804,549,68,651
793,694,0,559
784,583,0,630
775,511,69,674
779,505,68,678
777,509,68,675
781,516,68,671
779,511,68,674
788,518,68,670
788,520,68,669
775,511,68,674
786,525,68,666
797,531,68,662
801,525,68,666
799,525,68,666
775,511,68,674
786,525,68,666
797,531,68,662
801,525,68,666
799,525,68,666
811,531,68,662
806,525,69,666
808,538,69,658
817,540,69,657
813,538,69,658
813,536,69,659
775,527,69,664
768,520,69,669
775,788,0,500
774,786,0,501
772,784,0,502
772,784,0,502
770,784,0,502
770,784,0,503
770,783,0,504
784,792,0,498
784,792,1,498
784,792,1,498
745,489,68,688
745,486,68,690
743,489,68,687
743,489,68,688
768,527,69,664
770,522,69,668
745,489,68,688
745,486,68,690
743,489,68,687
743,489,68,688
768,527,69,664
770,522,69,668
770,514,69,672
768,511,69,674
766,511,69,674
772,518,69,670
775,520,68,669
775,522,68,668
772,520,68,669
799,547,69,652
795,541,69,656
790,536,69,659
790,536,69,659
786,536,69,659
783,532,68,661
748,473,68,697
750,482,68,692
750,484,68,691
752,487,68,689
761,496,68,683
779,523,68,667
784,525,68,666
793,541,69,655
790,529,69,663
790,525,69,666
754,493,68,685
754,498,68,682
739,477,68,695
741,482,68,692
743,489,68,688
748,491,68,686
754,493,68,685
754,498,68,682
757,493,68,685
761,505,68,678
761,500,68,681
763,504,69,679
759,500,69,681
759,504,69,679
765,504,69,679
766,504,69,679
765,505,69,678
765,504,69,679
763,509,69,675
761,505,68,678
761,511,68,674
757,505,68,678
750,504,68,679
739,489,69,688
741,498,69,682
729,477,68,695
730,480,68,693
727,482,68,692
732,486,68,690
736,480,68,693
736,489,68,688
739,489,68,687
739,487,69,689
741,493,69,685
741,495,69,684
745,495,69,684
741,491,69,686
739,489,69,688
741,498,69,682
743,496,68,683
741,496,68,683
741,493,68,685
741,496,68,683
743,496,68,683
750,509,68,676
745,500,68,681
745,496,68,683
745,500,68,681
723,468,68,700
718,469,68,699
736,500,68,681
732,486,68,690
732,487,68,689
736,489,68,687
732,486,68,690
736,489,68,687
739,491,69,686
747,495,69,684
750,500,69,681
757,504,69,679
761,507,69,677
759,507,68,677
759,509,68,676
761,509,68,676
761,509,68,675
761,513,68,673
763,514,68,672
763,513,68,673
768,520,68,669
768,513,68,673
752,768,0,512
730,468,69,700
739,475,69,696
754,489,68,688
766,504,68,679
766,500,68,681
768,504,68,679
739,475,69,696
739,473,69,697
748,484,68,691
754,489,68,688
754,489,68,688
766,504,68,679
766,500,68,681
768,504,68,679
768,507,68,677
768,507,68,677
770,507,68,677
775,511,69,674
738,487,68,689
743,489,68,687
750,493,68,685
752,495,68,684
757,498,68,682
761,502,68,680
765,507,68,677
768,511,68,674
768,507,69,677
768,507,69,677
765,507,68,677
768,511,68,674
768,507,69,677
768,507,69,677
772,509,69,675
723,475,68,696
730,478,68,694
734,482,69,692
739,486,69,690
745,486,69,690
745,487,69,689
745,489,69,688
750,493,69,685
750,495,69,684
757,502,69,680
759,505,68,678
757,502,68,680
759,507,68,677
757,504,68,679
756,504,68,679
721,471,68,698
723,604,0,616
738,487,68,689
734,486,68,690
738,487,68,689
739,487,68,689
741,487,68,689
736,482,68,692
739,486,68,690
741,489,68,687
743,491,68,686
754,498,69,682
766,527,69,665
754,509,69,675
741,493,69,685
714,581,1,631
730,477,68,695
723,471,68,698
721,471,68,698
723,604,0,616
738,487,68,689
734,486,68,690
738,487,68,689
739,487,68,689
741,487,68,689
736,482,68,692
739,486,68,690
741,489,68,687
743,491,68,686
745,493,69,685
748,498,69,682
754,498,69,682
766,527,69,665
754,509,69,675
741,493,69,685
727,487,68,689
725,486,68,690
721,484,68,691
721,486,68,690
723,487,68,689
721,484,68,691
720,484,68,691
729,626,0,602
725,491,68,686
718,612,0,612
727,493,68,685
721,603,0,617
783,801,0,492
727,471,69,698
730,473,69,697
736,478,68,694
732,477,68,695
738,477,68,695
739,477,68,695
741,478,68,694
736,475,68,696
738,478,68,694
738,482,68,692
739,486,68,690
739,489,68,688
745,491,68,686
747,489,68,687
730,473,69,697
736,478,68,694
732,477,68,695
738,477,68,695
739,477,68,695
741,478,68,694
736,475,68,696
738,478,68,694
738,482,68,692
739,486,68,690
739,489,68,688
745,491,68,686
747,489,68,687
750,493,69,685
754,493,69,685
754,495,69,684
756,495,69,684
754,495,69,684
757,495,69,684
754,496,68,683
757,496,68,683
757,495,68,684
754,495,68,684
754,493,68,685
752,496,68,683
754,495,68,684
754,491,68,686
777,797,1,495
777,795,1,496
723,466,68,702
723,469,68,699
729,471,68,698
732,473,68,697
738,477,68,695
741,480,68,693
739,477,68,695
739,480,68,693
739,480,69,693
738,477,68,695
741,480,68,693
739,477,68,695
739,480,68,693
739,480,69,693
743,489,69,688
747,489,69,688
754,491,69,686
727,462,68,704
729,468,68,701
730,469,68,699
730,471,68,698
734,480,68,693
734,478,68,694
741,480,68,693
741,480,68,693
741,482,68,692
748,495,69,684
748,496,69,683
750,496,69,683
756,500,69,681
757,502,68,680
757,509,69,676
761,511,68,674
765,514,68,672
766,518,68,670
747,493,69,685
748,495,69,684
748,496,69,683
750,496,69,683
756,500,69,681
757,502,68,680
757,509,69,676
761,511,68,674
765,514,68,672
766,518,68,670
766,518,68,670
768,525,68,666
774,527,68,665
777,529,69,663
777,527,69,664
777,536,69,659
779,534,69,660
781,538,69,658
781,536,69,659
781,532,69,661
781,534,69,660
781,534,69,660
781,536,69,659
777,536,69,659
775,529,69,663
772,527,68,664
718,468,69,701
738,500,69,681
727,473,69,697
725,477,69,695
723,473,69,697
725,480,68,693
727,484,68,691
732,491,68,686
739,495,68,684
741,496,68,683
745,504,68,679
752,509,68,675
759,516,68,671
763,516,68,671
765,518,68,670
768,527,69,664
793,549,69,651
795,547,68,652
795,547,68,652
734,468,69,700
727,468,69,700
723,469,68,699
725,477,68,695
727,482,68,692
730,484,68,691
736,487,68,689
777,527,69,664
783,536,69,659
784,534,69,660
788,538,69,658
790,540,69,657
730,468,68,700
734,468,68,700
730,468,68,700
727,473,68,697
725,473,68,697
727,477,68,695
730,484,68,691
784,531,68,662
783,527,68,664
781,529,68,663
741,478,68,694
739,477,69,695
739,477,69,695
738,478,69,694
743,482,69,692
747,482,69,692
748,486,69,690
747,486,69,690
747,489,69,687
752,495,69,684
745,486,68,690
790,529,69,663
790,532,69,661
723,608,0,614
721,469,68,699
736,531,68,662
730,480,68,693
723,477,68,695
721,469,68,699
736,531,68,662
730,480,68,693
723,477,68,695
723,482,68,692
727,486,69,690
734,489,69,687
738,495,69,684
741,500,69,681
750,509,69,676
774,570,69,638
745,736,1,533
748,759,1,518
747,770,0,511
745,768,0,512
743,768,0,512
739,766,0,514
739,765,0,515
739,766,0,514
736,759,0,518
736,761,0,517
736,761,1,517
736,761,1,517
732,757,1,519
732,757,1,519
730,754,1,521
730,754,1,521
732,754,1,521
730,754,1,522
727,752,0,523
725,748,0,525
721,745,0,527
720,745,0,527
720,741,0,529
718,741,0,530
718,741,0,530
718,739,0,531
716,739,0,531
716,739,0,531
716,738,1,532
721,741,0,530
718,739,0,531
718,738,1,532
718,736,1,533
716,732,1,535
714,730,1,536
714,727,1,538
712,727,1,538
711,727,1,539
709,721,1,542
709,720,1,543
707,720,1,543
705,718,0,544
703,716,0,545
703,714,0,546
700,714,0,547
700,712,0,548
698,711,0,549
696,709,0,550
696,707,0,551
694,705,1,552
736,756,1,520
736,757,1,519
734,757,1,519
732,754,1,521
730,754,1,521
730,752,1,523
730,752,1,523
729,752,0,523
727,748,0,525
725,747,0,526
725,747,0,526
723,745,0,527
723,741,0,529
721,741,0,530
721,741,0,530
720,739,0,531
718,738,0,532
718,736,0,533
716,734,0,534
714,734,1,534
714,734,1,534
712,729,1,537
727,721,1,542
714,624,0,603
709,558,0,646
729,707,0,551
720,635,0,597
709,568,0,639
716,460,0,705
721,601,0,618
738,496,68,683
729,588,0,626
736,496,68,683
730,489,68,687
730,493,68,685
729,489,68,687
727,489,68,687
727,489,68,687
732,495,69,684
730,493,69,685
730,495,69,684
730,491,69,686
727,487,69,689
723,486,69,690
721,486,68,690
720,484,68,691
720,484,68,691
739,633,0,598
729,489,68,687
734,496,68,683
718,482,68,692
730,493,68,685
712,567,0,640
718,468,68,701
729,477,68,695
741,514,68,672
734,601,0,618
729,585,0,628
723,576,0,634
734,475,68,696
739,489,68,687
727,597,0,621
732,471,68,698
743,489,68,687
729,577,0,633
739,484,68,691
730,478,68,694
741,622,69,605
750,507,69,677
736,487,68,689
741,595,68,622
738,599,0,619
727,585,0,628
727,572,0,636
743,513,68,673
741,541,69,655
739,475,69,696
732,644,5,591
736,486,69,690
739,626,5,602
725,660,0,581
718,464,68,703
675,709,5,550
676,779,5,506
664,664,5,578
662,662,5,580
678,739,0,531
667,669,0,575
666,662,0,580
669,658,0,582
669,658,0,582
675,660,0,581
680,660,0,581
678,662,0,579
673,662,0,579
678,666,0,577
676,763,0,516
675,815,0,484
662,703,0,553
673,860,0,456
664,702,0,555
676,784,0,503
666,702,0,555
673,851,0,462
662,696,0,558
676,673,5,573
673,669,5,575
678,671,5,574
682,675,5,572
687,673,0,573
693,673,0,573
696,676,0,570
700,671,0,574
700,673,0,573
703,684,0,566
730,493,68,685
727,599,0,620
718,477,68,695
730,489,68,687
720,478,69,694
667,727,5,539
655,892,29,437
660,905,21,430
646,885,28,441
631,903,29,431
619,900,29,433
608,892,29,437
606,892,29,437
597,891,29,438
590,880,29,445
588,882,29,444
613,892,29,437
649,910,28,427
653,865,28,453
685,671,0,574
685,671,0,574
682,671,0,574
685,687,5,563
687,689,5,562
687,691,5,561
685,691,5,561
687,694,5,559
682,691,5,561
680,691,5,561
678,691,5,561
675,687,0,564
669,684,0,566
664,676,0,570
662,676,0,570
666,856,20,459
667,721,0,542
678,786,0,501
678,666,0,577
682,667,0,576
684,671,0,574
685,675,0,572
687,675,0,571
680,678,0,569
684,676,0,570
689,676,0,570
691,682,0,567
694,682,0,567
696,702,5,554
702,702,5,554
608,626,1,602
655,882,29,444
673,759,5,518
673,788,0,500
673,808,0,488
673,822,0,479
675,797,0,495
675,801,5,492
671,883,20,442
676,768,5,513
662,811,21,486
664,669,5,575
675,694,5,559
662,666,5,577
660,664,0,578
662,657,0,583
667,662,0,579
671,660,0,581
676,660,0,581
680,662,0,579
687,669,0,575
689,675,0,572
694,675,0,571
696,678,0,569
721,603,0,617
649,662,1,580
675,693,5,560
667,675,5,571
667,675,0,572
662,667,0,576
666,664,0,578
667,664,0,578
669,664,0,578
669,666,0,577
673,666,0,577
673,666,0,577
675,666,0,577
676,669,0,575
667,669,0,575
669,664,0,578
676,666,0,577
669,667,0,576
676,667,0,576
676,687,5,564
682,685,5,565
680,669,0,575
685,685,5,565
693,694,5,559
694,694,5,559
691,693,5,560
682,685,5,565
684,687,5,563
685,689,5,562
682,687,5,564
678,682,0,567
671,676,0,570
666,669,0,575
669,741,0,529
667,898,20,434
649,828,20,476
675,806,0,489
657,912,28,426
669,932,20,414
658,910,20,427
622,921,29,421
667,937,21,411
680,727,5,539
660,689,5,562
669,702,5,554
673,864,5,454
660,788,21,500
651,817,21,483
658,923,21,420
640,918,28,423
651,932,28,414
651,930,28,415
671,941,20,409
660,925,28,418
671,941,20,409
673,806,0,489
664,786,0,501
655,837,20,470
655,867,20,452
660,694,5,559
673,916,5,424
666,878,21,446
658,855,21,460
657,784,21,503
673,745,5,527
664,905,20,430
653,837,20,470
651,849,20,463
653,862,20,455
662,667,5,576
664,669,5,575
666,667,5,576
667,669,5,575
669,662,0,579
669,660,0,581
667,660,0,581
669,660,0,581
669,660,0,581
669,662,0,580
667,662,0,579
667,662,0,579
667,662,0,579
667,662,0,579
664,675,5,572
666,676,5,570
664,678,5,569
660,676,5,570
676,797,5,495
664,684,5,566
675,817,5,483
666,685,5,565
678,738,5,532
660,682,5,567
664,741,0,529
658,754,20,521
660,750,0,524
655,811,20,486
662,754,0,521
658,768,20,512
676,797,0,495
660,667,5,576
673,705,5,552
664,669,5,575
660,667,5,576
669,684,5,566
669,865,20,453
664,860,20,456
658,763,20,516
664,765,0,515
676,792,0,498
675,797,0,495
676,804,0,490
673,813,0,485
676,802,0,491
675,792,0,498
676,774,5,509
655,891,29,438
660,923,21,420
691,687,5,564
691,689,5,562
691,689,5,562
691,691,5,561
691,687,0,563
685,680,0,568
684,675,0,571
682,676,0,570
682,676,0,570
682,682,0,567
680,687,0,564
680,689,0,562
676,687,0,563
673,685,0,565
669,684,5,566
669,687,5,563
669,687,5,564
664,685,5,565
662,685,5,565
669,876,21,447
666,687,5,563
669,883,21,443
664,685,0,565
673,766,0,514
676,779,0,506
676,804,0,490
673,903,0,431
671,900,0,433
669,905,20,430
660,871,20,450
658,851,20,462
658,757,20,519
664,756,0,520
669,702,5,555
676,801,5,493
666,858,21,457
658,792,21,498
662,689,5,562
667,698,5,557
676,784,0,503
673,784,0,503
667,774,0,509
664,770,0,511
714,682,0,567
