739,504,69,679
736,498,69,682
734,496,69,683
738,500,69,681
739,504,69,679
743,505,69,678
732,489,69,687
743,527,69,664
750,527,69,664
741,514,69,672
730,509,69,676
736,509,69,676
743,513,69,673
745,509,69,676
732,498,69,682
729,493,69,685
736,504,69,679
739,505,69,678
736,493,69,685
730,487,69,689
734,489,69,688
734,495,69,684
738,498,69,682
739,498,69,682
727,486,69,690
721,486,69,690
738,496,69,683
739,495,69,684
727,489,69,688
729,489,69,687
738,498,69,682
729,489,69,687
734,493,69,685
730,489,69,687
725,486,69,690
736,496,69,683
723,482,69,692
729,491,69,686
730,486,69,690
739,493,69,685
738,493,69,685
739,495,69,684
741,495,69,684
741,493,69,685
734,514,69,672
721,509,69,676
725,648,5,589
727,520,69,669
725,516,69,671
727,516,69,671
745,541,69,655
748,543,69,654
748,531,69,662
748,531,69,662
745,527,69,665
736,518,69,670
739,513,69,673
743,522,69,668
739,527,69,665
748,529,69,663
748,516,69,671
747,514,69,672
741,509,69,675
741,507,69,677
739,502,69,680
739,502,69,680
736,500,69,681
734,505,69,678
736,509,69,676
739,514,69,672
741,516,69,671
743,518,69,670
732,509,69,675
732,507,69,677
730,505,69,678
725,505,69,678
725,500,69,681
729,504,69,679
725,500,69,681
721,502,69,680
725,505,69,678
725,500,69,681
729,504,69,679
725,500,69,681
721,502,69,680
723,500,69,681
729,498,69,682
729,493,69,685
734,495,69,684
734,507,69,677
721,493,69,685
721,495,69,684
721,491,69,686
721,489,69,687
725,487,69,689
725,489,69,687
732,471,69,698
734,469,69,699
736,473,69,697
738,473,69,697
747,523,69,667
743,514,69,672
747,513,68,673
748,527,69,665
748,522,69,668
745,522,69,668
738,520,69,669
745,516,69,671
743,513,69,673
741,514,69,672
741,509,69,675
745,536,69,659
743,538,69,658
739,513,69,673
739,516,69,671
741,514,69,672
745,509,69,676
745,509,69,676
743,509,69,676
743,505,69,678
739,516,69,671
743,516,69,671
745,513,69,673
745,511,68,674
743,511,68,674
752,511,68,674
752,514,68,672
748,511,69,674
750,509,69,675
748,513,69,673
745,507,69,677
745,509,69,676
745,502,69,680
743,498,69,682
745,500,69,681
754,538,69,658
754,538,69,658
757,541,69,656
756,536,69,659
756,534,69,660
752,536,69,659
754,536,69,659
754,538,69,658
754,538,69,658
757,540,69,657
756,532,69,661
752,531,69,662
748,516,69,671
750,516,69,671
750,516,69,671
752,520,69,669
750,516,69,671
750,516,69,671
750,516,69,671
750,513,69,673
748,511,69,674
747,514,69,672
748,518,68,670
750,516,69,671
747,514,69,672
748,543,69,654
748,541,69,656
745,520,68,669
745,513,68,673
752,514,68,672
745,505,69,678
739,507,68,677
739,507,68,677
738,500,68,681
741,500,69,681
739,505,69,678
739,507,69,677
743,505,69,678
739,504,69,679
739,500,69,681
739,500,69,681
745,500,69,681
747,523,68,667
754,523,69,667
757,523,68,667
754,518,68,670
754,514,68,672
734,761,0,517
739,534,68,660
734,489,69,687
738,489,69,688
732,491,69,686
730,489,69,688
727,487,69,689
739,531,69,662
730,491,69,686
734,493,69,685
730,489,68,687
738,496,68,683
730,500,69,681
734,498,69,682
736,504,69,679
736,498,69,682
738,504,68,679
738,498,68,682
736,493,68,685
736,496,68,683
736,495,69,684
734,496,69,683
736,500,69,681
739,504,69,679
739,502,69,680
743,498,69,682
741,500,69,681
743,500,69,681
747,498,69,682
745,498,69,682
741,496,69,683
745,496,69,683
747,496,69,683
745,496,69,683
748,532,68,661
748,531,68,662
752,531,69,662
750,525,69,666
745,525,69,666
745,520,69,669
747,518,69,670
747,518,69,670
745,518,69,670
747,514,69,672
745,511,68,674
745,509,68,675
743,511,68,674
743,509,68,675
745,513,68,673
752,525,69,666
754,523,69,667
759,523,69,667
761,520,69,669
766,518,69,670
759,516,68,671
757,511,68,674
730,491,69,686
732,498,69,682
734,504,69,679
739,505,69,678
743,509,69,675
748,516,69,671
745,513,69,673
741,511,69,674
745,511,69,674
743,513,69,673
741,509,69,676
748,504,69,679
739,502,69,680
734,496,69,683
739,552,69,649
750,558,69,645
747,536,68,659
729,532,68,661
734,536,68,659
743,511,68,674
745,505,68,678
747,502,68,680
743,489,69,688
743,487,69,689
748,489,69,688
736,504,69,679
736,500,69,681
739,504,68,679
743,504,68,679
741,498,68,682
736,500,68,681
739,498,68,682
727,500,68,681
750,505,68,678
739,498,68,682
741,504,68,679
736,495,68,684
741,500,68,681
739,495,69,684
743,500,69,681
745,500,69,681
741,505,68,678
738,502,68,680
734,498,68,682
743,504,69,679
745,502,69,680
739,509,69,675
752,516,69,671
743,511,69,674
739,513,69,673
741,514,69,672
745,516,69,671
750,518,68,670
739,511,69,674
738,507,69,677
736,495,69,684
734,489,69,687
739,491,68,686
736,493,68,685
748,522,68,668
748,527,68,664
748,509,69,676
748,507,69,677
747,507,69,677
743,504,69,679
743,502,68,680
739,502,68,680
739,504,68,679
739,498,68,682
736,507,68,677
739,509,68,676
738,504,68,679
736,502,68,680
739,498,68,682
736,505,68,678
736,516,68,671
739,511,68,674
745,529,68,663
752,531,68,662
754,534,68,660
748,536,68,659
748,536,68,659
748,536,68,659
745,538,69,658
748,541,69,656
748,541,69,655
752,547,69,652
736,536,69,659
743,514,69,672
748,520,69,669
748,511,68,674
745,509,68,675
748,505,68,678
741,496,68,683
739,493,68,685
732,504,68,679
730,505,68,678
734,505,68,678
738,502,68,680
741,507,68,677
739,505,68,678
743,513,69,673
743,504,69,679
743,505,69,678
736,491,69,686
729,504,68,679
743,523,68,667
743,516,68,671
739,516,68,671
739,513,69,673
739,513,69,673
739,514,69,672
743,514,69,672
745,518,68,670
736,513,69,673
734,509,69,675
727,504,69,679
730,500,69,681
730,500,69,681
738,504,69,679
736,495,68,684
730,491,68,686
741,514,68,672
739,511,68,674
738,509,68,675
732,500,69,681
736,505,68,678
734,505,68,678
734,500,68,681
727,513,1,673
743,504,69,679
736,504,69,679
739,504,69,679
736,505,69,678
736,505,69,678
736,505,69,678
738,505,69,678
743,502,68,680
702,748,1,525
702,752,1,523
703,754,1,521
703,757,1,519
705,756,1,520
707,761,1,517
707,761,0,517
707,761,0,517
709,761,0,517
711,757,0,519
711,756,1,520
712,756,1,520
714,757,1,519
716,759,1,518
705,730,1,536
705,729,1,537
705,732,1,535
705,736,0,533
705,741,0,530
707,741,0,530
709,739,0,531
709,736,0,533
709,741,0,529
709,743,0,528
723,766,1,514
703,741,0,529
707,745,0,527
709,743,0,528
709,743,1,528
702,756,1,520
709,763,0,516
709,761,0,517
711,761,0,517
723,763,1,516
723,756,1,520
725,756,1,520
698,736,0,533
718,739,0,531
720,739,0,531
720,743,0,528
720,743,0,528
723,514,68,672
691,727,0,539
694,730,0,536
694,736,0,533
696,736,1,533
698,741,1,530
709,765,0,515
711,765,0,515
718,770,1,511
718,770,1,511
718,768,0,513
689,721,0,542
693,720,0,543
694,732,0,535
689,716,0,545
693,725,0,540
694,730,0,536
725,732,0,535
725,732,1,535
725,732,0,535
725,586,68,627
718,752,0,523
723,801,0,492
725,808,0,488
729,615,69,609
718,601,1,618
725,817,1,482
727,826,1,477
725,615,68,609
718,673,1,573
723,786,1,501
727,808,0,488
727,606,68,615
720,601,68,618
721,784,0,502
727,813,0,485
725,603,68,617
718,649,0,588
721,804,0,490
725,824,1,478
729,640,69,593
723,612,69,612
725,828,0,476
729,633,68,598
721,597,68,621
721,765,0,515
725,824,0,478
727,813,0,485
721,577,68,633
721,777,0,507
727,822,1,479
727,597,69,621
718,626,1,602
725,811,1,486
729,601,69,618
720,586,69,627
723,804,1,490
727,829,1,475
725,826,1,477
729,610,69,613
723,585,69,629
727,797,1,495
729,615,69,609
720,595,69,622
721,768,1,513
725,811,1,486
729,612,68,612
721,597,68,621
714,595,68,622
709,662,0,579
716,799,0,494
721,817,0,482
725,826,1,477
730,655,69,584
723,597,69,621
720,761,1,517
725,826,1,477
727,802,1,491
727,601,68,618
720,597,69,621
725,779,0,506
720,723,0,541
720,727,0,539
721,727,0,538
709,718,0,544
711,714,0,546
712,718,0,544
720,768,1,513
725,784,1,502
727,797,1,495
725,579,69,632
718,718,1,544
725,784,0,502
725,792,0,498
729,783,68,504
721,576,68,634
720,736,0,533
725,788,0,500
727,792,1,498
727,597,69,621
718,612,1,612
720,714,0,547
721,725,0,540
723,729,0,537
723,730,0,536
723,734,1,534
725,738,1,532
725,739,0,531
727,777,1,507
727,592,69,624
716,682,1,567
721,774,1,509
725,784,1,502
729,712,68,548
720,581,68,631
721,765,0,515
723,792,0,498
727,801,0,493
723,606,69,615
723,804,0,490
727,811,0,486
727,788,1,500
723,592,69,624
720,712,1,548
721,783,0,504
727,793,0,497
727,795,0,496
727,806,1,489
725,606,69,615
727,801,0,492
720,779,1,506
723,793,1,497
725,801,1,493
727,804,69,490
721,577,69,633
718,768,0,512
723,799,0,494
725,804,0,490
729,637,68,596
720,581,68,631
721,784,0,503
730,601,68,618
723,577,68,633
718,696,1,558
725,802,1,491
725,588,69,626
718,581,69,631
727,768,1,513
729,635,69,597
718,622,1,605
721,754,1,522
723,770,0,511
725,781,0,505
727,783,0,504
727,784,0,503
725,594,68,623
718,682,0,567
723,779,0,506
721,790,1,499
725,811,1,486
730,707,69,551
723,608,69,614
718,714,0,546
725,806,0,489
727,817,0,482
727,613,68,610
720,608,68,614
727,599,68,619
718,631,0,599
721,799,0,494
727,819,0,481
725,601,69,618
718,619,1,607
725,793,1,497
727,815,1,484
725,606,69,615
718,626,1,602
723,801,1,493
727,817,1,483
725,603,68,617
718,642,0,592
725,802,0,491
729,752,68,523
725,603,68,617
718,631,0,599
723,801,1,493
727,801,0,493
725,603,69,617
716,673,1,573
723,817,1,482
729,739,69,531
723,606,68,615
718,702,1,554
725,828,1,476
729,630,69,600
723,612,69,611
718,684,1,566
725,819,1,481
721,590,68,625
718,734,0,534
725,804,0,490
729,642,68,592
721,595,68,622
721,779,1,506
725,817,1,482
729,635,69,597
730,624,69,604
729,828,69,476
725,603,69,617
718,655,1,584
725,813,1,485
720,594,68,623
725,790,0,499
729,806,68,489
725,603,68,617
725,822,0,479
727,617,68,608
718,606,1,615
721,784,1,503
725,806,1,489
729,651,69,586
721,601,68,618
718,732,0,535
725,815,0,484
725,610,68,613
729,626,69,602
721,601,69,618
720,768,1,513
725,815,1,484
729,635,69,597
725,619,69,607
720,613,69,610
721,777,1,507
727,829,1,475
725,795,0,496
729,603,68,617
720,590,68,625
721,784,0,502
727,811,1,486
727,608,69,614
721,603,69,617
718,630,1,600
721,768,1,513
725,813,1,485
730,687,69,564
723,608,69,614
721,612,68,611
720,610,68,613
720,768,0,512
727,822,1,479
725,586,68,627
721,563,68,642
720,747,1,526
725,775,0,508
727,784,0,503
723,576,68,634
720,734,0,534
725,788,0,500
729,585,68,629
725,793,1,497
729,797,69,495
721,583,69,630
716,612,1,612
721,761,1,517
725,774,0,509
725,779,1,506
727,784,0,502
725,585,68,629
718,615,1,609
725,799,0,494
729,628,69,601
718,617,68,608
723,801,0,492
727,824,0,478
727,624,69,603
723,601,69,618
718,603,1,617
725,781,0,505
727,786,0,501
729,738,68,532
721,581,68,631
720,757,0,519
723,790,0,499
725,799,0,494
723,788,0,500
725,802,0,491
727,585,69,628
716,628,1,601
723,603,69,617
718,684,1,566
725,586,68,627
718,716,0,545
725,795,0,496
734,617,68,608
727,621,68,606
723,615,68,609
720,615,69,609
720,577,69,633
727,793,0,497
725,604,69,616
720,604,69,616
720,752,1,523
723,615,68,609
720,617,68,608
723,783,0,504
716,669,0,575
723,763,0,516
725,774,0,509
723,640,69,593
723,612,69,612
718,644,1,591
725,813,1,485
729,612,69,612
718,673,0,573
725,788,0,500
727,804,0,490
727,612,68,611
723,615,68,609
725,612,69,611
721,617,69,608
720,687,1,563
727,817,0,482
723,581,68,631
718,714,0,546
725,815,0,484
727,586,69,627
721,581,69,631
721,792,1,498
727,828,1,476
727,586,69,627
720,583,69,630
721,792,1,498
729,612,69,612
725,601,69,618
718,669,1,575
725,817,1,482
729,599,68,620
721,588,68,626
720,766,0,514
727,811,0,486
727,594,69,623
720,727,0,539
725,808,0,488
729,820,0,480
727,624,68,604
721,624,68,603
718,694,0,559
725,819,0,481
730,662,68,579
725,626,68,602
721,626,68,602
720,626,68,602
723,804,1,490
729,640,69,593
725,626,69,602
723,624,69,604
720,624,69,603
720,748,1,525
720,761,0,517
725,811,1,486
729,624,69,603
721,765,1,515
725,781,1,505
729,694,68,559
723,608,68,614
718,727,0,539
725,802,0,491
727,824,0,478
729,615,68,609
723,613,68,610
727,660,69,581
732,660,69,581
725,770,0,511
727,595,68,622
721,590,68,625
721,754,1,521
725,797,1,495
727,601,69,618
721,603,69,617
721,763,0,516
725,806,0,489
727,615,68,609
721,615,68,609
721,649,69,587
723,655,69,584
723,658,69,582
725,662,69,580
725,662,69,580
727,664,69,578
727,666,69,577
729,664,69,578
729,666,68,577
729,666,68,577
730,666,68,577
730,667,68,576
732,667,68,576
732,666,68,577
734,666,69,577
727,599,68,619
721,594,68,623
721,743,0,528
720,720,0,543
727,810,0,487
727,603,69,617
720,599,69,620
721,765,1,515
727,801,1,492
725,599,69,620
718,694,1,559
725,788,0,500
729,621,68,606
732,779,0,506
736,801,0,492
739,806,0,489
741,808,0,488
745,810,0,487
748,810,0,487
752,808,0,488
754,808,1,488
754,808,1,488
756,806,1,489
757,804,1,490
759,804,0,490
761,802,0,491
718,597,0,621
721,766,0,514
725,784,0,502
729,784,68,502
720,567,69,640
727,768,1,512
727,613,69,610
716,603,1,617
721,759,1,518
718,666,0,577
725,795,0,496
729,757,68,519
723,597,69,621
720,597,69,621
721,784,1,502
727,817,1,482
725,608,69,614
729,619,68,607
723,612,69,612
718,635,0,597
723,810,0,487
721,606,68,615
716,601,68,618
718,702,0,554
725,808,0,488
729,666,68,577
725,608,68,614
720,777,0,507
721,779,1,506
725,804,1,490
729,678,69,569
725,594,69,623
720,599,69,620
723,792,1,498
729,817,68,482
725,606,68,615
720,601,68,618
721,797,0,495
727,824,0,478
725,606,68,615
720,612,68,611
720,732,0,535
723,783,0,504
730,649,68,587
725,613,68,610
721,604,68,616
721,775,0,508
729,631,69,599
725,774,1,509
727,779,0,506
721,779,0,506
727,815,1,484
730,604,69,616
725,604,69,616
721,597,69,621
721,768,1,512
729,822,1,479
725,592,69,624
718,608,69,614
725,808,0,488
729,612,68,612
721,606,68,615
718,687,0,563
727,581,69,631
718,622,1,605
721,777,1,507
729,714,68,547
725,576,69,634
718,653,1,585
725,774,1,509
729,714,68,547
721,579,68,632
721,754,0,521
727,811,0,486
730,610,68,613
723,601,69,618
718,689,1,562
725,817,1,483
720,608,69,614
718,628,1,601
725,817,1,482
727,617,69,608
725,617,69,608
725,811,0,486
729,662,68,579
718,696,1,558
723,766,1,514
725,775,1,508
727,801,0,492
723,583,68,630
718,743,0,528
725,804,0,490
725,822,0,479
727,599,68,619
720,595,68,622
721,784,1,502
725,820,1,480
729,610,69,613
725,604,69,616
720,604,69,616
721,604,69,616
718,678,1,569
723,804,0,490
729,822,68,479
725,610,68,613
721,606,68,615
725,768,1,512
729,775,1,508
721,565,69,641
725,581,68,631
718,662,0,579
725,784,1,502
729,631,69,599
723,586,69,627
718,732,1,535
725,799,1,494
729,617,69,608
723,594,69,623
720,741,1,529
727,806,0,489
727,597,68,621
720,592,68,624
723,786,0,501
721,604,69,616
720,723,1,541
727,817,1,482
725,608,68,614
720,612,68,612
720,757,0,519
718,694,1,559
729,799,1,494
723,786,0,501
727,806,1,489
727,604,69,616
723,599,69,619
720,599,69,619
725,790,1,499
729,619,69,607
723,595,68,622
729,608,69,614
725,592,68,624
718,613,0,610
723,799,0,494
729,817,1,483
723,592,69,624
720,721,1,542
725,815,1,484
729,604,69,616
720,597,69,621
721,786,0,501
729,783,69,504
723,599,68,619
720,599,68,620
723,808,0,488
729,621,68,606
723,599,68,620
718,599,68,619
725,806,1,489
718,619,1,607
723,801,1,493
725,649,69,587
727,651,69,586
727,658,69,582
727,657,69,583
727,662,69,580
729,662,69,579
732,667,69,576
732,664,69,578
734,667,69,576
779,804,0,490
777,804,0,490
727,653,68,585
729,655,68,584
729,651,68,586
730,651,68,586
732,662,68,579
732,662,68,579
734,662,69,579
736,664,69,578
736,664,69,578
738,667,69,576
739,667,69,576
739,662,69,579
739,666,69,577
739,662,69,579
725,644,69,591
718,723,0,541
729,601,69,618
723,599,68,620
718,671,0,574
725,801,0,493
729,741,68,530
727,610,68,613
721,612,68,611
718,648,0,589
721,810,0,487
718,714,1,547
721,761,1,517
725,768,0,512
725,775,0,508
727,779,0,506
725,585,68,629
727,792,0,498
729,599,68,619
721,585,68,629
718,725,1,540
723,793,1,497
727,804,1,490
729,612,69,612
725,599,69,619
718,675,1,571
723,802,0,491
727,597,68,621
727,813,0,485
727,608,68,614
723,608,68,614
729,653,68,585
729,658,68,582
732,662,68,580
732,664,68,578
718,615,0,609
723,783,0,504
725,801,0,492
727,599,68,620
720,597,69,621
720,698,0,557
727,792,0,498
727,594,68,623
721,592,68,624
718,741,0,529
727,774,0,509
721,563,69,642
709,559,69,644
711,714,1,546
718,772,1,510
723,793,0,497
727,811,0,486
725,599,68,619
721,599,68,619
720,754,0,522
725,819,1,481
725,597,68,621
718,601,68,618
723,801,0,492
721,774,0,509
721,754,1,522
725,770,1,511
718,684,0,566
727,801,0,492
727,588,68,626
721,586,69,627
721,761,1,517
725,804,1,490
729,646,69,590
725,603,69,617
720,608,69,614
723,802,0,491
729,826,0,477
725,774,1,509
729,709,69,550
721,563,69,642
718,718,1,544
720,595,68,622
721,779,0,506
725,817,1,483
729,698,69,557
723,567,69,640
718,687,1,564
718,657,0,583
721,788,0,500
725,806,0,489
729,806,68,489
727,608,68,614
723,610,68,613
754,817,0,482
757,817,0,482
759,815,0,484
763,815,0,484
765,813,0,485
766,811,0,486
768,813,1,485
770,815,1,484
770,813,1,485
770,813,1,485
770,813,0,485
772,811,0,486
774,810,0,487
774,810,0,487
725,781,0,505
727,604,68,616
720,588,68,626
721,774,1,509
723,568,68,639
721,732,0,535
727,775,1,508
727,604,69,616
727,808,0,488
725,594,68,623
718,687,0,564
723,801,0,493
727,815,0,484
750,820,0,480
752,819,0,481
754,817,0,482
756,817,0,482
757,819,0,481
759,817,0,482
761,817,0,482
763,817,1,483
766,815,1,484
766,817,1,482
768,817,1,483
770,813,0,485
770,811,0,486
770,811,0,486
770,813,0,485
727,649,69,588
703,723,1,541
707,729,1,537
705,725,1,540
707,727,1,538
707,729,1,537
707,729,1,537
707,727,0,538
707,730,0,536
709,720,0,543
709,723,0,541
707,716,1,545
707,716,1,545
705,714,1,546
705,714,1,546
703,721,1,542
703,721,1,542
703,720,1,543
703,716,1,545
705,712,1,548
707,711,1,549
707,709,0,550
709,714,0,547
709,716,0,545
709,712,0,548
707,711,1,549
703,716,1,545
702,718,1,544
702,716,1,545
721,768,0,513
725,793,0,497
727,799,0,494
729,585,68,628
718,635,1,597
725,779,1,506
727,801,1,493
725,801,1,493
727,806,1,489
723,585,69,629
720,729,1,537
725,799,0,494
727,806,0,489
725,585,68,628
720,604,0,616
721,768,1,513
723,788,1,500
725,797,1,495
729,660,69,581
720,581,0,631
721,774,1,509
725,793,0,497
727,799,0,494
727,594,68,623
718,622,0,605
721,786,0,501
725,801,0,492
729,801,68,493
723,581,68,631
720,754,1,522
725,577,69,633
716,714,1,547
721,781,1,505
725,797,1,495
729,703,69,553
718,750,1,524
723,799,1,494
727,808,1,488
725,572,68,637
718,727,1,538
725,804,0,490
718,590,1,625
721,781,1,505
721,576,69,634
711,565,69,641
707,707,1,551
714,793,1,497
720,806,0,489
723,808,0,488
725,585,69,628
718,689,1,562
723,784,1,502
725,802,0,491
727,806,1,489
723,581,69,631
723,581,68,631
725,792,0,498
720,725,1,540
725,772,1,510
721,761,0,517
725,793,0,497
729,640,69,593
725,768,0,512
727,777,0,507
727,783,0,504
721,572,68,636
723,790,0,499
727,806,0,489
725,599,68,619
725,572,69,636
718,712,1,548
725,788,1,500
725,788,0,500
727,799,0,494
725,576,68,634
718,716,0,545
725,779,1,506
727,784,1,502
725,572,69,637
718,714,0,547
723,793,1,497
727,813,1,485
727,802,1,491
720,574,69,635
721,777,1,507
725,806,1,489
723,581,69,631
721,775,0,508
723,795,1,496
727,819,1,481
727,820,1,480
725,583,69,630
720,727,1,539
725,817,1,482
723,572,69,636
720,754,1,521
725,588,68,626
718,687,0,563
725,786,0,501
718,604,1,616
723,795,1,496
727,815,0,484
721,585,68,629
727,606,68,615
718,662,0,579
725,797,0,495
721,756,1,520
727,799,1,494
721,572,69,637
721,768,0,512
729,667,68,576
720,748,1,525
725,808,1,488
727,590,69,625
720,577,69,633
723,792,1,498
727,817,1,482
721,577,69,633
718,585,69,629
723,775,0,508
729,687,68,564
725,790,0,499
727,592,69,624
718,631,1,599
723,781,1,505
727,801,1,493
723,579,69,632
723,761,1,517
727,806,0,489
721,572,69,637
721,754,1,522
725,810,1,487
729,595,68,622
718,572,69,637
725,792,0,498
729,624,68,603
720,576,68,634
723,790,0,499
727,822,0,479
721,572,68,636
721,772,1,510
725,819,1,481
725,581,69,631
720,585,68,629
721,770,0,511
725,804,0,490
725,577,68,633
718,624,0,604
723,788,0,500
727,808,0,488
725,576,68,634
727,786,0,501
718,648,0,589
723,779,0,506
727,802,1,491
725,586,69,627
721,775,0,508
725,811,0,486
725,590,68,625
720,639,0,594
725,799,0,494
723,788,0,500
727,808,68,488
720,577,68,633
723,783,0,504
727,811,0,486
723,585,69,629
720,721,1,542
725,811,1,486
727,608,69,614
718,601,1,618
725,799,1,494
721,583,69,630
723,768,1,513
729,801,69,493
718,628,1,601
725,792,1,498
727,599,69,619
718,588,69,626
725,788,1,500
727,813,1,485
723,588,68,626
720,720,0,543
725,806,0,489
727,588,68,626
720,585,68,629
723,781,0,505
729,644,69,591
723,588,69,626
723,739,1,531
729,628,69,601
720,585,69,628
725,801,1,492
725,588,68,626
720,698,0,557
725,795,0,496
718,622,1,605
723,774,1,509
729,606,69,615
727,597,68,621
718,599,0,619
723,779,0,506
727,802,0,491
721,743,1,528
725,795,0,496
723,648,68,589
725,651,68,586
725,660,68,581
725,655,68,584
727,660,68,581
730,662,68,579
734,664,68,578
734,666,68,577
736,667,69,576
738,667,69,576
739,667,69,576
739,667,69,576
739,666,69,577
739,673,69,573
741,667,68,576
723,567,69,640
720,707,1,551
725,784,1,502
729,743,68,528
721,586,68,627
730,657,69,583
727,594,69,623
718,610,1,613
723,777,1,507
727,801,1,493
725,585,69,628
718,655,1,584
723,801,1,493
721,738,0,532
725,792,0,498
720,730,1,536
725,788,0,500
727,581,68,631
718,624,0,603
723,788,0,500
727,810,0,487
727,788,1,500
723,572,69,637
720,714,1,546
725,788,1,500
727,576,68,634
720,579,68,632
723,768,0,513
720,721,1,542
725,817,1,482
720,592,68,624
721,779,0,506
725,775,0,508
727,788,0,500
729,621,69,606
720,583,69,630
721,768,1,512
720,707,0,551
725,793,0,497
729,612,68,612
725,777,1,507
727,577,69,633
720,574,69,635
727,585,69,629
718,585,1,629
723,779,1,506
727,804,1,490
720,739,1,531
725,779,1,506
729,612,69,611
721,583,69,630
720,727,0,539
721,595,69,622
720,748,0,525
725,810,1,487
725,599,68,620
725,808,1,488
729,651,69,586
723,795,1,496
727,788,1,500
720,559,69,644
720,754,1,522
723,784,0,503
725,792,0,498
729,635,68,597
727,813,0,485
725,581,68,631
718,696,0,558
727,601,69,618
720,577,69,633
721,765,1,515
725,804,0,490
725,772,0,510
723,754,1,521
725,781,1,505
729,727,69,538
721,601,69,618
729,709,68,550
721,583,68,630
720,754,0,522
718,590,0,625
723,786,1,501
725,810,1,487
721,558,69,645
720,720,0,543
725,775,0,508
732,644,68,591
727,648,68,589
725,644,69,591
714,628,68,601
714,624,68,603
712,637,68,595
714,649,68,588
716,649,68,588
720,658,68,582
720,657,68,583
721,653,68,585
723,660,69,581
725,667,69,576
725,658,69,582
727,658,69,582
727,662,69,580
730,664,69,578
730,662,69,580
732,660,69,581
732,662,68,580
732,660,68,581
736,662,68,580
727,666,68,577
716,777,0,507
720,637,68,595
720,640,68,593
718,648,68,589
720,646,68,590
721,649,68,587
723,648,68,589
723,657,68,583
725,662,69,580
725,660,69,581
727,666,69,577
729,669,69,575
730,666,69,577
732,664,69,578
734,667,68,576
734,669,68,575
736,669,68,575
738,673,68,573
739,671,68,574
739,666,68,577
739,666,68,577
739,671,68,574
741,664,69,578
741,666,69,577
741,671,69,574
741,660,69,581
720,635,68,597
721,640,68,593
721,639,68,594
723,642,68,592
723,648,68,589
723,655,68,584
725,657,68,583
725,662,69,579
727,660,69,581
729,660,69,581
729,662,69,579
730,662,69,580
732,667,69,576
736,666,68,577
736,666,68,577
738,666,68,577
738,666,68,577
738,666,68,577
739,662,68,579
718,646,69,590
720,651,69,586
720,642,69,592
720,646,69,590
721,648,69,589
723,651,69,586
725,657,69,583
725,657,69,583
727,660,69,581
732,664,69,578
732,662,69,579
734,667,69,576
736,667,68,576
738,666,68,577
739,664,68,578
739,664,68,578
739,662,69,579
739,660,69,581
739,660,69,581
709,691,0,561
716,585,68,629
711,574,68,635
709,574,69,635
714,772,1,510
718,772,1,510
711,570,69,638
709,691,1,561
716,635,69,597
716,637,68,595
720,642,68,592
720,649,68,588
721,646,68,590
721,648,68,589
723,651,68,586
725,649,69,587
725,649,69,587
725,649,69,588
716,572,68,636
709,572,68,637
709,736,1,533
718,612,69,612
709,570,69,638
709,691,1,561
716,790,1,499
712,570,69,638
718,770,0,511
725,801,0,493
729,806,0,489
736,811,0,486
739,813,0,485
741,813,0,485
747,813,0,485
748,811,0,486
752,811,1,486
754,815,1,484
757,815,1,484
759,811,1,486
716,576,69,634
707,577,1,633
709,581,69,631
714,576,68,634
718,617,69,608
709,576,69,634
716,786,1,501
714,568,69,639
716,590,68,625
709,558,68,645
709,723,0,541
707,662,0,579
712,777,0,507
711,772,1,510
718,624,69,604
711,772,1,510
716,788,0,500
712,748,0,525
718,734,68,534
712,559,69,644
707,651,1,586
712,766,1,514
718,581,68,631
711,567,68,640
709,599,69,620
709,720,1,543
714,808,1,488
716,597,69,621
711,588,68,626
709,583,68,630
711,574,68,635
707,698,0,557
714,779,0,506
716,527,68,665
