730,705,1,552
720,556,1,647
721,631,1,599
727,669,1,575
727,693,1,560
725,709,1,550
729,718,1,544
729,727,1,538
727,732,1,535
730,734,1,534
730,738,1,532
732,739,1,531
734,741,1,529
734,743,1,528
738,747,1,526
727,606,1,615
736,678,1,569
723,577,1,633
734,658,1,582
734,702,1,554
736,727,1,538
736,745,1,527
738,714,69,547
727,621,1,606
732,682,1,567
734,714,1,547
736,729,1,537
734,739,1,531
734,741,1,529
730,739,1,531
734,739,1,531
736,739,1,531
738,736,1,533
725,581,1,631
732,648,1,589
734,676,1,570
736,702,1,555
736,712,1,548
734,723,1,541
729,721,1,542
721,714,1,547
729,720,1,543
738,622,1,605
727,594,1,623
730,651,1,586
734,684,1,566
734,698,1,557
730,711,1,549
729,716,1,545
729,718,1,544
725,723,1,541
730,727,1,539
732,730,1,536
734,734,1,534
734,730,1,536
730,741,1,530
736,743,1,528
736,745,1,527
730,748,1,525
734,750,1,524
734,752,1,523
734,752,1,523
734,750,1,524
734,754,1,522
732,754,1,521
732,756,1,520
729,752,1,523
727,752,1,523
718,498,69,682
712,559,1,644
718,581,1,631
721,646,1,590
727,675,1,572
727,689,1,562
729,698,1,557
730,718,1,544
725,721,1,542
727,721,1,542
721,723,1,541
718,720,1,543
720,720,1,543
718,720,1,543
718,714,1,546
716,565,1,641
714,599,1,620
712,613,1,610
712,624,1,603
709,626,1,602
707,633,1,598
709,633,1,598
709,635,1,597
709,639,1,594
707,639,1,594
707,642,1,592
709,644,1,591
712,644,1,591
711,648,1,589
712,653,1,585
712,662,1,580
712,666,1,577
712,673,1,573
716,678,1,569
712,682,1,567
712,684,1,566
712,685,1,565
711,687,1,563
712,691,1,561
711,691,1,561
712,694,1,559
712,696,1,558
709,698,1,557
711,702,1,555
709,702,1,555
711,702,1,554
711,702,1,555
712,702,1,555
711,698,1,557
711,698,1,557
711,700,1,556
709,698,1,557
709,698,1,557
709,698,1,557
709,694,1,559
709,698,1,557
703,693,1,560
725,687,1,564
711,684,1,566
709,676,1,570
707,676,1,570
703,676,1,570
707,676,1,570
709,678,1,569
707,680,1,568
707,682,1,567
707,684,1,566
703,685,1,565
703,687,1,564
703,687,1,564
702,687,1,564
703,687,1,563
703,689,1,562
703,691,1,561
703,691,1,561
702,693,1,560
705,694,1,559
700,691,1,561
702,693,1,560
702,689,1,562
702,691,1,561
694,675,1,572
694,648,1,589
698,646,1,590
694,646,1,590
698,648,1,589
694,649,1,588
696,649,1,587
700,653,1,585
698,655,1,584
709,700,1,556
707,691,1,561
703,694,1,559
702,691,1,561
700,687,1,564
698,676,1,570
709,687,1,563
707,684,1,566
705,682,1,567
707,680,1,568
705,678,1,569
702,676,1,570
703,676,1,570
700,675,1,571
702,675,1,571
700,673,1,573
700,671,1,574
700,669,1,575
698,667,1,576
716,703,1,553
712,700,1,556
707,691,1,561
696,660,1,581
696,662,1,580
694,664,1,578
694,678,1,569
694,675,1,571
694,673,1,573
698,671,1,574
698,667,1,576
696,664,1,578
698,664,1,578
698,662,1,580
696,660,1,581
700,662,1,580
698,662,1,580
698,658,1,582
732,716,1,545
732,716,1,545
720,702,1,554
716,694,1,559
712,687,1,564
712,689,1,562
711,687,1,564
711,687,1,563
712,687,1,563
711,689,1,562
712,689,1,562
730,720,1,543
714,707,1,551
712,702,1,555
712,691,1,561
709,687,1,564
711,685,1,565
709,685,1,565
711,687,1,564
711,685,1,565
707,685,1,565
709,685,1,565
709,685,1,565
707,685,1,565
707,684,1,566
703,684,1,566
707,684,1,566
707,682,1,567
718,714,1,547
712,707,1,551
716,705,1,552
712,703,1,553
712,703,1,553
711,705,1,552
712,703,1,553
716,703,1,553
714,703,1,553
712,707,1,551
712,707,1,551
709,705,1,552
712,707,1,551
711,707,1,551
712,707,1,551
711,709,1,550
709,702,1,554
712,707,1,551
711,711,1,549
712,711,1,549
711,712,1,548
730,721,1,542
727,720,1,543
727,720,1,543
727,720,1,543
725,718,1,544
725,718,1,544
725,718,1,544
725,716,1,545
725,716,1,545
730,716,1,545
727,718,1,544
725,716,1,545
734,723,1,541
709,662,1,580
711,664,1,578
709,662,1,579
711,662,1,579
712,664,1,578
711,664,1,578
709,664,1,578
709,664,1,578
709,666,1,577
705,664,1,578
707,662,1,579
707,662,1,580
703,660,1,581
703,658,1,582
703,660,1,581
705,660,1,581
700,653,1,585
703,651,1,586
700,649,1,588
702,649,1,587
700,646,1,590
700,642,1,592
702,639,1,594
700,637,1,595
700,637,1,595
696,637,1,595
694,637,1,596
700,637,1,595
725,705,1,552
721,703,1,553
707,693,1,560
736,720,1,543
721,702,1,555
718,702,1,554
716,698,1,557
720,702,1,554
721,707,1,551
721,703,1,553
720,703,1,553
718,702,1,555
718,702,1,554
718,703,1,553
718,703,1,553
718,707,1,551
716,707,1,551
718,709,1,550
720,709,1,550
720,707,1,551
718,714,1,547
720,714,1,546
721,716,1,545
723,718,1,544
725,716,1,545
734,721,1,542
729,721,1,542
727,721,1,542
711,680,1,568
714,694,1,559
712,702,1,555
711,702,1,555
712,702,1,554
711,703,1,553
711,707,1,551
712,703,1,553
709,702,1,555
707,687,1,563
709,673,1,573
703,660,1,581
707,657,1,583
707,657,1,583
707,657,1,583
707,658,1,582
707,655,1,584
707,657,1,583
707,653,1,585
707,649,1,588
707,649,1,588
707,646,1,590
705,648,1,589
707,644,1,591
705,640,1,593
705,639,1,594
700,639,1,594
703,693,1,560
698,685,1,565
698,678,1,569
734,716,1,545
729,714,1,547
718,702,1,554
711,694,1,559
707,691,1,561
705,691,1,561
702,689,1,562
703,689,1,562
703,689,1,562
700,689,1,562
700,689,1,562
727,714,1,546
716,703,1,553
709,702,1,555
707,698,1,557
705,694,1,559
703,694,1,559
700,691,1,561
716,712,1,548
700,689,1,562
689,685,1,565
698,684,1,566
729,628,1,601
725,676,1,570
725,698,1,557
721,707,1,551
718,702,1,554
714,702,1,554
712,698,1,557
712,700,1,556
709,676,1,570
707,687,1,563
685,649,0,587
689,662,0,580
691,667,0,576
689,667,0,576
693,673,0,573
691,666,1,577
689,675,1,572
687,644,0,591
691,646,0,590
691,649,0,587
693,653,0,585
693,687,1,564
694,687,1,563
694,687,1,564
694,687,0,564
694,685,0,565
693,682,0,567
693,678,0,569
693,675,1,571
700,702,1,554
702,705,1,552
703,707,1,551
718,687,0,564
709,685,0,565
700,678,0,569
700,678,1,569
698,682,1,567
698,682,1,567
696,685,1,565
698,689,1,562
698,693,1,560
694,696,1,558
698,698,1,557
698,700,1,556
700,700,1,556
700,702,1,554
702,705,1,552
703,707,1,551
705,709,1,550
705,711,1,549
716,716,1,545
705,716,1,545
705,714,1,546
702,712,1,548
700,707,1,551
698,702,1,554
698,700,1,556
700,696,1,558
702,694,1,559
703,691,1,561
703,689,1,562
702,687,1,564
702,684,1,566
698,682,1,567
700,676,1,570
698,675,1,572
694,673,1,573
725,712,0,548
727,714,0,546
709,702,0,554
705,694,0,559
703,691,0,561
700,689,0,562
696,687,1,564
696,685,1,565
694,682,1,567
694,685,1,565
691,684,1,566
714,682,1,567
716,685,1,565
696,676,1,570
698,676,1,570
698,676,1,570
694,675,1,571
694,673,1,573
693,671,1,574
696,673,1,573
700,691,0,561
694,678,0,569
691,675,0,571
694,649,0,587
689,648,0,589
694,657,0,583
691,658,0,582
694,662,0,579
694,666,1,577
693,667,1,576
698,673,1,573
694,673,1,573
700,675,1,571
696,676,1,570
694,676,1,570
700,680,1,568
700,685,1,565
702,685,0,565
700,687,0,564
703,689,0,562
702,694,0,559
705,694,0,559
703,696,0,558
703,696,0,558
702,682,1,567
700,682,1,567
702,682,1,567
709,669,0,575
707,676,0,570
698,669,0,575
691,662,0,580
714,696,1,558
703,689,1,562
700,684,1,566
698,678,1,569
698,678,1,569
694,678,0,569
696,680,1,568
694,682,0,567
694,682,0,567
694,680,1,568
694,678,1,569
694,678,1,569
694,680,1,568
696,678,1,569
696,680,1,568
709,698,0,557
712,702,1,554
712,703,1,553
714,709,1,550
738,626,68,602
716,601,0,618
712,646,0,590
709,669,0,575
712,685,0,565
709,693,0,560
709,698,0,557
712,702,1,554
712,703,1,553
712,703,1,553
714,711,1,549
714,716,1,545
714,718,1,544
714,709,1,550
716,714,1,546
718,712,0,548
714,716,1,545
716,727,0,539
712,723,0,541
714,723,0,541
712,723,0,541
711,727,0,539
712,727,0,539
712,727,0,539
712,736,0,533
716,739,1,531
716,732,1,535
714,732,1,535
712,720,1,543
711,727,1,539
709,723,1,541
709,727,1,539
707,716,1,545
709,716,1,545
709,716,1,545
709,714,1,546
707,714,1,546
707,714,0,547
707,714,0,547
707,709,0,550
707,714,0,547
703,712,0,548
703,709,0,550
738,687,68,563
718,604,0,616
720,684,0,566
721,703,0,553
721,707,0,551
716,702,1,554
721,703,1,553
714,702,1,554
712,702,1,555
711,700,1,556
712,702,1,554
714,702,1,555
712,702,1,554
714,702,0,554
712,702,0,554
712,702,0,555
712,703,0,553
707,702,0,555
705,698,0,557
707,702,0,555
705,702,0,555
707,702,0,554
707,703,0,553
705,703,1,553
705,702,1,554
707,703,1,553
705,703,1,553
703,709,1,550
707,707,1,551
707,703,1,553
707,707,1,551
707,707,1,551
707,707,1,551
709,709,0,550
709,709,0,550
707,707,0,551
711,707,0,551
712,702,0,554
712,703,0,553
709,702,0,554
702,702,0,554
702,705,1,552
702,705,1,552
703,707,1,551
709,705,1,552
709,703,1,553
703,703,1,553
716,727,1,539
714,727,0,539
714,729,0,537
714,730,0,536
709,729,0,537
709,720,0,543
709,714,0,547
707,712,0,548
707,711,0,549
707,709,0,550
703,709,0,550
705,711,1,549
703,705,1,552
703,707,1,551
705,703,1,553
702,703,1,553
703,702,1,554
702,705,1,552
703,702,1,554
702,703,1,553
702,702,1,554
703,700,1,556
703,700,1,556
703,700,1,556
703,698,1,557
702,696,1,558
702,700,1,556
703,694,1,559
705,696,1,558
703,698,1,557
703,696,1,558
705,698,1,557
707,700,1,556
703,694,1,559
703,694,1,559
702,694,1,559
702,691,1,561
700,689,1,562
700,689,1,562
698,687,1,563
720,709,1,550
703,689,1,562
700,687,1,564
698,684,1,566
698,684,1,566
721,714,1,547
703,694,1,559
700,687,1,564
698,687,1,564
694,684,1,566
696,684,1,566
694,682,1,567
694,682,1,567
694,680,1,568
693,680,1,568
707,707,1,551
709,711,1,549
712,703,1,553
714,714,1,546
709,714,1,547
707,698,1,557
707,696,1,558
707,702,1,554
705,698,1,557
707,702,1,555
707,707,1,551
709,711,1,549
712,703,1,553
714,714,1,546
709,714,1,547
709,714,1,546
712,712,1,548
712,711,0,549
712,712,0,548
714,716,0,545
718,723,0,541
716,723,0,541
714,729,0,537
716,729,1,537
718,729,1,537
718,723,1,541
718,729,1,537
718,732,1,535
718,729,1,537
718,729,1,537
718,729,1,537
714,732,1,535
712,720,1,543
727,720,1,543
718,716,1,545
705,702,0,554
703,698,0,557
703,698,0,557
703,700,1,556
703,698,1,557
703,700,1,556
707,698,1,557
705,702,1,554
705,705,1,552
705,705,1,552
705,698,0,557
707,702,0,555
729,720,1,543
725,678,0,569
711,671,0,574
702,671,1,574
698,675,1,572
694,671,1,574
691,662,1,580
689,658,1,582
689,660,1,581
689,662,1,579
685,664,1,578
689,664,1,578
685,666,1,577
689,671,1,574
689,675,1,571
689,676,1,570
689,682,1,567
689,684,1,566
693,682,1,567
693,682,1,567
693,682,1,567
693,678,1,569
693,678,1,569
691,675,1,571
693,675,1,571
689,675,1,571
691,675,1,572
691,675,1,572
691,673,1,573
691,671,1,574
691,673,1,573
723,705,0,552
709,702,0,554
707,702,0,555
705,698,0,557
703,698,0,557
703,702,0,555
703,702,1,555
703,702,1,554
705,702,1,554
703,705,1,552
705,711,1,549
707,712,1,548
707,712,1,548
709,714,1,546
712,716,1,545
714,714,0,547
725,714,0,546
727,718,0,544
725,714,0,546
727,718,0,544
716,723,0,541
716,725,1,540
716,727,1,539
721,727,1,539
721,727,1,539
716,725,1,540
716,727,1,539
714,727,1,539
714,727,1,539
712,727,1,539
714,727,1,539
712,727,1,539
712,718,1,544
712,720,1,543
711,720,0,543
714,727,1,539
712,727,1,539
714,727,1,539
712,727,1,539
712,718,1,544
712,720,1,543
711,720,0,543
709,720,0,543
703,662,0,580
703,649,0,587
700,646,0,590
700,646,0,590
698,644,0,591
700,644,0,591
700,648,1,589
698,649,1,587
691,619,0,607
689,619,0,607
689,649,0,587
685,651,0,586
685,651,0,586
685,653,0,585
685,655,0,584
685,658,0,582
685,662,0,580
685,662,0,579
685,666,1,577
687,669,1,575
691,673,1,573
691,675,1,572
689,675,1,571
689,675,1,571
691,678,1,569
691,682,1,567
693,685,1,565
691,689,1,562
691,693,1,560
694,694,1,559
694,696,1,558
693,696,0,558
691,689,0,562
691,687,0,563
691,693,0,560
691,691,0,561
711,662,0,580
698,662,0,579
698,664,0,578
694,667,0,576
694,669,0,575
694,673,0,573
694,675,0,571
694,678,0,569
696,682,1,567
698,684,1,566
698,685,1,565
698,685,1,565
694,687,1,564
712,702,1,554
703,698,0,557
700,698,0,557
700,694,0,559
698,689,0,562
698,689,0,562
698,687,0,563
696,685,1,565
698,687,1,564
702,687,1,564
700,685,1,565
698,675,1,571
698,673,1,573
698,669,1,575
700,669,1,575
700,667,1,576
698,664,1,578
694,662,1,579
707,662,0,580
711,664,0,578
709,675,1,571
700,676,1,570
700,678,1,569
707,696,0,558
716,700,0,556
721,707,0,551
721,707,0,551
723,712,0,548
712,712,0,548
707,714,0,547
709,714,0,546
707,716,0,545
723,702,1,555
716,711,1,549
707,705,1,552
707,687,1,563
707,682,1,567
707,678,0,569
705,676,0,570
703,675,0,571
702,673,0,573
702,673,1,573
700,671,1,574
734,720,0,543
720,712,0,548
712,705,0,552
709,702,0,554
711,687,0,564
709,682,0,567
709,682,0,567
729,718,1,544
727,718,1,544
716,705,1,552
716,702,1,554
712,700,1,556
712,702,1,555
712,702,1,554
711,700,1,556
711,689,1,562
707,678,1,569
707,676,1,570
707,675,1,571
707,676,1,570
680,675,1,571
685,667,1,576
687,1164,21,296
691,662,0,579
685,660,0,581
685,658,0,582
685,660,1,581
702,675,1,571
694,673,0,573
694,676,0,570
700,676,0,570
700,676,1,570
694,649,0,587
694,651,0,586
696,653,0,585
693,657,0,583
707,712,1,548
705,714,1,546
705,716,0,545
703,718,0,544
707,721,0,542
712,721,0,542
711,727,0,539
705,684,1,566
705,680,0,568
703,678,0,569
700,676,0,570
700,678,0,569
700,682,0,567
698,682,0,567
698,684,0,566
698,685,0,565
698,685,0,565
696,687,0,564
696,687,1,563
698,689,1,562
700,689,1,562
700,689,1,562
702,691,1,561
700,691,1,561
703,693,1,560
702,691,1,561
700,691,1,561
702,691,1,561
700,689,1,562
700,689,1,562
698,685,1,565
694,684,1,566
707,682,0,567
700,682,0,567
700,682,0,567
698,678,0,569
694,676,1,570
696,676,1,570
694,675,1,572
696,671,1,574
696,669,1,575
698,669,1,575
696,671,1,574
698,664,1,578
698,662,1,580
693,658,1,582
696,685,1,565
694,655,1,584
693,655,0,584
685,649,0,587
691,655,0,584
689,639,1,594
703,655,0,584
698,660,1,581
694,691,0,561
694,691,0,561
693,691,0,561
694,693,1,560
694,691,0,561
693,691,0,561
693,691,0,561
694,691,0,561
694,691,0,561
693,691,0,561
694,693,1,560
696,696,1,558
698,696,1,558
698,698,1,557
698,698,1,557
700,700,1,556
698,696,1,558
696,698,1,557
698,696,0,558
698,696,1,558
694,698,0,557
696,698,0,557
694,700,0,556
694,698,0,557
694,696,0,558
694,694,0,559
694,693,0,560
694,691,0,561
694,689,1,562
696,687,1,564
694,685,1,565
696,682,1,567
696,682,1,567
694,680,1,568
694,676,1,570
711,709,0,550
712,711,0,549
712,711,0,549
714,711,0,549
716,714,0,547
718,714,0,547
716,714,1,546
712,718,1,544
716,720,1,543
714,727,1,539
716,739,1,531
732,709,0,550
718,707,0,551
714,705,0,552
711,709,0,550
712,711,0,549
712,711,0,549
714,711,0,549
716,714,0,547
718,714,0,547
716,714,1,546
712,718,1,544
716,720,1,543
714,727,1,539
716,739,1,531
720,734,1,534
721,729,1,537
723,729,1,537
725,727,0,538
725,725,0,540
725,739,0,531
729,738,0,532
730,734,0,534
734,734,0,534
730,745,0,527
723,750,0,524
721,739,0,531
725,747,0,526
723,743,1,528
725,739,1,531
721,748,1,525
721,754,1,522
721,752,1,523
721,748,1,525
723,754,1,521
716,750,1,524
718,747,1,526
718,741,1,530
718,741,1,529
716,741,1,530
727,721,0,542
723,723,0,541
727,729,0,537
727,727,0,538
727,729,0,537
729,727,1,539
729,727,1,539
729,730,1,536
730,727,1,538
727,732,1,535
729,750,1,524
727,743,1,528
727,732,1,535
730,741,0,529
734,754,0,522
732,745,0,527
734,754,1,522
730,741,1,529
734,748,1,525
736,745,1,527
736,748,1,525
732,745,1,527
730,765,1,515
727,765,1,515
727,757,1,519
725,761,1,517
709,698,0,557
707,693,0,560
705,693,0,560
702,684,0,566
703,675,0,571
727,712,1,548
718,707,1,551
711,702,1,555
716,698,1,557
709,698,1,557
707,698,1,557
707,698,1,557
707,702,1,555
707,703,1,553
709,707,1,551
707,711,1,549
709,714,1,547
709,718,0,544
712,721,1,542
712,725,0,540
711,727,0,538
709,729,0,537
709,732,1,535
711,734,1,534
711,736,1,533
709,738,1,532
709,738,1,532
739,651,68,586
721,594,0,623
723,648,0,589
723,685,0,565
727,714,1,546
727,741,1,529
727,757,1,519
727,763,0,516
727,768,0,512
727,765,0,515
727,750,0,524
725,757,0,519
725,766,0,514
725,759,0,518
725,768,0,512
725,759,1,518
730,754,1,521
730,765,1,515
725,748,1,525
730,757,1,519
730,766,1,514
729,756,1,520
725,759,1,518
721,752,1,523
725,727,0,539
725,723,0,541
725,727,0,539
725,727,0,539
725,727,0,539
721,727,0,539
721,723,0,541
721,729,0,537
720,727,1,539
725,727,1,538
729,729,1,537
732,736,1,533
736,741,1,529
734,612,1,612
738,514,68,672
725,612,0,612
727,666,0,577
714,709,0,550
712,709,0,550
714,711,0,549
712,711,0,549
712,712,0,548
716,712,1,548
730,505,69,678
725,626,0,602
725,664,1,578
727,707,0,551
729,716,0,545
730,721,0,542
730,723,0,541
725,725,0,540
721,723,0,541
727,725,0,540
729,727,0,539
730,727,1,538
727,727,1,538
727,729,1,537
729,727,1,539
729,729,1,537
730,727,1,538
730,727,1,538
729,727,1,538
727,727,1,539
727,727,1,539
725,727,1,538
727,727,1,538
729,725,0,540
725,727,0,539
730,630,0,600
736,676,0,570
725,597,0,621
734,660,0,581
736,702,0,555
736,729,0,537
736,739,0,531
738,748,0,525
736,748,0,525
736,747,0,526
734,750,0,524
736,752,1,523
738,514,68,672
725,568,0,639
736,673,1,573
734,505,69,678
734,597,1,621
738,520,69,669
730,610,0,613
734,673,0,573
730,507,68,677
730,630,0,600
736,676,0,570
725,597,0,621
734,660,0,581
736,702,0,555
736,729,0,537
736,739,0,531
738,748,0,525
736,748,0,525
736,747,0,526
734,750,0,524
736,752,1,523
725,579,1,632
736,676,1,570
736,613,0,610
718,723,1,541
718,727,1,538
716,729,1,537
718,721,1,542
718,720,1,543
718,721,1,542
721,671,1,574
718,684,0,566
718,691,0,561
718,696,0,558
718,698,0,557
718,703,0,553
716,707,0,551
716,712,0,548
716,714,0,546
716,720,0,543
718,721,0,542
718,723,1,541
718,727,1,538
716,729,1,537
718,721,1,542
718,720,1,543
718,721,1,542
718,727,1,538
716,727,1,538
714,730,1,536
712,720,1,543
716,718,1,544
712,718,1,544
709,714,1,546
709,714,1,546
707,712,0,548
707,707,0,551
707,711,0,549
700,703,0,553
700,703,1,553
700,703,1,553
703,702,1,555
700,700,1,556
700,698,1,557
712,702,1,555
716,707,1,551
700,678,1,569
687,664,1,578
689,664,0,578
685,667,0,576
687,669,0,575
687,671,0,574
684,669,0,575
685,669,0,575
685,669,0,575
685,669,0,575
685,667,0,576
685,666,0,577
685,664,1,578
685,662,1,580
685,662,1,580
703,687,1,564
711,702,1,555
703,676,0,570
698,671,0,574
696,675,0,572
696,678,0,569
694,685,0,565
721,716,1,545
720,714,1,546
711,703,0,553
703,700,0,556
703,698,0,557
696,675,1,571
694,678,1,569
698,682,1,567
696,685,1,565
694,687,1,564
696,687,1,563
698,689,1,562
698,693,1,560
698,696,1,558
698,702,1,555
698,703,1,553
694,707,1,551
698,709,1,550
698,711,1,549
698,712,0,548
698,714,0,546
696,714,0,546
698,716,0,545
696,718,1,544
698,718,1,544
698,716,1,545
700,714,1,546
700,714,1,547
698,709,1,550
700,703,1,553
700,702,1,555
698,698,1,557
700,694,1,559
698,691,1,561
698,687,1,563
698,685,1,565
714,711,0,549
714,712,0,548
718,714,0,547
718,714,0,547
716,718,1,544
711,720,1,543
709,723,1,541
709,727,1,538
736,693,1,560
730,696,1,558
725,700,1,556
716,707,0,551
714,707,0,551
714,711,0,549
714,712,0,548
718,714,0,547
718,714,0,547
716,718,1,544
711,720,1,543
709,723,1,541
709,727,1,538
709,732,1,535
714,741,1,530
714,741,1,529
718,741,1,530
712,671,0,574
718,687,0,563
721,696,0,558
721,702,0,554
716,703,1,553
718,707,1,551
720,714,1,547
718,603,0,617
718,631,0,599
712,655,0,584
712,671,0,574
718,687,0,563
721,696,0,558
721,702,0,554
716,703,1,553
718,707,1,551
720,714,1,547
721,714,1,547
723,718,1,544
725,716,1,545
725,721,0,542
727,720,0,543
727,727,0,539
729,727,0,539
730,727,0,538
730,729,0,537
730,729,0,537
730,732,0,535
730,734,0,534
730,729,0,537
734,730,0,536
734,732,0,535
734,729,1,537
734,736,1,533
736,741,1,529
736,757,1,519
739,711,69,549
725,599,1,620
727,666,1,577
730,714,1,547
732,739,0,531
734,754,1,521
736,765,0,515
736,754,0,522
734,754,0,521
736,752,0,523
730,518,68,670
730,648,0,589
734,698,0,557
734,727,0,538
736,739,0,531
725,612,1,611
734,678,1,569
736,608,69,614
729,637,1,596
736,729,0,537
730,727,0,539
727,721,0,542
727,721,1,542
725,716,1,545
721,714,1,546
718,711,1,549
716,707,0,551
712,711,0,549
712,709,0,550
711,711,0,549
711,707,0,551
709,700,1,556
709,698,0,557
709,698,0,557
707,694,0,559
703,694,0,559
703,693,0,560
702,691,0,561
700,689,0,562
698,689,0,562
707,729,1,537
711,729,1,537
709,723,1,541
711,729,0,537
711,732,0,535
727,469,0,699
725,586,0,627
718,626,0,602
714,646,0,590
712,662,0,580
711,675,0,572
709,685,0,565
709,693,0,560
711,700,1,556
711,702,1,554
709,707,1,551
709,711,1,549
709,716,1,545
709,721,1,542
709,727,1,539
709,720,1,543
707,729,1,537
707,727,1,538
709,734,1,534
711,729,1,537
709,723,1,541
711,729,0,537
711,732,0,535
712,739,0,531
712,727,0,539
714,723,0,541
716,725,0,540
712,734,1,534
709,732,1,535
711,729,1,537
712,723,1,541
712,723,1,541
712,720,1,543
712,720,1,543
712,714,1,547
707,716,1,545
707,714,1,547
707,714,1,547
707,711,1,549
707,711,1,549
709,711,1,549
707,707,1,551
709,705,1,552
709,714,1,547
709,716,1,545
709,720,1,543
709,720,1,543
712,716,0,545
712,723,0,541
712,727,0,538
716,720,0,543
716,729,0,537
725,702,0,555
712,702,0,555
711,702,0,555
707,702,0,555
707,705,1,552
707,707,1,551
709,705,1,552
709,714,1,547
709,716,1,545
709,720,1,543
709,720,1,543
712,716,0,545
712,723,0,541
712,727,0,538
716,720,0,543
716,729,0,537
718,727,0,539
718,727,0,538
716,727,0,538
716,741,0,530
714,736,0,533
711,730,0,536
711,741,0,530
716,747,1,526
716,734,1,534
718,741,1,530
721,608,0,614
716,669,0,575
718,702,0,555
720,718,0,544
721,729,0,537
718,727,0,538
709,675,0,572
707,675,0,571
707,684,0,566
707,687,1,564
709,689,1,562
729,504,68,679
734,619,0,607
738,531,68,662
729,599,0,619
729,691,1,561
730,714,0,546
727,729,0,537
727,739,0,531
727,741,0,529
727,748,0,525
730,747,0,526
729,736,0,533
730,739,0,531
730,745,0,527
729,745,0,527
732,739,1,531
732,738,1,532
729,739,1,531
729,628,0,601
732,676,0,570
736,714,0,547
736,732,1,535
738,559,69,644
730,637,1,595
734,684,1,566
738,718,1,544
727,601,1,618
730,534,69,660
732,653,1,585
727,586,1,627
734,525,69,666
734,637,1,595
738,678,1,569
727,590,1,625
734,684,1,566
725,599,0,619
730,669,0,575
736,709,0,550
732,547,68,652
729,653,0,585
736,687,0,563
730,577,0,633
730,631,0,599
725,662,0,579
723,680,0,568
725,698,0,557
727,714,0,547
727,720,0,543
729,723,0,541
729,727,0,539
725,727,0,539
730,676,1,570
721,689,1,562
723,702,0,555
723,709,0,550
723,716,0,545
725,720,0,543
723,720,0,543
725,720,0,543
721,720,1,543
720,716,1,545
718,714,1,546
716,714,1,546
718,714,1,546
718,714,1,546
718,712,1,548
718,711,1,549
716,711,1,549
727,700,1,556
727,707,1,551
730,711,1,549
727,649,1,587
725,658,1,582
723,666,1,577
723,673,1,573
725,678,1,569
727,687,1,563
727,700,1,556
727,707,1,551
730,711,1,549
727,662,1,579
727,707,1,551
730,732,1,535
730,750,1,524
730,759,1,518
730,763,1,516
730,766,1,514
730,768,1,512
736,772,1,510
736,770,1,511
725,574,1,635
730,662,1,579
732,718,0,544
730,748,0,525
729,768,0,513
727,774,0,509
729,775,1,508
729,777,1,507
727,774,1,509
730,766,1,514
730,759,1,518
729,768,1,512
729,759,1,518
727,763,1,516
727,738,1,532
725,727,1,538
723,725,1,540
725,725,1,540
721,727,1,539
729,486,69,690
739,588,68,626
727,599,0,620
725,655,0,584
739,588,68,626
727,599,0,620
725,655,0,584
730,685,0,565
727,711,0,549
727,723,0,541
729,727,0,539
730,729,0,537
730,727,1,538
732,736,1,533
734,489,69,687
725,568,0,639
729,649,0,588
730,711,0,549
732,743,0,528
736,766,0,514
736,766,0,514
736,570,68,638
729,640,0,593
736,714,1,546
727,489,69,687
734,644,1,591
736,714,1,547
725,570,1,638
727,664,1,578
730,723,1,541
732,752,1,523
730,761,1,517
734,761,1,517
730,763,1,516
727,759,1,518
729,550,0,650
736,622,0,605
730,673,0,573
730,702,0,555
730,714,0,546
729,480,68,693
732,574,0,635
729,475,68,696
730,570,0,638
730,473,69,697
727,473,69,697
734,619,0,607
727,487,68,689
732,644,0,591
736,702,0,554
721,572,0,637
734,662,0,580
730,495,68,684
734,633,0,598
736,693,1,560
736,727,1,538
725,563,1,642
729,651,1,586
730,703,1,553
736,734,1,534
736,545,69,653
727,626,1,602
730,684,1,566
732,712,1,548
732,732,1,535
734,739,1,531
734,739,1,531
734,739,0,531
725,606,0,615
721,649,0,587
738,729,0,537
721,583,0,630
720,630,0,600
721,657,0,583
725,671,0,574
725,680,0,568
727,687,0,564
725,689,0,562
721,702,0,555
727,599,0,619
730,642,0,592
730,671,0,574
730,709,0,550
730,714,0,546
730,716,0,545
730,718,0,544
727,720,0,543
729,721,0,542
729,720,1,543
729,720,1,543
730,718,1,544
730,721,1,542
730,727,1,539
734,729,1,537
734,730,1,536
736,729,1,537
736,732,1,535
736,732,1,535
736,729,0,537
732,729,0,537
732,730,0,536
730,729,0,537
727,736,0,533
725,732,0,535
723,727,0,539
721,723,0,541
721,720,1,543
718,716,1,545
720,714,1,546
720,714,1,547
718,711,1,549
720,712,1,548
718,712,1,548
716,711,1,549
716,707,1,551
716,707,1,551
698,617,0,608
700,619,0,607
703,622,0,605
702,622,0,605
703,680,1,568
707,685,1,565
703,687,1,563
703,691,1,561
705,693,1,560
705,694,1,559
705,698,1,557
707,702,1,555
703,703,1,553
712,664,0,578
709,675,0,571
707,682,0,567
705,687,0,563
703,696,1,558
705,702,1,554
707,702,1,554
707,709,1,550
709,709,1,550
709,675,0,571
707,682,0,567
705,687,0,563
703,696,1,558
705,702,1,554
707,702,1,554
707,709,1,550
709,709,1,550
707,716,1,545
709,716,1,545
711,723,1,541
711,720,1,543
714,723,1,541
712,734,0,534
716,739,0,531
712,745,0,527
718,741,0,529
716,743,0,528
718,750,0,524
716,739,0,531
718,754,0,521
720,754,1,521
721,748,1,525
723,745,1,527
725,743,1,528
725,741,1,529
727,754,1,521
725,748,1,525
730,756,1,520
730,752,1,523
730,761,1,517
730,759,1,518
730,754,1,522
730,748,1,525
730,734,1,534
727,734,1,534
725,732,0,535
725,732,0,535
723,729,0,537
725,729,0,537
723,723,1,541
720,707,0,551
725,664,0,578
725,687,0,563
725,702,0,555
725,664,0,578
725,687,0,563
725,702,0,555
725,711,0,549
725,720,0,543
723,723,0,541
720,725,0,540
720,723,0,541
720,730,0,536
720,730,0,536
721,734,0,534
720,736,1,533
721,730,1,536
725,741,1,530
727,732,1,535
727,734,1,534
730,741,1,529
730,739,1,531
729,739,1,531
732,741,1,530
734,741,0,530
732,739,1,531
734,741,0,529
734,743,0,528
732,743,0,528
734,747,0,526
734,741,0,530
730,741,0,529
730,741,0,529
727,741,0,529
729,745,1,527
730,739,1,531
730,745,1,527
727,745,1,527
729,748,1,525
727,752,1,523
727,714,0,546
729,720,1,543
727,721,1,542
730,723,1,541
734,723,1,541
734,723,0,541
736,727,0,538
736,729,0,537
738,732,0,535
727,633,0,598
736,673,0,573
736,725,0,540
738,732,0,535
727,604,0,616
738,581,68,631
732,644,0,591
736,723,0,541
730,541,68,655
729,694,0,559
734,727,0,538
730,619,0,607
729,498,69,682
730,603,0,617
736,523,69,667
714,671,0,574
716,675,0,571
718,680,0,568
718,687,0,563
718,694,0,559
720,698,0,557
718,702,0,554
720,707,0,551
718,712,0,548
718,694,0,559
720,698,0,557
718,702,0,554
720,707,0,551
718,712,0,548
720,714,0,547
720,718,0,544
720,723,1,541
718,727,1,539
716,727,1,538
727,729,1,537
725,734,1,534
718,729,1,537
718,729,0,537
720,732,0,535
721,732,0,535
718,734,0,534
716,729,0,537
716,723,0,541
712,727,0,539
712,723,0,541
711,716,0,545
712,709,0,550
711,700,1,556
709,694,1,559
707,693,1,560
727,718,1,544
718,712,1,548
714,707,1,551
712,703,0,553
712,705,0,552
709,705,0,552
709,702,0,554
703,676,0,570
702,676,0,570
702,678,0,569
700,680,0,568
703,682,0,567
718,714,1,546
711,709,1,550
707,709,1,550
712,689,0,562
727,714,1,546
734,721,1,542
734,721,1,542
716,698,1,557
720,703,1,553
725,709,1,550
727,711,1,549
727,714,1,547
727,714,1,546
734,721,1,542
734,721,1,542
736,725,0,540
732,727,0,539
732,725,0,540
732,727,0,539
734,727,0,538
729,727,0,538
727,727,0,538
732,727,0,539
732,729,0,537
732,729,0,537
732,732,1,535
736,734,1,534
734,729,1,537
736,732,1,535
734,745,1,527
736,739,1,531
736,736,1,533
729,536,69,659
727,667,1,576
730,698,1,557
734,723,1,541
734,741,1,529
732,748,0,525
734,750,0,524
736,748,0,525
727,727,1,538
730,734,0,534
730,736,0,533
730,739,0,531
734,741,0,529
734,743,0,528
730,741,0,529
732,741,0,529
730,739,0,531
732,739,0,531
734,741,0,530
736,748,1,525
738,747,1,526
727,631,1,599
725,554,1,648
730,664,1,578
730,532,69,661
734,651,1,586
732,531,69,662
732,648,1,589
734,532,69,661
732,649,1,588
738,640,69,593
725,597,1,621
736,662,1,579
734,529,68,663
727,624,0,604
738,678,0,569
727,513,68,673
736,651,1,586
727,612,1,611
739,615,69,609
727,622,1,605
736,675,1,572
727,507,69,677
732,649,1,588
738,696,1,558
736,550,69,650
732,637,1,596
739,642,69,592
725,622,1,605
730,673,1,573
738,680,0,568
729,613,0,610
739,558,68,646
730,624,0,603
736,538,68,658
730,644,0,591
736,682,0,567
725,615,0,609
734,667,0,576
736,703,0,553
727,518,69,670
730,651,1,586
734,691,1,561
734,716,1,545
732,736,1,533
734,741,1,529
734,745,1,527
730,748,1,525
729,743,1,528
732,745,1,527
730,741,1,529
730,752,1,523
730,743,1,528
727,738,1,532
729,727,1,538
729,727,1,539
730,727,0,539
730,725,0,540
721,576,1,634
725,624,0,604
725,653,0,585
730,576,1,634
739,576,69,634
725,570,1,638
729,635,1,597
725,570,1,638
729,635,1,597
727,669,0,575
725,694,0,559
730,712,0,548
730,721,0,542
734,729,0,537
736,734,0,534
738,736,0,533
739,675,68,571
729,624,1,604
734,664,1,578
736,702,1,555
736,721,1,542
738,673,69,573
729,631,1,599
736,669,1,575
727,585,1,629
734,653,1,585
736,682,1,567
736,703,0,553
736,720,0,543
736,730,0,536
738,734,0,534
738,567,68,640
730,637,0,595
736,671,0,574
736,694,0,559
730,707,1,551
730,709,1,550
727,718,1,544
725,720,1,543
727,720,1,543
721,720,1,543
736,723,1,541
730,523,68,667
727,640,0,593
730,671,0,574
734,693,0,560
734,709,0,550
734,718,0,544
734,723,0,541
734,727,0,538
730,732,0,535
734,732,0,535
736,732,1,535
736,736,1,533
738,741,1,530
727,619,1,607
730,667,1,576
736,702,1,554
732,727,1,539
734,741,1,530
736,748,1,525
736,754,1,521
736,752,1,523
725,635,0,597
718,655,0,584
716,666,0,577
711,667,0,576
709,671,0,574
730,493,69,685
720,608,1,614
716,637,1,595
721,662,0,579
721,675,0,571
718,682,0,567
718,684,0,566
721,684,0,566
718,680,0,568
714,682,0,567
714,682,0,567
712,682,1,567
712,680,1,568
712,675,1,571
714,673,1,573
716,675,1,572
712,664,1,578
711,660,1,581
711,655,1,584
709,651,1,586
707,651,1,586
709,651,1,586
707,649,1,587
707,649,1,587
709,649,0,588
707,649,0,588
716,702,0,555
716,705,0,552
716,712,0,548
716,714,0,546
718,718,1,544
718,721,1,542
720,723,1,541
721,727,1,539
725,729,1,537
725,736,1,533
729,649,0,587
721,673,0,573
718,689,0,562
716,698,0,557
716,702,0,555
716,705,0,552
716,712,0,548
716,714,0,546
718,718,1,544
718,721,1,542
720,723,1,541
721,727,1,539
725,729,1,537
725,736,1,533
727,741,1,530
723,741,1,530
723,743,1,528
723,748,1,525
723,748,1,525
725,754,0,522
725,754,0,521
725,757,0,519
725,756,0,520
727,761,0,517
725,763,0,516
727,761,0,517
727,765,0,515
727,766,1,514
727,768,1,513
727,770,1,511
727,768,1,513
730,721,1,542
730,741,1,529
732,752,1,523
727,597,1,621
734,682,1,567
738,738,1,532
727,505,1,678
730,585,1,628
734,637,1,596
732,673,1,573
727,691,0,561
725,702,0,555
730,711,0,549
730,711,0,549
730,714,0,546
730,720,0,543
727,721,0,542
725,725,0,540
723,727,0,539
723,727,1,538
723,727,1,538
725,732,1,535
721,729,1,537
723,729,1,537
721,727,1,538
725,729,1,537
725,729,1,537
725,729,1,537
727,727,1,538
727,727,1,539
730,729,1,537
729,732,1,535
727,727,1,538
730,729,1,537
732,727,1,538
736,730,1,536
736,729,1,537
738,732,1,535
725,599,1,620
730,648,1,589
727,676,1,570
730,694,1,559
725,702,1,554
730,714,1,547
734,721,1,542
723,716,0,545
721,716,0,545
720,714,0,546
716,716,0,545
718,714,0,546
716,714,0,546
732,727,1,539
732,723,1,541
727,720,1,543
729,721,1,542
721,712,1,548
720,709,1,550
716,703,1,553
716,703,1,553
712,703,1,553
711,702,1,554
711,702,1,555
709,700,1,556
709,698,1,557
712,700,1,556
711,702,1,554
712,703,1,553
714,709,1,550
714,711,1,549
716,727,1,539
716,729,1,537
711,732,1,535
711,732,0,535
718,658,0,582
716,673,1,573
716,682,1,567
718,689,1,562
716,698,1,557
716,709,1,550
718,714,1,546
716,720,1,543
716,727,1,539
716,729,1,537
711,732,1,535
711,732,0,535
709,734,0,534
709,734,0,534
709,736,0,533
709,738,0,532
709,739,0,531
712,741,0,530
712,743,0,528
712,747,1,526
712,748,1,525
714,752,1,523
716,754,1,521
716,757,1,519
718,759,1,518
714,759,1,518
714,765,1,515
718,768,1,513
720,770,1,511
725,772,0,510
725,772,0,510
725,775,0,508
727,770,0,511
729,777,0,507
730,768,0,512
734,766,0,514
730,761,0,517
732,752,1,523
730,754,1,521
729,766,1,514
727,756,1,520
725,750,1,524
716,723,0,541
718,723,0,541
718,725,0,540
718,729,0,537
720,734,0,534
716,694,0,559
714,702,0,554
712,714,0,547
712,716,0,545
716,723,0,541
718,723,0,541
718,725,0,540
718,729,0,537
720,734,0,534
720,736,0,533
725,734,1,534
727,736,1,533
727,741,1,530
727,743,1,528
725,747,1,526
721,750,1,524
721,754,1,522
727,462,69,704
721,595,1,622
723,662,0,580
727,696,0,558
729,714,0,547
718,702,0,555
718,712,0,548
721,718,0,544
721,727,0,538
725,729,1,537
727,730,1,536
727,734,1,534
727,741,1,529
727,745,1,527
727,748,1,525
729,748,1,525
716,603,1,617
721,667,1,576
727,709,1,550
729,732,0,535
727,741,0,529
727,752,0,523
727,754,0,521
725,754,0,521
725,748,0,525
723,741,0,530
723,750,0,524
723,752,1,523
727,752,1,523
727,550,69,650
720,626,1,602
725,700,1,556
729,741,1,529
718,594,1,623
725,676,1,570
716,549,1,651
725,649,1,587
727,709,1,550
720,491,69,686
721,628,1,601
727,718,1,544
727,714,1,546
725,714,0,546
725,718,0,544
725,718,0,544
725,720,0,543
725,725,1,540
725,725,1,540
725,729,1,537
727,721,1,542
721,505,69,678
725,640,1,593
721,504,69,679
721,633,1,598
727,671,1,574
716,541,1,655
721,649,1,588
730,549,69,651
718,606,1,615
727,657,1,583
725,514,69,672
716,599,1,620
727,649,1,587
727,689,1,562
716,567,1,640
725,637,1,595
723,516,69,671
721,622,1,605
725,666,1,577
727,694,1,559
730,621,69,606
720,606,1,615
721,653,1,585
727,687,1,564
727,705,1,552
721,486,68,690
716,581,0,631
723,653,0,585
727,698,0,557
720,599,0,619
727,664,0,578
729,534,68,660
716,585,0,628
727,667,0,576
721,509,69,676
727,640,1,593
723,514,69,672
716,547,1,652
729,669,1,575
718,572,1,637
729,538,69,658
716,513,1,673
730,624,69,604
718,511,69,674
730,585,69,629
720,511,69,674
723,621,0,606
720,518,68,670
725,637,0,595
723,516,68,671
721,511,68,674
721,511,68,674
718,509,68,676
725,635,1,597
725,511,69,674
727,635,1,597
718,565,1,641
725,617,0,608
716,561,0,643
729,640,0,593
720,599,0,619
727,532,68,661
725,624,0,603
716,583,0,630
727,518,68,670
727,635,0,597
718,599,0,620
727,520,68,669
729,639,1,594
725,615,1,609
727,633,0,598
718,504,68,679
730,532,68,661
725,626,0,602
716,522,0,668
729,536,68,659
727,635,0,597
718,599,0,619
720,496,68,683
730,572,68,637
725,615,0,609
716,545,0,653
727,529,68,663
730,568,68,639
721,604,0,616
721,513,69,673
720,509,69,675
716,579,1,632
729,558,69,646
721,612,1,611
725,522,69,668
732,572,68,637
721,621,0,606
721,520,68,669
732,570,68,638
721,617,0,608
721,520,68,669
727,635,0,597
720,516,68,671
729,637,0,596
718,585,0,629
725,525,68,666
716,514,0,672
730,559,69,644
721,516,69,671
716,547,1,652
730,574,69,635
718,509,69,675
730,538,69,658
718,509,68,675
718,577,0,633
727,525,68,666
718,586,0,627
723,518,68,670
718,581,0,631
727,531,68,662
725,635,0,597
716,574,0,635
730,531,68,662
727,626,0,602
720,599,0,619
718,502,69,680
729,649,1,587
725,518,69,670
725,615,1,609
718,507,1,677
727,541,69,655
721,610,1,613
721,507,68,677
729,644,0,591
725,606,0,615
716,576,0,634
725,518,68,670
716,509,0,676
730,531,68,662
718,511,68,674
718,509,68,675
725,631,0,599
721,513,68,673
721,613,0,610
721,511,69,674
725,631,1,599
718,511,69,674
732,540,69,657
718,511,69,674
718,509,69,675
732,541,68,655
718,514,0,672
727,522,68,668
721,509,68,676
727,642,0,592
718,509,68,676
732,568,68,639
718,505,68,678
730,529,68,663
718,504,68,679
725,516,68,671
721,480,69,693
727,613,1,610
714,565,1,641
721,495,69,684
729,631,0,599
721,599,0,619
716,559,0,644
730,543,68,654
725,612,0,612
716,541,0,656
727,509,68,675
730,583,68,630
720,599,0,620
718,502,68,680
730,523,68,667
725,613,0,610
718,505,68,678
730,583,68,630
718,586,1,627
723,511,69,674
729,626,1,602
718,505,69,678
730,594,69,623
718,585,1,629
725,527,68,665
721,613,0,610
727,520,68,669
730,615,68,609
720,509,68,675
732,543,68,654
718,574,0,635
725,516,68,671
729,639,0,594
721,509,68,676
718,577,0,633
725,511,68,674
727,644,1,591
716,554,1,648
727,513,69,673
729,628,1,601
716,572,1,636
723,507,69,677
730,619,69,607
720,586,1,627
716,518,0,670
721,507,69,677
725,637,0,596
718,500,68,681
725,729,0,537
727,736,0,533
727,736,1,533
725,736,1,533
725,741,1,530
721,621,0,606
721,509,68,676
729,635,0,597
720,612,0,612
725,516,68,671
725,486,68,690
720,615,0,609
729,675,0,571
718,599,0,620
727,662,0,579
716,568,0,639
729,644,0,591
718,599,0,619
725,520,69,669
729,639,1,594
721,599,1,619
716,572,1,637
727,518,69,670
727,628,1,601
716,682,1,567
714,687,1,564
714,687,1,564
716,689,1,562
712,689,1,562
712,691,1,561
712,691,1,561
712,694,1,559
712,702,0,555
712,703,1,553
716,707,0,551
712,709,0,550
712,709,0,550
712,714,0,547
712,714,0,546
712,714,0,546
712,714,1,546
716,716,1,545
720,718,1,544
720,720,1,543
721,721,1,542
721,723,1,541
720,720,1,543
721,723,1,541
720,721,1,542
718,720,1,543
718,721,1,542
718,720,1,543
718,720,1,543
720,720,1,543
725,718,1,544
727,720,1,543
721,716,1,545
716,711,1,549
714,709,1,550
712,709,1,550
714,711,1,549
703,675,0,571
700,615,0,609
700,624,1,603
700,633,1,598
702,637,1,595
703,642,1,592
702,649,1,587
702,657,1,583
703,660,1,581
703,664,1,578
703,669,1,575
703,671,1,574
703,673,0,573
703,675,0,571
703,680,0,568
703,684,0,566
702,685,0,565
703,685,0,565
703,689,0,562
703,694,0,559
703,698,1,557
707,702,1,554
709,712,1,548
712,714,1,546
712,718,1,544
714,721,1,542
714,721,1,542
711,723,1,541
712,723,1,541
716,723,1,541
716,723,1,541
716,727,1,539
718,727,1,538
721,725,1,540
718,727,1,538
718,723,0,541
718,720,0,543
720,714,0,546
718,716,1,545
712,714,1,547
716,714,1,547
716,714,1,547
718,712,1,548
716,712,1,548
714,711,1,549
714,711,1,549
712,707,1,551
707,619,1,607
707,615,1,609
703,624,1,603
703,637,1,596
705,646,1,590
707,657,0,583
707,666,0,577
703,671,0,574
707,675,0,572
703,676,0,570
703,684,0,566
705,689,0,562
703,694,0,559
705,702,0,555
714,703,0,553
712,709,1,550
709,714,1,547
709,716,1,545
709,721,1,542
709,721,1,542
709,727,1,538
709,727,1,538
712,734,1,534
714,736,0,533
716,739,0,531
716,741,0,529
716,745,0,527
716,748,0,525
718,752,0,523
716,752,0,523
716,667,0,576
714,678,0,569
712,685,0,565
714,696,0,558
712,707,0,551
711,716,0,545
711,723,0,541
712,729,0,537
714,729,1,537
714,734,1,534
716,738,1,532
712,745,1,527
714,748,1,525
716,743,1,528
718,750,1,524
718,754,1,522
716,757,0,519
716,761,1,517
718,763,0,516
721,765,0,515
721,766,0,514
723,770,0,511
727,759,0,518
725,761,0,517
727,772,0,510
727,781,0,505
727,788,1,500
727,784,1,503
727,779,1,506
727,788,1,500
714,619,1,607
718,651,1,586
720,673,1,573
721,685,1,565
720,694,1,559
723,702,1,554
725,714,0,547
725,725,0,540
725,732,0,535
725,739,0,531
727,743,0,528
727,741,0,529
718,495,68,684
725,626,0,602
714,568,0,639
730,597,68,621
725,613,0,610
716,563,0,642
721,498,69,682
730,527,69,665
725,606,1,615
721,595,1,622
716,572,1,637
725,507,69,677
727,626,1,602
720,594,1,623
716,550,1,650
729,523,68,667
727,624,0,604
718,583,0,630
716,478,1,694
727,630,1,600
716,565,0,641
729,657,0,583
720,599,0,620
720,509,68,676
727,649,0,588
720,586,0,627
725,511,68,674
727,635,0,597
718,594,1,623
727,552,69,649
727,637,1,596
718,590,1,625
721,511,69,674
729,639,1,594
723,619,1,607
716,563,1,642
729,558,69,646
718,617,1,608
727,675,1,571
718,599,1,620
725,662,1,580
727,703,1,553
718,601,1,618
727,660,1,581
729,700,1,556
716,586,1,627
725,649,1,587
718,565,1,641
727,621,1,606
727,658,1,582
725,516,69,671
721,619,0,607
727,655,0,584
729,685,0,565
716,583,0,630
727,640,1,593
718,583,1,630
729,660,1,581
720,599,1,619
718,590,0,625
725,648,0,589
730,626,68,602
723,615,0,609
730,588,68,626
721,615,0,609
725,504,69,679
725,617,1,608
727,662,1,580
725,527,69,664
721,628,1,601
727,673,1,573
729,700,1,556
729,716,1,545
716,583,1,630
721,639,1,594
729,676,1,570
718,505,69,678
721,626,1,602
725,617,1,608
718,576,0,634
718,502,68,680
716,583,0,630
725,532,68,661
723,608,0,614
718,513,68,673
730,538,68,658
720,513,68,673
727,628,0,601
721,513,69,673
721,513,69,673
718,513,69,673
721,513,69,673
721,621,1,606
721,516,69,671
732,572,69,637
718,509,69,675
718,505,69,678
727,522,69,668
732,563,68,642
720,599,0,619
718,577,0,633
725,513,68,673
730,581,68,631
723,619,0,607
716,572,0,637
721,595,0,622
716,559,0,644
727,500,68,681
721,599,0,619
718,513,68,673
730,532,68,661
718,576,0,634
721,599,0,619
718,513,68,673
730,532,68,661
718,576,0,634
725,522,68,668
718,496,68,683
725,586,1,627
716,565,1,641
730,541,69,655
725,736,1,533
727,738,1,532
718,502,69,680
725,633,0,598
729,678,0,569
721,606,0,615
721,662,0,579
725,694,0,559
727,711,0,549
727,725,1,540
727,729,1,537
730,637,69,596
721,601,1,618
727,660,1,581
714,559,1,644
725,631,1,599
729,673,1,573
716,577,1,633
712,694,0,559
712,698,0,557
712,684,1,566
712,687,0,563
712,694,0,559
712,698,0,557
711,702,0,555
709,702,0,554
711,702,0,554
727,601,1,618
725,662,1,580
716,543,1,654
720,619,1,607
721,673,1,573
725,705,1,552
725,725,1,540
727,727,1,538
727,732,1,535
727,732,1,535
725,734,1,534
721,738,1,532
721,736,1,533
721,738,1,532
727,730,1,536
711,570,1,638
718,639,1,594
721,675,1,571
721,693,1,560
718,702,1,554
720,707,1,551
725,624,1,604
727,662,1,580
718,496,68,683
718,626,0,602
721,658,0,582
727,687,0,564
727,707,0,551
730,563,68,642
718,619,0,607
727,662,0,579
730,536,69,659
718,516,69,671
721,610,1,613
721,518,69,670
727,644,0,591
718,511,68,674
730,599,68,619
716,568,0,639
730,567,68,640
725,628,0,601
725,511,68,674
727,628,1,601
718,505,69,678
729,531,69,662
725,626,1,602
720,513,68,673
729,640,0,593
718,565,0,641
729,527,68,665
720,511,68,674
727,646,0,590
718,516,68,671
732,558,68,645
718,588,0,626
725,523,68,667
725,624,0,604
723,520,68,669
718,518,68,670
730,559,68,644
721,520,69,669
718,520,69,669
727,531,69,662
723,518,69,670
718,516,69,671
732,545,69,653
721,520,68,669
721,518,69,670
727,626,0,602
721,520,68,669
718,516,68,671
730,547,68,652
720,594,0,623
720,525,68,666
727,626,0,602
720,520,68,669
732,531,68,662
718,586,0,627
725,518,69,670
718,586,1,627
723,513,69,673
720,509,69,676
718,504,69,679
730,518,69,670
729,538,68,658
718,585,0,629
725,523,68,667
727,630,0,600
720,516,68,671
730,552,68,649
718,514,68,672
729,529,68,663
721,516,68,671
721,597,0,621
727,525,68,666
721,516,69,671
718,516,69,671
730,527,69,665
725,520,69,669
721,520,69,669
720,520,69,669
721,520,69,669
725,518,69,670
723,514,68,672
718,509,68,676
718,509,68,675
725,522,68,668
720,585,0,628
721,516,68,671
730,538,68,658
718,516,68,671
730,550,68,650
721,516,68,671
718,520,1,669
729,527,69,665
721,520,69,669
721,522,69,668
723,520,69,669
718,520,69,669
721,518,69,670
720,522,69,668
723,520,68,669
721,520,68,669
723,520,68,669
721,523,68,667
723,522,68,668
721,520,68,669
721,520,68,669
721,516,68,671
720,518,68,670
720,518,68,670
721,518,69,670
721,518,69,670
721,520,69,669
725,518,69,670
723,516,69,671
721,516,69,671
718,514,69,672
721,513,69,673
720,511,69,674
718,567,0,640
721,511,68,674
730,522,68,668
718,550,0,650
725,505,68,678
734,541,68,655
795,801,1,493
793,799,1,494
793,797,1,495
793,799,1,494
775,529,69,663
779,525,68,666
781,527,68,665
781,529,68,663
797,802,1,491
797,801,1,492
797,801,1,493
795,801,1,493
795,799,1,494
797,799,1,494
795,799,0,494
797,797,0,495
797,801,1,492
797,583,69,630
792,534,69,660
793,534,69,660
792,534,69,660
793,802,0,491
793,802,0,491
795,802,1,491
795,801,1,492
797,799,1,494
797,801,1,492
779,522,69,668
775,516,69,671
797,801,0,493
795,802,0,491
797,801,0,493
779,529,68,663
779,520,68,669
779,520,68,669
779,518,68,670
718,568,1,639
718,484,69,691
727,518,69,670
721,509,69,675
723,509,68,675
723,513,69,673
720,509,68,675
718,509,68,675
725,511,68,674
721,511,68,674
721,514,68,672
723,516,68,671
725,514,68,672
725,516,68,671
725,513,69,673
725,516,69,671
725,514,69,672
721,514,69,672
725,513,69,673
727,514,69,672
727,516,69,671
727,513,69,673
725,513,69,673
723,511,69,674
725,513,69,673
727,511,69,674
723,509,69,675
720,509,69,676
721,509,68,675
730,595,68,622
720,504,68,679
718,572,0,637
720,504,69,679
718,576,1,634
720,513,68,673
720,493,68,685
730,520,68,669
723,608,0,614
718,496,68,683
727,646,0,590
721,585,0,629
718,489,68,687
721,498,68,682
730,522,68,668
727,606,0,615
720,498,69,682
725,603,1,617
721,500,69,681
727,498,69,682
723,500,68,681
727,513,68,673
730,612,68,612
718,579,0,632
718,500,68,681
723,505,68,678
730,525,68,666
727,500,68,681
720,498,68,682
727,631,0,599
721,590,0,625
723,509,68,676
730,532,68,661
721,509,68,675
720,511,68,674
730,586,68,627
721,516,69,671
721,516,69,671
729,631,69,599
721,518,69,670
734,572,69,636
725,523,69,667
721,523,69,667
721,522,69,668
725,520,68,669
723,525,69,666
723,523,68,667
725,523,68,667
727,525,68,666
723,525,68,666
725,523,68,667
729,527,68,665
734,525,68,666
730,527,68,665
734,525,69,666
730,525,69,666
727,525,69,666
725,525,69,666
723,523,69,667
720,518,69,670
720,516,69,671
720,514,69,672
725,606,0,615
721,513,69,673
718,509,68,675
729,516,68,671
721,594,0,623
729,518,68,670
721,514,68,672
716,529,0,663
729,527,69,665
721,523,69,667
725,523,69,667
721,522,69,668
725,523,69,667
727,525,69,666
725,527,68,665
716,489,1,687
721,493,69,685
730,619,69,607
725,599,1,619
718,574,1,635
721,496,69,683
727,624,1,603
723,599,1,619
716,550,0,650
727,525,68,666
727,624,0,603
716,558,0,646
718,570,0,638
720,489,68,687
730,543,68,654
725,606,0,615
725,518,68,670
725,518,68,670
729,523,68,667
730,525,68,666
727,522,69,668
725,525,69,666
725,523,69,667
729,522,69,668
727,523,69,667
727,511,69,674
729,509,69,675
725,505,69,678
727,504,68,679
723,500,68,681
721,495,68,684
718,486,68,690
725,489,68,687
730,588,68,626
723,599,0,619
718,498,0,682
721,496,68,683
727,509,68,676
718,581,0,631
729,657,0,583
718,574,0,635
729,649,1,588
721,603,1,617
729,563,69,642
721,610,1,613
729,662,1,579
718,597,1,621
727,657,0,583
721,500,68,681
721,612,0,611
725,667,0,576
727,696,0,558
718,592,0,624
725,651,0,586
729,689,0,562
727,712,0,548
730,727,68,539
718,608,0,614
725,662,0,580
727,691,1,561
727,714,1,546
727,729,1,537
718,493,1,685
721,624,0,603
723,673,0,573
725,698,0,557
727,712,0,548
727,723,0,541
720,500,68,681
729,630,0,600
718,585,0,629
729,642,0,592
721,599,0,620
716,567,0,640
727,543,68,654
723,599,0,620
730,601,68,618
727,626,0,602
716,585,0,629
725,525,68,666
723,615,0,609
723,522,69,668
723,612,1,612
723,525,69,666
721,520,69,669
721,522,69,668
723,523,69,667
725,522,69,668
723,523,69,667
718,522,0,668
729,531,68,662
725,525,68,666
723,525,68,666
723,527,68,665
721,527,68,665
721,523,68,667
730,599,68,619
723,527,68,665
721,527,68,665
721,527,68,665
718,525,69,666
718,523,69,667
721,523,69,667
721,520,69,669
721,518,69,670
721,520,69,669
718,516,69,671
725,525,69,666
729,649,1,588
720,516,69,671
718,513,69,673
730,552,69,649
718,511,69,674
727,516,69,671
718,516,69,671
727,527,69,664
721,520,69,669
720,599,1,620
725,529,69,663
718,522,68,668
718,525,68,666
727,527,68,665
718,525,68,666
725,523,69,667
727,523,69,667
718,523,69,667
732,545,69,653
718,522,69,668
732,572,69,636
721,522,69,668
730,588,69,626
718,518,69,670
718,516,69,671
723,525,69,666
732,541,69,655
721,608,1,614
718,516,69,671
725,523,69,667
730,579,69,632
721,610,1,613
720,518,69,670
729,534,69,660
720,514,69,672
718,511,69,674
727,529,69,663
720,514,69,672
720,513,69,673
730,545,68,653
727,621,0,606
720,518,69,670
720,518,69,670
723,520,69,669
721,520,69,669
725,520,69,669
727,522,69,668
727,522,69,668
720,525,69,666
725,522,69,668
720,520,69,669
725,518,68,670
725,516,68,671
720,518,68,670
718,514,68,672
721,513,68,673
725,511,68,674
720,511,68,674
718,511,68,674
732,556,69,647
720,511,69,674
730,527,69,664
720,509,69,675
718,586,1,627
725,513,69,673
721,509,69,675
718,507,69,677
720,594,1,623
723,509,69,675
718,585,0,628
721,507,68,677
727,621,0,606
718,502,68,680
730,520,68,669
721,599,1,620
725,516,69,671
718,513,69,673
723,513,69,673
730,615,69,609
725,518,69,670
725,520,69,669
725,518,69,670
727,518,68,670
725,520,68,669
720,520,68,669
721,520,68,669
718,482,69,692
730,541,69,655
714,536,0,659
729,574,68,635
720,509,69,676
718,509,69,676
718,509,69,676
721,513,69,673
718,554,1,648
721,522,69,668
721,514,69,672
718,514,69,672
730,545,68,653
720,522,68,668
727,637,0,595
721,527,68,665
720,525,68,666
721,527,68,665
718,525,68,666
723,527,68,665
725,527,69,664
721,527,69,664
721,527,69,664
720,529,69,663
720,531,69,662
721,529,69,663
725,531,69,662
721,531,69,662
721,532,69,661
721,534,69,660
729,532,68,661
729,534,69,660
729,534,68,660
730,534,68,660
732,534,68,660
730,534,68,660
732,534,68,660
730,532,68,661
727,532,68,661
727,529,69,663
730,529,69,663
729,531,69,662
734,529,69,663
736,527,69,664
730,527,69,665
727,523,69,667
725,518,69,670
725,516,69,671
723,513,69,673
718,511,69,674
729,516,69,671
721,511,69,674
723,606,1,615
721,513,69,673
732,532,69,661
718,489,69,688
730,631,69,599
727,613,1,610
721,594,1,623
718,496,69,683
723,505,69,678
725,612,0,611
721,507,68,677
732,568,68,639
718,507,0,677
725,513,68,673
727,612,0,611
718,511,68,674
727,523,68,667
721,601,0,618
721,511,68,674
732,558,69,645
727,505,69,678
730,529,68,663
720,507,68,677
730,556,68,647
725,619,0,607
716,545,1,653
730,550,69,650
727,619,1,607
720,592,1,624
720,507,69,677
727,529,69,663
729,617,1,608
721,507,69,677
725,622,1,605
725,514,69,672
727,622,1,605
718,583,0,630
725,522,69,668
718,520,69,669
718,518,69,670
730,603,69,617
721,522,69,668
721,516,68,671
725,624,0,603
720,522,68,668
721,518,68,670
721,518,68,670
721,610,0,613
721,518,69,670
730,637,69,595
727,507,69,677
721,504,69,679
730,599,69,619
718,572,1,637
721,505,68,678
727,637,0,596
725,520,68,669
718,514,69,672
720,516,69,671
718,514,69,672
730,594,69,623
723,523,69,667
720,518,69,670
721,518,69,670
718,520,69,669
721,525,68,666
723,522,68,668
720,518,68,670
721,522,68,668
727,527,68,665
725,527,68,665
725,529,68,663
725,527,68,664
725,531,68,662
725,531,68,662
723,527,69,664
725,531,69,662
725,527,69,664
725,527,69,664
727,527,69,665
725,527,69,665
725,527,69,665
727,525,69,666
727,525,69,666
729,523,69,667
727,523,69,667
721,597,0,621
718,509,68,676
718,509,68,675
720,509,68,676
723,509,69,675
721,513,69,673
721,514,69,672
721,516,69,671
720,520,69,669
720,516,69,671
718,518,69,670
721,518,69,670
721,522,68,668
721,523,69,667
729,527,68,665
725,527,68,665
725,523,68,667
723,525,68,666
723,527,68,664
725,525,68,666
721,529,68,663
730,527,68,665
727,531,69,662
727,531,69,662
727,529,69,663
727,531,69,662
727,534,69,660
721,511,69,674
721,511,69,674
721,513,69,673
718,513,69,673
721,516,69,671
720,514,69,672
720,516,69,671
725,518,69,670
723,518,69,670
725,523,69,667
788,792,1,498
790,797,1,495
790,797,1,495
790,797,1,495
790,792,1,498
788,792,1,498
792,793,1,497
792,797,1,495
795,799,1,494
797,802,0,491
801,698,68,557
788,799,1,494
790,797,1,495
788,797,1,495
793,799,1,494
790,799,1,494
792,797,1,495
792,795,1,496
790,799,1,494
793,797,1,495
790,793,1,497
793,793,0,497
790,797,0,495
793,793,0,497
790,792,0,498
792,793,0,497
772,513,68,673
772,509,68,675
727,612,0,611
723,498,68,682
718,496,68,683
729,527,69,665
716,563,1,642
721,502,69,680
729,520,69,669
725,601,1,618
716,543,1,654
725,504,69,679
734,554,69,648
720,505,68,678
718,504,68,679
727,520,68,669
718,511,68,674
725,518,68,670
718,513,68,673
718,514,68,672
732,568,68,639
723,516,68,671
720,518,68,670
720,520,68,669
730,585,69,628
721,522,69,668
718,516,69,671
721,513,69,673
720,511,69,674
718,514,69,672
730,536,69,659
721,518,69,670
718,516,69,671
721,603,1,617
723,516,69,671
718,511,69,674
725,622,0,605
718,511,68,674
725,516,68,671
716,574,0,635
723,514,68,672
723,612,0,611
720,507,69,677
730,570,68,638
732,505,68,678
718,574,0,635
723,509,68,676
721,594,0,623
721,507,68,677
732,572,68,636
721,513,68,673
720,511,68,674
729,522,68,668
718,572,0,636
725,520,69,669
721,516,69,671
721,518,69,670
721,518,69,670
718,518,69,670
732,520,69,669
723,520,69,669
721,520,69,669
723,518,69,670
725,507,69,677
718,568,1,639
727,511,69,674
718,502,69,680
727,513,69,673
725,527,68,664
723,527,68,665
723,525,68,666
721,523,68,667
721,522,68,668
725,527,69,664
727,531,69,662
729,532,69,661
727,527,69,664
727,529,69,663
729,523,69,667
723,520,69,669
725,518,69,670
727,624,0,603
720,500,68,681
730,527,68,665
718,568,1,639
725,504,69,679
721,590,1,625
721,500,69,681
725,603,1,617
718,577,1,633
718,500,69,681
725,507,69,677
729,612,1,612
716,543,1,654
721,495,68,684
732,568,68,639
738,531,69,662
718,541,68,656
721,540,68,657
718,601,0,618
727,556,69,647
725,554,68,648
721,552,68,649
720,549,68,651
721,552,68,649
718,543,68,654
718,543,68,654
727,669,0,575
721,549,68,651
723,547,68,652
729,545,68,653
721,547,69,652
721,547,69,652
718,541,69,655
720,541,69,656
721,639,1,594
727,547,69,652
718,540,69,657
721,653,1,585
720,541,69,655
725,653,1,585
721,523,68,667
732,567,68,640
718,525,68,666
727,541,68,656
727,653,0,585
721,538,68,658
718,621,0,606
729,554,68,648
716,568,0,639
734,552,68,649
721,541,68,655
718,541,69,655
723,541,69,655
721,547,69,652
720,630,1,600
727,556,69,647
725,550,69,650
723,550,69,650
720,550,69,650
718,552,68,649
720,550,68,650
720,549,68,651
721,556,68,647
721,550,68,650
721,554,68,648
721,552,68,649
721,552,68,649
720,550,68,650
721,550,68,650
721,549,69,651
721,550,69,650
725,547,69,652
727,552,69,649
725,549,69,651
725,547,69,652
727,547,69,652
727,545,69,653
725,545,68,653
723,541,68,655
721,540,68,657
718,540,68,657
718,610,0,613
725,545,68,653
718,613,0,610
725,547,68,652
721,637,0,595
725,540,68,657
720,608,1,614
725,543,69,654
718,540,69,657
718,543,69,654
730,635,69,597
721,549,68,651
727,549,68,651
721,547,68,652
723,549,68,651
720,549,68,651
720,545,68,653
727,547,68,652
725,556,68,647
723,545,68,653
721,545,68,653
720,545,68,653
718,545,68,653
720,549,69,651
721,549,69,651
721,549,69,651
723,550,69,650
723,550,69,650
721,549,69,651
723,550,69,650
721,549,69,651
721,547,68,652
718,545,68,653
720,545,68,653
718,545,68,653
727,563,68,642
720,543,68,654
721,543,68,654
718,538,68,658
730,608,68,614
718,541,68,656
732,572,69,637
723,534,69,660
730,541,68,655
723,525,68,666
718,608,0,614
730,534,68,660
721,514,68,672
730,572,68,636
727,541,68,655
721,534,68,660
718,538,68,658
720,536,68,659
721,536,68,659
734,552,68,649
723,536,68,659
723,626,0,602
720,540,68,657
725,540,69,657
725,538,69,658
736,532,68,661
729,531,68,662
727,532,68,661
721,532,68,661
725,538,69,658
723,536,69,659
723,541,69,656
725,541,69,656
721,534,68,660
723,536,68,659
720,532,68,661
718,608,1,614
727,536,68,659
725,532,68,661
725,540,68,657
721,536,68,659
725,538,68,658
718,536,68,659
718,538,68,658
730,572,68,636
721,543,68,654
730,619,68,607
725,541,69,655
725,545,69,653
723,541,69,655
721,543,69,654
720,541,69,655
721,543,69,654
721,541,69,656
720,541,69,655
721,624,0,603
727,552,68,649
720,545,68,653
720,547,68,652
721,543,68,654
720,541,68,655
716,601,0,618
729,565,68,641
721,545,68,653
718,543,68,654
718,541,69,655
730,567,69,640
725,541,69,655
721,538,69,658
721,531,68,662
730,635,68,597
720,532,68,661
725,541,69,656
721,541,68,656
720,538,68,658
721,541,68,656
720,541,68,656
721,541,68,655
727,541,68,655
725,541,68,656
721,541,68,655
723,543,68,654
721,540,68,657
718,534,69,660
736,525,68,666
718,522,68,668
727,662,0,580
721,541,68,656
723,541,68,655
720,541,68,655
721,541,68,655
723,543,68,654
723,541,68,655
721,543,68,654
725,547,68,652
727,541,68,655
725,541,69,655
725,541,69,655
720,538,69,658
721,536,69,659
718,610,1,613
730,559,69,644
725,545,69,653
721,543,69,654
720,541,69,656
725,540,68,657
718,538,68,658
723,541,68,656
723,541,68,656
727,540,68,657
720,540,68,657
730,604,69,616
718,532,69,661
730,610,68,613
723,541,69,655
718,541,69,656
716,550,0,650
732,543,68,654
725,540,68,657
721,540,68,657
721,538,68,658
720,534,68,660
732,567,68,640
732,534,68,660
721,538,68,658
732,586,68,627
725,543,69,654
721,536,69,659
718,538,69,658
730,572,69,636
723,545,69,653
720,540,69,657
718,538,69,658
723,540,69,657
723,540,68,657
718,540,68,657
730,637,68,595
727,545,68,653
723,541,68,656
720,541,68,656
721,540,68,657
718,538,68,658
721,540,68,657
730,538,69,658
727,536,69,659
721,538,69,658
725,538,69,658
720,538,68,658
720,538,68,658
718,536,68,659
718,538,68,658
730,559,68,644
723,540,68,657
718,540,68,657
723,644,0,591
723,545,68,653
720,538,68,658
730,556,68,647
721,538,68,658
718,541,1,656
727,547,69,652
721,538,69,658
718,534,1,660
729,568,69,639
721,538,69,658
720,536,68,659
730,574,69,635
725,541,69,656
729,543,69,654
718,540,69,657
718,538,69,658
721,541,69,655
721,540,69,657
725,541,69,655
721,541,69,656
720,538,69,658
720,538,69,658
723,538,69,658
721,536,69,659
718,604,0,616
727,545,68,653
721,646,0,590
723,543,68,654
716,601,1,618
730,545,69,653
729,540,68,657
721,540,68,657
720,540,68,657
718,540,68,657
720,540,68,657
730,583,68,630
723,540,68,657
718,540,68,657
730,574,68,635
734,541,69,655
732,550,68,650
727,534,68,660
721,536,68,659
721,536,68,659
720,536,68,659
720,538,68,658
729,664,68,578
725,540,69,657
721,538,69,658
720,534,69,660
734,572,69,636
720,534,69,660
725,538,69,658
727,541,69,656
721,536,69,659
721,541,69,655
721,541,69,656
721,547,68,652
727,549,68,651
725,545,68,653
721,543,68,654
727,541,68,655
723,541,69,655
718,543,69,654
723,545,69,653
721,541,69,656
721,543,69,654
721,541,69,655
720,540,69,657
721,540,69,657
720,541,69,656
718,615,1,609
729,554,68,648
720,536,69,659
716,601,0,618
730,543,68,654
718,529,68,663
730,651,68,586
718,527,68,664
720,538,69,658
729,541,68,656
720,540,68,657
718,572,0,637
730,559,68,644
723,543,68,654
721,545,68,653
721,549,68,651
718,547,68,652
734,590,68,625
725,549,68,651
723,549,69,651
725,550,69,650
725,552,69,649
723,550,69,650
721,550,69,650
725,554,69,648
725,550,69,650
723,552,69,649
721,549,68,651
721,545,68,653
721,547,68,652
723,547,68,652
721,547,68,652
721,545,68,653
721,543,68,654
720,541,68,656
720,541,68,656
721,538,68,658
718,536,68,659
732,561,69,643
725,538,69,658
718,532,69,661
723,657,0,583
729,547,68,652
718,547,68,652
721,550,68,650
720,552,68,649
727,655,0,584
725,559,68,644
725,558,68,645
723,558,68,645
723,559,68,644
725,559,68,644
727,563,68,642
730,565,69,641
732,567,69,640
736,567,69,640
734,567,69,640
736,568,69,639
736,568,69,639
736,568,69,639
736,570,69,638
734,570,68,638
734,570,68,638
736,570,68,638
734,570,68,638
732,567,68,640
734,559,68,644
727,561,68,643
729,563,68,642
729,559,68,644
730,559,68,644
730,559,69,644
730,558,69,646
730,554,69,648
725,552,69,649
723,550,69,650
727,547,69,652
725,545,69,653
721,545,69,653
721,541,69,655
718,540,69,657
721,531,68,662
721,532,68,661
720,532,68,661
718,534,68,660
730,570,68,638
723,541,68,656
723,536,68,659
721,536,68,659
729,516,68,671
718,612,0,612
730,649,69,587
721,545,68,653
732,588,69,626
721,549,68,651
720,550,68,650
718,549,68,651
730,601,68,618
721,554,68,648
721,552,68,649
718,550,68,650
721,556,68,647
721,554,69,648
720,552,69,649
721,554,69,648
721,554,69,648
720,556,69,647
723,556,69,647
725,558,69,646
725,558,69,646
729,556,69,647
734,554,69,648
730,556,69,647
725,552,69,649
721,552,69,649
721,550,69,650
720,550,69,650
727,658,0,582
723,547,68,652
718,541,68,655
730,619,68,607
723,541,69,655
718,538,69,658
729,693,1,560
721,536,69,659
734,534,69,660
727,534,69,660
718,538,68,658
732,586,68,627
727,538,68,658
721,541,69,656
723,538,69,658
721,543,69,654
721,545,69,653
725,545,69,653
729,549,69,651
727,545,69,653
727,543,69,654
727,538,68,658
725,536,68,659
721,531,68,662
718,529,68,663
730,563,68,642
718,529,69,663
720,527,68,664
718,594,0,623
727,541,68,655
720,532,68,661
727,662,0,579
723,534,68,660
732,531,68,662
721,527,68,664
725,640,0,593
723,532,68,661
718,529,68,663
734,550,68,650
718,527,68,664
730,545,68,653
721,529,69,663
725,639,1,594
721,624,1,603
721,527,69,665
725,502,68,680
730,541,68,655
721,532,68,661
720,624,0,603
723,540,68,657
716,601,0,618
727,547,69,652
718,532,69,661
718,603,1,617
734,509,68,676
723,509,68,676
730,597,68,621
718,577,0,633
725,518,68,670
723,628,0,601
732,531,68,662
721,527,68,665
721,527,68,665
723,628,1,601
727,527,68,664
721,639,0,594
720,523,68,667
730,655,68,584
723,532,68,661
727,649,0,587
721,531,68,662
730,608,68,614
718,612,0,611
730,649,68,587
718,514,68,672
730,531,68,662
734,520,68,669
725,514,68,672
727,523,69,667
734,525,68,666
729,523,69,667
727,523,68,667
727,527,68,665
721,525,69,666
729,522,69,668
727,516,69,671
718,540,1,657
721,486,68,690
716,541,0,656
723,504,68,679
725,612,0,611
720,509,68,676
727,651,0,586
718,509,68,675
725,655,0,584
721,513,68,673
718,588,0,626
723,522,68,668
725,496,68,683
720,496,68,683
725,633,0,598
730,637,68,596
725,529,68,663
725,631,0,599
720,532,68,661
718,527,68,665
734,547,68,652
720,527,68,665
720,525,68,666
720,610,1,613
738,532,69,661
720,525,69,666
732,594,69,623
716,586,0,627
732,525,68,666
720,518,68,670
718,604,0,616
730,635,68,597
716,588,0,626
721,527,68,664
721,529,68,663
718,527,69,664
729,531,69,662
727,531,69,662
725,527,69,664
723,531,69,662
725,525,68,666
718,518,68,670
730,552,68,649
718,520,69,669
730,543,69,654
725,522,68,668
732,523,68,667
723,523,68,667
725,525,68,666
720,525,68,666
718,473,68,697
727,590,0,625
727,662,0,579
727,703,0,553
721,595,0,622
714,559,0,644
716,639,0,594
723,622,0,605
709,552,0,649
712,635,0,597
714,678,0,569
727,639,1,594
720,669,1,575
718,687,1,564
712,691,0,561
727,666,0,577
712,570,0,638
716,711,1,549
711,703,1,553
714,610,0,613
730,549,68,651
727,687,1,563
712,594,1,623
716,637,1,595
714,675,1,572
711,694,1,559
721,612,0,612
712,579,0,632
716,637,0,595
716,682,0,567
716,595,1,622
720,459,68,706
716,588,0,626
725,491,69,686
721,477,69,695
721,622,1,605
721,635,0,597
721,675,1,571
729,624,69,603
720,450,68,711
711,541,0,656
721,752,1,523
712,748,1,525
718,754,1,521
721,748,1,525
725,745,1,527
702,563,1,642
721,687,0,563
709,687,1,563
707,689,1,562
709,694,1,559
707,702,1,555
707,705,1,552
712,709,1,550
709,714,1,546
712,720,1,543
712,727,1,539
711,743,0,528
712,747,0,526
716,748,0,525
714,718,1,544
718,721,1,542
712,716,1,545
727,689,1,562
718,552,1,649
709,662,0,579
709,684,0,566
709,694,0,559
709,702,0,555
709,711,0,549
709,714,1,547
718,707,1,551
727,707,1,551
718,703,1,553
716,698,1,557
718,716,1,545
720,489,69,687
714,576,1,634
716,621,0,606
718,669,0,575
730,536,68,659
716,619,0,607
720,691,0,561
716,484,0,691
712,633,0,598
712,687,0,564
711,714,0,547
723,487,69,689
725,486,69,690
718,651,1,586
716,691,1,561
729,511,69,674
720,631,0,599
727,520,68,669
721,637,0,595
721,468,69,701
711,558,0,645
730,554,68,648
718,604,0,616
712,525,1,666
716,585,1,628
725,651,1,586
718,691,0,561
716,716,0,545
721,493,69,685
709,619,1,607
707,667,1,576
705,689,1,562
705,698,1,557
703,703,1,553
718,455,68,708
716,601,0,618
714,666,0,577
727,642,1,592
709,581,1,631
714,662,1,579
721,703,1,553
723,725,0,540
725,471,68,698
716,516,0,671
707,601,0,618
707,655,0,584
703,684,0,566
730,639,69,594
714,597,0,621
718,682,0,567
718,727,0,539
720,754,0,521
718,765,0,515
714,765,0,515
727,487,68,689
718,466,68,702
714,597,0,621
712,660,0,581
712,694,0,559
711,718,0,544
712,736,0,533
711,736,1,533
716,741,1,530
711,536,1,659
709,637,1,596
709,680,0,568
729,628,0,601
712,592,0,624
711,653,1,585
712,687,1,563
714,712,1,548
718,700,0,556
712,536,0,659
712,640,0,593
712,694,0,559
714,723,0,541
730,595,68,622
716,588,0,626
718,640,0,593
718,682,0,567
718,705,0,552
725,716,0,545
721,727,0,538
727,493,68,685
720,592,0,624
721,642,0,592
721,678,0,569
718,694,1,559
718,709,1,550
716,723,1,541
730,595,68,622
714,599,0,619
712,549,0,651
712,626,0,602
712,671,0,574
712,702,0,555
714,718,0,544
716,729,0,537
730,516,69,671
716,590,1,625
721,675,1,571
718,721,1,542
716,752,1,523
721,783,1,504
716,482,1,692
718,640,1,593
716,694,1,559
730,572,68,636
714,615,0,609
721,714,0,547
721,513,68,673
720,640,0,593
712,597,0,621
730,527,68,664
732,527,68,665
709,743,1,528
716,738,1,532
720,707,0,551
707,714,0,547
703,716,0,545
727,732,1,535
718,478,69,694
707,612,1,612
709,675,1,571
709,709,1,550
709,727,1,538
723,736,1,533
716,748,1,525
712,745,1,527
711,729,1,537
709,723,1,541
707,723,1,541
705,720,1,543
709,594,0,623
709,662,0,580
714,736,1,533
721,732,1,535
716,599,0,619
718,493,68,685
709,613,0,610
707,664,0,578
707,691,0,561
707,711,0,549
707,723,0,541
718,763,1,516
716,766,1,514
716,766,1,514
718,768,0,513
718,756,0,520
729,624,0,603
729,698,0,557
718,720,0,543
723,549,0,651
718,642,0,592
720,723,0,541
712,730,0,536
707,736,0,533
716,721,0,542
718,752,0,523
712,757,0,519
730,727,0,538
730,739,0,531
727,741,0,530
725,743,0,528
721,738,0,532
720,747,0,526
718,759,0,518
716,754,0,521
732,741,0,530
721,599,0,619
736,565,68,641
723,655,0,584
721,581,0,631
727,658,0,582
727,705,0,552
720,604,0,616
734,727,0,539
725,732,0,535
721,613,0,610
723,675,0,571
721,716,0,545
718,741,0,530
718,754,0,521
718,766,0,514
718,770,0,511
723,651,5,586
730,736,0,533
738,768,5,513
723,606,0,615
741,545,68,653
725,613,0,610
721,585,0,629
721,648,0,589
721,687,0,563
725,585,0,628
730,477,68,695
725,597,0,621
727,536,69,659
734,536,68,659
741,520,69,669
725,520,68,669
718,585,0,629
727,531,68,662
729,651,0,586
721,531,68,662
736,532,69,661
729,532,68,661
725,532,68,661
721,532,68,661
721,532,68,661
720,536,68,659
720,536,68,659
720,536,68,659
718,534,68,660
721,536,68,659
718,536,68,659
730,556,68,647
721,538,69,658
720,538,69,658
720,637,5,595
727,550,69,650
720,540,69,657
730,687,69,564
720,540,69,657
730,678,69,569
725,541,69,656
718,534,69,660
729,554,68,648
721,635,0,597
723,536,68,659
718,606,0,615
725,534,68,660
718,516,69,671
730,534,69,660
725,536,68,659
723,532,68,661
716,577,0,633
730,550,68,650
721,534,68,660
727,666,5,577
723,540,69,657
718,536,69,659
727,662,5,579
721,541,69,656
732,660,69,581
718,540,69,657
732,570,69,638
716,588,5,626
729,550,69,650
720,631,5,599
729,545,69,653
718,541,5,655
730,552,69,649
718,534,68,660
730,613,68,610
718,603,0,617
727,541,68,655
723,658,5,582
725,541,69,656
729,702,5,554
730,536,68,659
716,599,0,619
727,540,68,657
720,626,5,602
727,543,69,654
718,624,5,603
727,547,69,652
718,567,5,640
727,550,69,650
716,536,5,659
730,552,69,649
718,603,0,617
727,541,68,655
718,534,68,660
734,550,68,650
718,534,68,660
718,531,69,662
730,583,69,630
721,651,5,586
718,536,69,659
732,581,69,631
730,529,68,663
720,527,68,664
718,527,68,665
732,576,68,634
718,529,68,663
727,534,68,660
730,640,68,593
720,532,68,661
730,639,68,594
721,532,68,661
720,527,69,665
723,520,68,669
729,523,68,667
718,597,0,621
725,531,68,662
723,630,0,600
725,534,68,660
720,531,68,662
730,567,69,640
721,534,69,660
720,532,69,661
721,534,69,660
730,662,69,579
725,534,69,660
721,640,5,593
727,541,69,655
720,532,68,661
729,671,0,574
718,534,68,660
718,529,68,663
730,558,68,646
720,624,0,603
738,534,69,660
727,534,69,660
720,532,69,661
718,534,69,660
730,662,69,579
725,540,69,657
718,536,69,659
721,538,69,658
720,538,68,658
721,646,5,590
727,549,68,651
721,540,68,657
721,538,68,658
725,536,68,659
721,534,68,660
720,534,68,660
721,532,68,661
720,532,68,661
725,666,5,577
721,543,69,654
718,536,69,659
720,532,69,661
732,606,69,615
721,532,69,661
718,594,5,623
727,543,69,654
721,527,69,665
721,630,5,600
729,541,69,656
725,536,69,659
725,532,69,661
725,532,69,661
721,534,68,660
721,538,68,658
720,536,68,659
721,538,68,658
721,536,68,659
727,538,68,658
720,538,68,658
723,540,68,657
721,540,68,657
718,615,5,609
734,556,69,647
721,543,69,654
720,541,69,655
718,541,69,656
732,583,69,630
723,545,69,653
718,541,69,655
723,657,5,583
727,550,69,650
721,541,69,656
718,538,69,658
718,532,69,661
721,529,69,663
732,572,68,637
721,532,68,661
720,608,0,614
727,540,68,657
718,531,68,662
732,577,68,633
721,532,68,661
718,534,68,660
718,576,5,634
729,552,69,649
721,541,69,656
720,536,69,659
723,536,69,659
721,531,69,662
721,531,69,662
718,531,69,662
727,534,68,660
729,685,5,565
772,858,68,458
766,867,68,452
766,894,68,436
766,883,69,443
770,883,69,443
772,858,69,457
741,531,68,662
725,532,68,661
721,536,68,659
725,543,68,654
720,538,68,658
718,538,69,658
730,583,69,630
721,541,69,656
721,640,5,593
734,588,68,626
725,541,68,656
720,541,68,655
725,538,69,658
723,540,69,657
721,538,69,658
720,538,69,658
727,541,69,656
725,541,69,655
727,545,69,653
725,541,69,655
727,540,68,657
725,541,69,655
718,532,68,661
729,660,68,581
718,525,68,666
730,527,69,665
723,649,5,588
721,536,69,659
725,536,68,659
721,534,68,660
718,532,68,661
718,534,68,660
730,556,68,647
721,538,68,658
721,624,0,603
725,543,68,654
718,536,68,659
730,558,69,645
718,538,69,658
732,612,69,612
727,543,69,654
718,619,5,607
727,547,69,652
721,541,69,656
725,666,5,577
723,543,68,654
727,541,69,656
718,538,69,658
727,675,5,571
725,550,69,650
720,635,5,597
725,547,68,652
729,662,0,579
723,545,68,653
725,644,0,591
721,538,68,658
718,534,68,660
718,531,68,662
727,538,68,658
720,637,5,595
727,547,69,652
720,540,69,657
721,538,69,658
723,543,69,654
720,538,69,658
721,651,5,586
725,558,69,645
720,541,68,655
729,676,0,570
723,541,68,655
721,637,0,595
723,547,68,652
721,631,0,599
723,545,68,653
723,655,0,584
725,549,68,651
721,635,0,597
725,543,69,654
718,531,69,662
721,514,69,672
725,662,5,579
718,525,69,666
730,653,68,585
718,608,0,614
727,545,68,653
725,662,0,580
723,532,68,661
725,646,0,590
720,527,68,664
721,637,0,595
729,624,69,603
718,527,69,664
730,637,69,596
718,527,69,664
736,543,69,654
718,523,69,667
734,540,69,657
718,633,5,598
723,531,68,662
716,585,0,629
732,554,68,648
725,525,68,666
727,649,0,587
723,532,68,661
725,657,5,583
727,538,69,658
720,527,68,665
718,527,68,664
730,606,68,615
720,538,69,658
721,540,69,657
718,540,69,657
730,689,69,562
725,550,69,650
721,543,69,654
721,543,69,654
725,554,69,648
721,549,68,651
720,545,68,653
720,550,68,650
721,550,68,650
718,549,68,651
718,550,0,650
729,574,68,635
723,552,68,649
721,550,68,650
721,547,68,652
723,543,69,654
725,545,69,653
723,541,69,655
723,550,69,650
721,541,69,655
718,536,69,659
720,543,69,654
725,646,5,590
723,547,69,652
721,633,5,598
725,543,69,654
718,615,0,609
732,570,68,638
725,536,69,659
725,673,5,573
732,516,69,671
718,516,69,671
723,666,5,577
730,543,69,654
730,518,68,670
716,615,5,609
730,610,69,613
718,633,5,598
730,576,69,634
718,630,5,600
732,615,69,609
718,531,69,662
729,689,69,562
723,541,69,656
723,660,5,581
725,552,68,649
718,538,68,658
727,664,0,578
720,540,68,657
730,547,69,652
723,536,69,659
723,666,5,577
725,556,69,647
721,646,5,590
727,554,69,648
721,649,5,587
729,570,69,638
718,639,5,594
734,558,69,646
721,538,68,658
718,534,69,660
730,637,68,595
727,545,68,653
721,543,68,654
721,541,68,656
723,540,68,657
725,541,68,656
721,541,69,655
721,540,69,657
721,543,69,654
723,545,69,653
725,541,69,655
723,541,69,656
720,538,69,658
721,547,69,652
720,540,69,657
718,536,69,659
718,534,69,660
730,617,69,608
721,540,69,657
721,646,5,590
729,563,69,642
718,534,69,660
736,545,69,653
723,529,69,663
720,529,69,663
716,536,5,659
734,613,69,610
720,527,69,664
734,576,69,634
720,527,69,665
725,667,5,576
725,538,69,658
721,649,5,588
721,603,0,617
730,527,68,664
716,568,0,639
727,534,68,660
725,648,5,589
732,531,69,662
720,523,69,667
718,520,68,669
729,626,68,602
718,525,68,666
725,653,0,585
725,529,68,663
732,523,68,667
720,520,68,669
718,594,0,623
727,536,68,659
718,520,68,669
727,658,0,582
721,527,69,664
721,657,5,583
721,523,68,667
730,666,68,577
721,633,5,598
723,536,69,659
730,689,69,562
725,534,69,660
718,613,5,610
727,543,69,654
718,534,5,660
730,565,69,641
718,527,69,664
732,622,69,605
723,536,68,659
727,651,0,586
718,531,68,662
732,572,68,637
734,594,68,623
718,509,68,676
736,559,69,644
721,527,69,665
720,531,69,662
718,635,5,597
730,563,69,642
718,531,69,662
727,667,0,576
720,534,68,660
727,664,0,578
721,536,68,659
718,529,68,663
725,673,0,573
729,732,0,535
725,523,69,667
721,527,69,665
725,653,5,585
723,541,69,655
720,637,5,595
727,558,69,646
718,529,69,663
725,667,0,576
721,540,68,657
721,532,68,661
716,601,0,618
727,552,69,649
725,536,69,659
727,648,0,589
721,540,69,657
727,662,5,579
721,541,69,655
732,612,69,612
727,547,69,652
721,540,69,657
725,543,69,654
718,540,69,657
730,565,69,641
725,541,69,656
730,619,68,607
727,538,68,658
721,615,0,609
721,532,68,661
725,642,0,592
727,532,68,661
718,527,68,665
729,541,69,656
725,516,69,671
730,574,68,635
720,624,0,603
727,536,68,659
716,563,0,642
729,554,68,648
720,525,68,666
725,662,0,580
730,541,68,655
720,531,68,662
730,621,68,606
720,532,69,661
725,664,5,578
725,545,69,653
721,540,69,657
718,531,69,662
720,534,69,660
721,658,5,582
729,565,69,641
718,599,0,620
734,505,68,678
723,624,0,603
721,689,0,562
725,527,68,665
712,624,0,604
716,662,0,579
718,675,0,571
712,691,0,561
729,491,69,686
725,468,68,700
716,597,0,621
732,464,68,703
721,574,0,635
718,662,0,580
720,716,0,545
718,747,0,526
718,766,0,514
718,774,0,509
721,775,0,508
739,675,0,571
725,741,0,529
741,579,68,632
727,635,0,597
734,703,0,553
736,702,5,555
736,736,5,533
738,765,5,515
732,529,69,663
727,745,5,527
736,768,5,513
739,520,68,669
741,545,68,653
730,500,68,681
725,637,0,595
727,687,0,563
725,721,0,542
727,741,0,530
727,745,0,527
736,459,68,706
734,455,68,708
736,453,68,709
741,658,68,582
721,613,0,610
732,621,0,606
741,493,68,685
730,631,0,599
739,698,0,557
727,613,0,610
739,685,0,565
739,730,0,536
725,588,0,626
732,673,0,573
732,725,0,540
729,486,68,690
721,617,0,608
721,666,0,577
729,495,68,684
739,729,0,537
725,718,0,544
721,725,0,540
720,725,0,540
718,721,0,542
721,732,0,535
716,684,0,566
727,676,0,570
725,703,0,553
723,714,0,546
734,705,0,552
723,599,0,620
725,648,0,589
723,691,0,561
723,599,0,620
725,648,0,589
723,691,0,561
721,716,0,545
725,649,0,588
739,689,0,562
729,473,68,697
738,628,0,601
738,702,0,554
741,540,68,657
725,612,0,611
730,660,0,581
725,734,0,534
709,707,0,551
727,702,0,554
718,703,0,553
725,691,0,561
721,685,0,565
725,684,0,566
725,685,0,565
707,685,0,565
698,687,0,564
729,703,5,553
734,707,5,551
736,709,5,550
736,703,5,553
734,685,0,565
730,538,0,658
736,594,0,623
736,624,0,603
739,648,0,589
739,666,0,577
720,653,5,585
716,720,5,543
736,734,5,534
730,711,0,549
736,694,5,559
723,714,5,547
732,714,5,547
741,619,69,607
732,426,69,725
721,687,5,564
738,714,5,546
734,439,69,717
729,421,69,728
721,657,5,583
727,709,5,550
734,716,5,545
723,702,0,554
729,705,0,552
727,711,0,549
709,702,0,554
703,691,0,561
718,702,0,554
734,439,69,717
734,736,0,533
730,750,0,524
729,756,0,520
732,694,5,559
738,712,5,548
730,439,69,717
730,700,5,556
738,709,5,550
736,709,5,550
736,696,5,558
736,703,5,553
739,703,0,553
734,430,68,723
730,585,0,628
734,662,0,580
734,685,0,565
734,718,0,544
738,637,5,596
734,689,5,562
738,694,5,559
727,696,5,558
734,698,5,557
709,702,1,554
700,703,1,553
698,709,1,550
