721,660,1,581
727,703,1,553
730,509,69,675
714,514,1,672
721,657,1,583
729,702,1,554
721,455,69,708
716,601,1,618
721,630,1,600
729,522,69,668
718,493,1,685
721,628,1,601
727,675,1,572
725,513,69,673
716,523,1,667
721,640,1,593
727,682,1,567
723,507,69,677
716,529,1,663
725,644,1,591
730,624,69,604
721,493,69,685
716,570,1,638
721,653,1,585
729,687,1,564
721,489,69,687
720,595,1,622
725,660,1,581
730,518,69,670
716,502,1,680
721,621,1,606
725,664,1,578
727,487,69,689
714,522,1,668
720,624,1,603
725,664,1,578
727,684,1,566
730,534,69,660
714,520,1,669
716,489,1,687
721,644,1,591
729,693,1,560
720,464,69,703
718,622,1,605
725,675,1,571
730,538,69,658
712,529,1,663
721,653,1,585
730,612,69,612
714,496,1,683
720,651,1,586
727,702,1,555
730,500,69,681
714,511,1,674
721,649,1,588
727,693,1,560
730,658,69,582
716,432,1,722
718,455,69,708
721,700,1,556
727,480,69,693
716,576,1,634
725,669,1,575
730,516,69,671
716,491,1,686
721,646,1,590
729,698,1,557
725,477,69,695
716,541,1,655
725,662,1,579
732,522,69,668
720,462,69,704
716,595,1,622
727,675,1,571
730,496,69,683
718,451,69,710
721,624,1,603
730,635,69,597
720,444,69,714
718,430,69,723
720,556,1,647
727,644,1,591
727,457,69,707
716,439,1,718
718,604,1,616
723,662,1,580
729,714,1,546
720,484,69,691
718,615,1,609
727,682,1,567
723,493,69,685
716,572,1,637
727,667,1,576
727,507,69,677
718,486,69,690
720,601,1,618
732,604,69,616
725,491,69,686
720,489,69,688
716,531,1,662
727,662,1,579
729,509,69,676
721,489,69,687
721,486,69,690
718,482,69,692
723,640,1,593
734,547,69,652
721,478,69,694
718,469,69,699
721,637,1,596
730,675,69,571
721,468,69,700
716,565,1,641
723,655,1,584
730,559,69,644
718,457,69,707
721,621,1,606
727,671,1,574
727,478,69,694
714,558,1,646
725,648,1,589
727,684,1,566
725,464,69,703
712,558,1,645
720,640,1,593
725,673,1,573
729,691,1,561
729,676,1,570
721,482,69,692
716,586,1,627
725,662,1,580
730,581,69,631
718,482,69,692
718,615,1,609
727,676,1,570
725,502,69,680
718,482,1,692
721,637,1,595
732,613,69,610
721,489,69,688
716,556,1,647
725,658,1,582
732,590,69,625
721,486,69,690
716,511,1,674
723,644,1,591
732,543,69,654
720,473,69,697
716,585,1,628
723,666,1,577
732,543,69,654
718,468,69,700
716,603,1,617
725,664,1,578
732,547,69,652
718,459,69,706
720,610,1,613
725,662,1,579
732,563,69,642
718,453,69,709
716,613,1,610
723,664,1,578
723,655,1,584
727,705,1,552
721,723,1,541
727,734,1,534
729,511,69,674
716,531,1,662
723,653,1,585
725,700,1,556
732,518,69,670
718,466,69,702
718,612,1,612
727,685,1,565
725,477,69,695
716,480,1,693
721,646,1,590
729,700,1,556
725,471,69,698
718,455,69,708
718,637,1,596
727,694,1,559
730,489,69,687
720,453,69,709
718,597,1,621
727,675,1,572
725,462,69,704
716,558,1,646
721,655,1,584
729,694,1,559
718,439,69,717
716,599,1,620
721,662,1,580
727,689,1,562
725,453,69,709
716,568,1,639
721,646,1,590
725,675,1,571
730,675,69,571
712,469,1,699
721,635,1,597
729,678,1,569
721,478,69,694
716,570,1,638
725,653,1,585
732,604,69,616
721,478,69,694
714,568,1,639
723,660,1,581
730,599,69,619
721,480,69,693
714,545,1,653
725,653,1,585
730,523,69,667
720,477,69,695
718,594,1,623
725,667,1,576
730,509,69,676
718,469,69,699
718,610,1,613
725,669,1,575
729,498,69,682
716,480,1,693
723,622,1,605
732,534,69,660
720,455,69,708
718,585,1,628
723,651,1,586
727,682,1,567
714,567,1,640
721,676,1,570
729,714,1,546
721,496,69,683
716,556,1,647
729,657,1,583
725,505,69,678
718,496,69,683
718,606,1,615
727,675,1,571
727,514,69,672
721,502,69,680
718,500,69,681
718,502,69,680
721,630,1,600
734,572,69,636
725,509,69,676
721,505,69,678
721,502,69,680
720,500,69,681
720,500,69,681
718,498,69,682
718,496,69,683
720,633,1,598
732,606,69,615
727,505,69,678
721,493,69,685
720,487,69,689
716,554,1,648
725,660,1,581
732,536,69,659
721,473,69,697
714,516,1,671
721,644,1,591
727,685,1,565
725,477,69,695
716,505,1,678
721,628,1,601
727,673,1,573
727,493,69,685
714,495,1,684
718,626,1,602
725,667,1,576
721,680,1,568
725,707,1,551
727,711,1,549
723,489,69,687
712,576,1,634
721,666,1,577
727,707,1,551
730,541,69,656
718,486,69,690
720,613,1,610
725,669,1,575
730,538,69,658
720,498,69,682
716,585,1,628
725,667,1,576
730,556,69,647
721,511,69,674
720,507,69,677
718,509,69,676
721,628,1,601
734,550,69,650
725,518,69,670
725,514,69,672
723,513,69,673
723,513,69,673
721,513,69,673
721,514,69,672
723,514,69,672
723,513,69,673
723,513,69,673
723,511,69,674
723,511,69,674
723,511,69,674
721,509,69,676
721,507,69,677
721,505,69,678
721,502,69,680
721,498,69,682
718,493,69,685
718,489,69,687
720,639,1,594
729,698,1,557
727,495,69,684
721,482,69,692
718,478,69,694
720,619,1,607
729,678,1,569
725,487,69,689
718,471,69,698
718,615,1,609
725,669,1,575
729,505,69,678
718,466,69,702
729,709,1,550
727,498,69,682
712,648,1,589
720,698,1,557
727,711,1,549
727,513,69,673
714,520,1,669
720,635,1,597
725,676,1,570
730,536,69,659
720,489,69,688
718,597,1,621
730,651,69,586
725,502,69,680
718,495,69,684
718,603,1,617
727,682,1,567
727,509,69,675
721,502,69,680
721,502,69,680
720,500,69,681
720,500,69,681
721,502,69,680
720,502,69,680
720,504,69,679
721,502,69,680
721,502,69,680
721,502,69,680
721,500,69,681
721,500,69,681
720,496,69,683
720,495,69,684
718,493,69,685
718,489,69,687
718,487,69,689
721,649,1,588
732,633,69,598
727,486,69,690
721,475,69,696
718,469,69,699
720,606,1,615
727,675,1,572
725,473,69,697
716,482,1,692
720,626,1,602
727,678,1,569
725,477,69,695
716,489,1,688
718,621,1,606
725,669,1,575
730,612,69,611
718,457,69,707
718,604,1,616
718,698,1,557
723,703,1,553
727,709,1,550
730,646,69,590
718,473,69,697
718,684,1,566
725,662,1,579
729,694,1,559
725,491,69,686
712,552,1,649
721,649,1,587
727,687,1,563
727,509,69,675
718,487,69,689
718,603,1,617
727,673,1,573
727,511,69,674
720,493,69,685
716,527,1,665
723,655,1,584
734,550,69,650
725,500,69,681
720,496,69,683
720,493,69,685
718,491,69,686
716,577,1,633
727,676,1,570
729,511,69,674
723,496,69,683
721,495,69,684
720,489,69,687
718,491,69,686
718,615,1,609
727,691,1,561
729,502,69,680
721,484,69,691
718,477,69,695
716,511,1,674
723,651,1,586
730,509,69,675
721,466,69,702
716,581,1,631
725,662,1,579
729,491,69,686
718,453,69,709
716,599,1,620
723,662,1,579
729,689,1,562
721,455,69,708
716,567,1,640
723,642,1,592
727,676,1,570
725,459,69,706
712,558,1,646
725,707,1,551
730,621,69,606
718,471,69,698
718,612,1,612
725,678,1,569
729,703,1,553
723,491,69,686
712,565,1,641
721,648,1,589
725,687,1,563
729,525,69,666
718,486,69,690
720,599,1,619
729,666,1,577
723,498,69,682
714,532,1,661
721,649,1,587
730,662,69,579
725,507,69,677
721,496,69,683
718,502,69,680
716,536,1,659
727,662,1,580
727,511,69,674
725,505,69,678
723,502,69,680
721,500,69,681
720,500,69,681
720,500,69,681
720,496,69,683
718,496,69,683
718,493,69,685
718,491,69,686
716,520,1,669
725,660,1,581
732,516,69,671
723,487,69,689
720,478,69,694
718,471,1,698
721,635,1,597
732,522,69,668
720,468,69,701
716,576,1,634
723,660,1,581
730,635,69,597
721,460,69,705
716,552,1,649
725,646,1,590
729,682,1,567
720,460,69,705
716,588,1,626
721,657,1,583
727,685,1,565
732,703,1,553
718,691,1,561
725,703,1,553
729,709,1,550
729,509,69,675
714,640,1,593
720,698,1,557
725,702,1,554
727,705,1,552
729,707,1,551
730,540,69,657
714,576,1,634
720,698,1,557
725,707,1,551
727,711,1,549
725,498,69,682
714,649,1,588
721,702,1,555
727,707,1,551
730,550,69,650
716,495,1,684
720,678,1,569
727,703,1,553
727,509,69,675
718,491,1,686
721,633,1,598
729,702,1,554
721,495,69,684
716,531,1,662
721,653,1,585
730,630,69,600
721,500,69,681
718,493,69,685
716,594,1,623
727,675,1,572
727,511,69,674
721,502,69,680
718,498,69,682
718,520,1,669
723,651,1,586
734,554,69,648
725,505,69,678
721,502,69,680
721,500,69,681
720,498,69,682
718,498,69,682
718,498,69,682
718,514,1,672
725,655,1,584
730,518,69,670
723,489,69,687
720,482,69,692
718,478,69,694
716,590,1,625
725,675,1,571
732,516,69,671
721,475,69,696
718,468,69,701
720,624,1,603
727,678,1,569
725,475,69,696
716,500,1,681
721,630,1,600
727,675,1,571
725,480,69,693
712,520,1,669
720,631,1,599
725,673,1,573
730,511,69,674
716,486,1,690
734,707,1,551
720,478,69,694
718,689,1,562
723,702,1,555
727,703,1,553
730,568,69,639
714,572,1,636
718,696,1,558
725,702,1,554
727,707,1,551
730,534,69,660
716,520,1,669
718,633,1,598
725,693,1,560
730,563,69,642
720,496,69,683
714,568,1,639
723,651,1,586
727,685,1,565
725,513,69,673
718,498,69,682
716,604,1,616
725,673,1,573
734,581,69,631
725,509,69,676
721,504,69,679
718,504,69,679
718,507,69,677
720,635,1,597
730,660,69,581
729,522,69,668
725,516,69,671
725,516,69,671
725,518,69,670
725,518,69,670
727,520,69,669
727,520,69,669
727,516,69,671
727,516,69,671
729,520,69,669
730,520,69,669
730,518,69,670
730,518,69,670
730,516,69,671
730,516,69,671
730,513,69,673
730,509,69,675
730,507,69,677
729,504,69,679
727,500,69,681
727,493,69,685
725,489,69,688
721,484,69,691
720,480,69,693
718,475,69,696
718,601,1,618
727,682,1,567
727,480,69,693
720,464,69,703
716,561,1,643
723,660,1,581
730,662,69,579
721,459,69,706
714,522,1,668
723,637,1,595
721,700,1,556
723,702,1,554
727,707,1,551
729,712,1,548
716,464,1,703
720,615,1,609
730,585,69,629
716,484,1,691
718,624,1,603
725,684,1,566
729,707,69,551
721,459,69,706
714,585,1,628
723,666,1,577
730,527,69,665
721,466,69,702
721,466,69,702
720,468,69,701
716,572,1,636
725,673,1,573
734,525,69,666
723,484,69,691
721,480,69,693
720,482,69,692
720,486,69,690
720,486,69,690
720,486,69,690
720,487,69,689
720,487,69,689
721,487,69,689
721,486,69,690
721,486,69,690
720,484,69,691
720,482,69,692
718,478,69,694
718,477,69,695
716,536,1,659
725,671,1,574
730,491,69,686
723,468,69,700
718,460,69,705
716,540,1,657
725,660,1,581
730,496,69,683
720,451,69,710
714,550,1,650
721,651,1,586
729,689,1,562
721,453,69,709
714,538,1,658
725,639,1,594
730,516,69,671
716,441,1,716
727,698,1,557
727,702,1,555
729,705,1,552
721,460,69,705
716,687,1,564
723,702,1,554
727,707,1,551
729,709,1,550
718,459,69,706
716,691,1,561
721,702,1,555
725,703,1,553
727,707,1,551
729,709,1,550
721,468,69,701
716,678,1,569
721,694,1,559
727,707,1,551
725,482,69,692
714,577,1,633
721,640,1,593
727,673,1,573
729,514,69,672
718,469,69,699
718,615,1,609
723,669,1,575
730,621,69,606
723,491,69,686
718,487,69,689
718,604,1,616
732,608,69,614
727,504,69,679
725,502,69,680
725,502,69,680
721,505,69,678
723,505,69,678
727,507,69,677
734,505,69,678
734,509,69,676
732,505,69,678
730,509,69,676
736,509,69,676
739,511,69,674
741,513,69,673
743,513,69,673
736,513,69,673
732,509,69,676
730,509,69,675
729,509,69,675
727,509,69,676
727,507,69,677
725,504,69,679
725,502,69,680
723,496,69,683
721,493,69,685
721,489,69,687
718,486,69,690
718,482,69,692
720,624,1,604
736,540,69,657
725,480,69,693
718,473,69,697
718,572,1,636
727,658,1,582
727,489,69,688
718,468,69,701
718,594,1,623
725,660,1,581
732,568,69,639
721,468,69,701
736,707,1,551
721,478,69,694
718,685,1,565
727,703,1,553
730,649,69,587
718,471,69,698
718,694,1,559
725,703,1,553
727,707,1,551
730,588,69,626
716,518,1,670
718,696,1,558
725,703,1,553
729,702,1,554
723,487,69,689
716,673,1,573
723,702,1,554
727,709,1,550
730,624,69,603
720,486,69,690
716,603,1,617
723,657,1,583
729,702,1,555
725,502,69,680
718,489,69,688
721,619,1,607
727,675,1,572
729,523,69,667
721,504,69,679
718,502,69,680
718,613,1,610
727,682,1,567
730,534,69,660
725,520,69,669
725,520,69,669
725,522,69,668
725,527,69,665
725,527,69,665
727,529,69,663
727,529,69,663
729,534,69,660
730,532,69,661
730,532,69,661
734,527,69,664
734,527,69,664
734,527,69,664
734,525,69,666
734,523,69,667
734,522,69,668
734,520,69,669
734,516,69,671
732,514,69,672
730,511,69,674
730,509,69,676
729,507,69,677
727,504,69,679
725,500,69,681
725,496,69,683
723,493,69,685
721,491,69,686
720,487,69,689
718,487,69,689
718,502,1,680
721,640,1,593
730,630,69,600
725,493,69,685
721,482,69,692
718,477,69,695
718,621,1,606
727,675,1,571
739,714,1,546
739,714,1,547
739,714,1,547
736,712,1,548
738,714,1,547
721,450,69,711
720,689,1,562
727,705,1,552
729,709,1,550
716,462,1,704
718,694,1,559
725,702,1,554
727,709,1,550
730,527,69,665
712,541,1,656
721,662,1,580
725,703,1,553
727,707,1,551
730,594,69,623
712,525,1,666
721,624,1,603
727,698,1,557
729,712,1,548
718,446,69,713
718,612,1,612
725,655,1,584
730,572,69,637
712,527,1,664
720,630,1,600
725,693,1,560
729,703,1,553
721,459,69,706
718,594,1,623
727,655,1,584
729,491,69,686
714,543,1,654
721,640,1,593
727,682,1,567
723,468,69,700
716,570,1,638
725,653,1,585
729,504,69,679
716,462,1,704
720,624,1,603
727,678,1,569
727,482,69,692
718,459,69,706
716,603,1,617
725,667,1,576
727,486,69,690
718,455,69,708
720,608,1,614
727,667,1,576
729,477,69,695
716,480,1,693
718,628,1,601
727,673,1,573
730,507,69,677
716,482,1,692
720,622,1,605
727,680,1,568
723,446,69,713
716,585,1,628
721,655,1,584
727,707,1,551
729,711,1,549
718,603,1,617
725,658,1,582
729,684,69,566
725,480,69,693
721,471,69,698
720,471,69,698
716,592,1,624
721,664,1,578
729,700,1,556
725,493,69,685
718,482,69,692
718,583,1,630
727,669,1,575
727,500,69,681
720,482,69,692
716,514,1,672
721,648,1,589
732,595,69,622
721,477,69,695
716,500,1,681
721,637,1,596
729,685,1,565
723,468,69,700
716,516,1,671
723,642,1,592
730,522,69,668
716,480,1,693
721,682,1,567
729,714,1,546
718,457,69,707
718,622,1,605
727,687,1,563
727,493,69,685
712,550,1,650
721,662,1,580
727,698,1,557
727,482,69,692
712,531,1,662
720,649,1,587
729,691,1,561
720,446,69,713
718,603,1,617
725,669,1,575
729,489,69,688
712,547,1,652
721,649,1,588
727,685,1,565
730,525,69,666
712,513,1,673
700,676,1,570
703,684,1,566
707,689,1,562
712,696,1,558
716,703,1,553
720,714,1,546
723,716,1,545
725,727,1,539
727,736,1,533
732,581,69,631
718,468,69,700
718,628,1,601
725,689,1,562
732,586,69,627
725,480,69,693
718,475,69,696
716,502,1,680
725,658,1,582
734,527,69,665
725,489,69,687
723,489,69,687
721,489,69,687
721,491,69,686
725,493,69,685
730,491,69,686
725,491,69,686
725,489,69,687
725,491,69,686
725,489,69,687
723,489,69,687
721,486,69,690
721,482,69,692
721,480,69,693
720,477,69,695
718,473,69,697
716,498,1,682
721,651,1,586
732,513,69,673
721,464,69,703
716,507,1,677
721,646,1,590
727,691,1,561
725,462,69,704
714,502,1,680
723,635,1,597
729,678,1,569
721,446,69,713
716,576,1,634
723,648,1,589
730,567,69,640
714,516,1,671
721,642,1,592
727,712,1,548
723,502,69,680
716,570,1,638
725,658,1,582
727,516,69,671
718,496,69,683
718,586,1,627
727,673,1,573
729,523,69,667
723,509,69,675
721,509,69,676
721,511,69,674
721,509,69,675
721,513,69,673
725,513,69,673
725,513,69,673
725,514,69,672
725,514,69,672
725,514,69,672
725,516,69,671
727,518,69,670
727,516,69,671
727,514,69,672
729,513,69,673
730,513,69,673
730,511,69,674
727,509,69,675
729,509,69,675
729,509,69,676
727,505,69,678
725,498,69,682
725,495,69,684
721,489,69,687
721,487,69,689
718,484,69,691
718,585,1,628
727,671,1,574
729,495,69,684
721,475,69,696
716,520,1,669
721,642,1,592
732,576,69,634
721,473,69,697
716,518,1,670
723,637,1,596
730,655,69,584
741,720,1,543
743,718,1,544
741,718,1,544
741,718,1,544
727,480,69,693
716,640,1,593
725,703,1,553
730,513,69,673
714,603,1,617
723,705,1,552
729,711,1,549
718,469,69,699
718,696,1,558
725,705,1,552
727,709,1,550
727,504,69,679
712,559,1,644
720,635,1,597
725,666,1,577
729,682,1,567
720,480,69,693
718,610,1,613
725,660,1,581
729,684,1,566
725,493,69,685
712,549,1,651
721,644,1,591
727,682,1,567
727,511,69,674
718,493,69,685
716,594,1,623
727,673,1,573
729,518,69,670
723,502,69,680
721,505,69,678
720,504,69,679
720,507,69,677
720,509,69,676
720,509,69,676
721,509,69,676
721,509,69,676
721,509,69,675
721,509,69,675
721,509,69,675
723,509,69,675
723,509,69,676
723,509,69,675
725,511,69,674
725,509,69,675
725,511,69,674
723,509,69,676
723,507,69,677
723,507,69,677
723,505,69,678
721,504,69,679
721,502,69,680
721,500,69,681
720,495,69,684
718,491,69,686
716,588,1,626
725,676,1,570
734,540,69,657
723,489,69,687
718,486,69,690
716,563,1,642
725,657,1,583
734,567,69,640
723,486,69,690
718,477,69,695
718,603,1,617
727,666,1,577
727,498,69,682
718,473,69,697
716,597,1,621
736,709,1,550
721,484,69,691
718,687,1,563
725,702,1,554
727,707,1,551
727,498,69,682
716,658,1,582
723,703,1,553
727,707,1,551
730,558,69,646
716,529,1,663
718,624,1,604
725,662,1,580
727,680,1,568
730,590,69,625
720,482,69,692
718,608,1,614
725,669,1,575
729,522,69,668
716,493,1,685
720,624,1,603
725,685,1,565
729,525,69,666
718,489,69,687
718,613,1,610
723,667,1,576
729,694,1,559
727,509,69,676
720,495,69,684
716,541,1,656
723,649,1,588
736,567,69,640
727,509,69,676
723,502,69,680
720,504,69,679
718,504,69,679
716,568,1,639
725,666,1,577
734,599,69,620
727,516,69,671
725,509,69,676
721,505,69,678
720,502,69,680
718,498,69,682
720,637,1,595
727,691,1,561
730,516,69,671
721,498,69,682
718,495,69,684
716,531,1,662
721,644,1,591
729,689,1,562
725,505,69,678
720,495,69,684
716,531,1,662
721,642,1,592
730,642,69,592
725,496,69,683
718,489,69,688
718,604,1,616
725,667,1,576
730,604,69,616
745,725,1,540
748,727,1,539
748,727,1,538
748,727,1,538
738,527,69,665
727,511,69,674
721,507,69,677
716,572,1,637
725,703,1,553
730,545,69,653
720,507,69,677
720,691,1,561
727,711,1,549
725,520,69,669
725,703,1,553
730,545,69,653
716,574,1,635
727,671,1,574
723,464,69,703
716,595,1,622
725,700,1,556
729,720,1,543
720,457,69,707
718,626,1,602
725,712,1,548
727,725,1,540
725,468,69,701
714,577,1,633
725,673,1,573
727,469,69,699
714,554,1,648
725,680,1,568
730,669,69,575
718,444,69,714
716,612,1,612
725,673,1,573
727,707,1,551
721,441,69,716
716,595,1,622
727,687,1,563
721,424,69,726
729,747,1,526
721,455,69,708
716,480,1,693
725,640,1,593
730,495,69,684
720,453,69,709
718,610,1,613
727,685,1,565
734,529,69,663
723,468,69,701
718,466,69,702
716,518,1,670
723,664,1,578
734,585,69,629
725,471,69,698
721,468,69,701
718,464,69,703
718,462,69,704
720,642,1,592
727,703,1,553
730,480,69,693
721,460,69,705
718,451,69,710
718,612,1,611
725,685,1,565
732,489,69,688
720,437,69,719
718,588,1,626
725,666,1,577
727,453,69,709
712,525,1,666
720,637,1,595
727,675,1,571
729,689,69,562
716,439,1,717
718,612,1,611
721,660,1,581
729,721,1,542
721,471,69,698
714,570,1,638
723,664,1,578
729,698,1,557
725,484,69,691
720,473,69,697
718,471,69,698
716,511,1,674
723,651,1,586
730,648,69,589
727,493,69,685
723,487,69,689
721,487,69,689
725,489,69,687
727,491,69,686
725,491,69,686
723,489,69,687
721,491,69,686
721,491,69,686
721,489,69,687
721,489,69,687
721,487,69,689
721,487,69,689
721,484,69,691
720,482,69,692
718,480,69,693
718,496,1,683
721,649,1,587
730,646,69,590
725,475,69,696
720,464,69,703
716,518,1,670
721,644,1,591
732,534,69,660
721,455,69,708
716,563,1,642
723,649,1,587
730,529,69,663
718,448,69,712
718,613,1,610
727,667,1,576
725,466,69,702
716,561,1,643
723,644,1,591
725,702,1,554
727,703,1,553
729,707,1,551
725,484,69,691
718,684,1,566
725,707,1,551
729,525,69,666
714,529,1,663
721,646,1,590
727,675,1,572
727,507,69,677
714,513,1,673
720,628,1,601
725,671,1,574
729,693,1,560
721,486,69,690
716,565,1,641
725,649,1,588
730,631,69,599
721,491,69,686
716,523,1,667
721,640,1,593
730,658,69,582
725,502,69,680
720,496,69,683
718,493,69,685
716,549,1,651
723,658,1,582
732,541,69,655
725,505,69,678
723,507,69,677
725,502,69,680
725,502,69,680
721,502,69,680
720,502,69,680
718,504,69,679
718,502,69,680
716,556,1,647
725,666,1,577
734,550,69,650
725,502,69,680
721,495,69,684
721,491,69,686
718,489,69,688
718,612,1,611
727,678,1,569
730,511,69,674
721,489,69,687
718,486,69,690
716,572,1,636
721,658,1,582
732,547,69,652
721,484,69,691
716,509,1,675
721,633,1,598
727,675,1,571
727,498,69,682
718,478,69,694
748,727,1,539
748,727,1,539
748,725,1,540
748,725,1,540
736,511,69,674
725,496,69,683
718,489,69,687
721,691,1,561
729,711,1,549
721,489,69,687
718,687,1,564
725,707,1,551
730,554,69,648
716,486,1,690
721,702,1,555
727,682,1,567
729,685,1,565
723,496,69,683
716,577,1,633
725,649,1,587
730,572,69,637
721,495,69,684
714,572,1,636
723,651,1,586
729,687,1,564
727,513,69,673
721,498,69,682
718,496,69,683
718,628,1,601
727,684,1,566
727,523,69,667
723,514,69,672
721,514,69,672
721,516,69,671
721,518,69,670
721,525,69,666
723,527,69,664
725,531,69,662
725,532,69,661
727,534,69,660
727,536,69,659
730,538,69,658
730,540,69,657
734,541,69,656
736,540,69,657
739,541,69,655
738,541,69,656
738,543,69,654
739,541,69,656
739,543,69,654
739,541,69,656
739,541,69,655
743,538,69,658
741,534,69,660
739,532,69,661
739,531,69,662
739,527,69,664
738,523,69,667
736,522,69,668
736,518,69,670
734,514,69,672
732,509,69,675
730,509,69,676
730,505,69,678
727,500,69,681
725,498,69,682
721,496,69,683
720,491,69,686
718,491,69,686
716,561,1,643
723,657,1,583
730,689,69,562
727,502,69,680
743,718,1,544
743,718,1,544
743,718,1,544
743,721,1,542
730,491,69,686
718,473,69,697
721,698,1,557
727,709,1,550
727,489,69,688
716,676,1,570
725,702,1,554
727,707,1,551
730,532,69,661
714,579,1,632
721,700,1,556
727,684,1,566
730,527,69,665
714,522,1,668
718,624,1,603
725,671,1,574
730,666,69,577
723,496,69,683
714,547,1,652
718,642,1,592
725,682,1,567
730,664,69,578
727,509,69,675
721,504,69,679
720,505,69,678
718,507,69,677
718,621,1,606
725,687,1,564
732,541,69,655
729,527,69,664
727,531,69,662
729,534,69,660
729,536,69,659
730,538,69,658
730,541,69,656
734,543,69,654
734,543,69,654
736,543,69,654
736,545,69,653
738,545,69,653
739,547,69,652
739,547,69,652
741,547,69,652
741,547,69,652
741,545,69,653
743,545,69,653
743,541,69,655
743,540,69,657
743,538,69,658
741,536,69,659
741,532,69,661
739,529,69,663
739,527,69,665
736,523,69,667
736,518,69,670
734,514,69,672
730,511,69,674
729,509,69,676
727,507,69,677
725,504,69,679
725,502,69,680
721,498,69,682
721,500,69,681
718,496,69,683
716,538,1,658
721,648,1,589
729,691,1,561
727,505,69,678
721,493,69,685
748,725,1,540
748,723,1,541
748,723,1,541
748,723,1,541
736,509,69,676
725,493,69,685
718,489,69,687
721,696,1,558
730,655,69,584
721,500,69,681
716,648,1,589
721,649,1,588
727,687,1,564
727,516,69,671
720,502,69,680
716,536,1,659
721,639,1,594
729,684,1,566
727,516,69,671
721,509,69,676
720,509,69,676
718,534,1,660
721,651,1,586
730,657,69,583
729,531,69,662
727,527,69,665
727,529,69,663
727,531,69,662
727,532,69,661
727,534,69,660
729,534,69,660
729,536,69,659
730,538,69,658
730,538,69,658
732,540,69,657
734,540,69,657
734,541,69,656
736,541,69,656
736,541,69,656
736,541,69,656
738,541,69,656
738,540,69,657
738,538,69,658
738,532,69,661
736,531,69,662
736,529,69,663
736,531,69,662
736,531,69,662
736,527,69,664
734,525,69,666
734,522,69,668
732,518,69,670
730,514,69,672
729,509,69,675
727,507,69,677
725,505,69,678
723,500,69,681
721,498,69,682
720,496,69,683
718,495,69,684
718,608,1,614
725,675,1,571
732,531,69,662
725,498,69,682
721,495,69,684
718,491,69,686
750,730,1,536
752,732,1,535
752,734,1,534
752,734,1,534
752,732,1,535
741,513,69,673
730,493,69,685
725,484,69,691
718,477,69,695
721,702,1,555
729,702,1,554
725,489,69,688
714,630,1,600
725,707,1,551
730,574,69,635
718,473,69,697
718,612,1,612
725,660,1,581
727,687,1,564
730,541,69,655
720,473,69,697
714,590,1,625
721,658,1,582
727,687,1,564
729,496,69,683
720,473,69,697
714,547,1,652
721,649,1,588
729,691,1,561
727,487,69,689
721,473,69,697
718,469,69,699
723,621,1,606
734,493,69,685
723,477,69,695
718,475,69,696
718,475,69,696
720,631,1,599
730,685,69,565
727,491,69,686
725,484,69,691
725,482,69,692
723,480,69,693
721,480,69,693
721,480,69,693
720,480,69,693
720,478,69,694
718,478,69,694
718,477,69,695
718,475,69,696
716,601,1,618
727,693,1,560
730,491,69,686
725,475,69,696
721,469,69,699
721,468,69,701
720,466,69,702
718,460,69,705
718,635,1,597
727,694,1,559
730,484,69,691
721,451,69,710
716,469,1,699
720,630,1,600
727,682,1,567
729,471,69,698
718,439,69,718
716,606,1,615
721,662,1,579
727,689,1,562
730,505,69,678
714,460,1,705
716,617,1,608
723,664,1,578
689,666,1,577
691,667,1,576
693,669,1,575
694,671,1,574
696,675,1,572
698,676,1,570
702,682,1,567
703,687,1,564
707,691,1,561
712,696,1,558
716,703,1,553
720,714,1,547
725,721,1,542
729,729,1,537
725,473,69,697
718,459,69,706
716,626,1,602
725,687,1,563
732,504,69,679
725,478,69,694
721,475,69,696
720,475,69,696
718,478,69,694
720,484,69,691
721,484,69,691
721,489,69,688
723,489,69,687
723,491,69,686
723,495,69,684
725,498,69,682
725,500,69,681
725,498,69,682
727,500,69,681
727,505,69,678
727,504,69,679
729,504,69,679
729,502,69,680
729,502,69,680
730,500,69,681
730,502,69,680
730,495,69,684
729,493,69,685
729,489,69,688
727,486,69,690
727,478,69,694
725,471,69,698
721,466,69,702
720,460,69,705
716,498,1,682
721,648,1,589
730,658,69,582
723,450,69,711
720,437,69,719
718,558,1,645
723,648,1,589
727,685,1,565
727,453,69,709
712,529,1,663
718,633,1,598
702,678,1,569
703,682,1,567
707,685,1,565
709,689,1,562
712,694,1,559
716,700,1,556
720,703,1,553
725,712,1,548
729,720,1,543
721,468,69,700
714,577,1,633
721,660,1,581
727,698,1,557
727,482,69,692
720,464,69,703
727,714,1,546
729,718,1,544
725,473,69,697
718,464,69,703
718,603,1,617
727,675,1,572
730,491,69,686
723,480,69,693
721,484,69,691
720,486,69,690
721,489,69,688
721,489,69,687
721,493,69,685
723,495,69,684
723,496,69,683
723,500,69,681
723,500,69,681
725,502,69,680
725,502,69,680
725,505,69,678
727,505,69,678
727,505,69,678
727,507,69,677
729,509,69,676
730,507,69,677
729,504,69,679
730,505,69,678
730,504,69,679
730,502,69,680
730,500,69,681
730,496,69,683
729,495,69,684
727,491,69,686
727,489,69,688
725,484,69,691
723,480,69,693
721,475,69,696
720,471,69,698
718,468,69,700
718,466,69,702
718,464,69,703
716,493,1,685
721,637,1,596
729,687,1,563
725,468,69,700
718,457,69,707
716,595,1,622
725,664,1,578
730,617,69,608
723,462,69,704
739,712,1,548
739,712,1,548
739,714,1,547
739,716,1,545
727,486,69,690
718,471,1,698
720,604,1,616
727,649,1,587
730,572,69,637
718,473,69,697
716,601,1,618
721,649,1,587
727,673,1,573
729,685,1,565
725,487,69,689
714,541,1,655
723,630,1,600
727,666,1,577
727,505,69,678
718,486,69,690
718,615,1,609
725,664,1,578
729,689,1,562
725,509,69,675
720,502,69,680
718,500,69,681
720,624,1,603
727,680,1,568
727,527,69,665
725,518,69,670
721,520,69,669
721,520,69,669
721,525,69,666
721,527,69,664
723,527,69,665
723,529,69,663
725,529,69,663
725,531,69,662
725,531,69,662
727,532,69,661
727,532,69,661
727,536,69,659
729,538,69,658
730,538,69,658
730,541,69,656
730,541,69,655
732,541,69,656
736,541,69,656
738,541,69,655
739,541,69,655
738,541,69,656
738,541,69,656
738,538,69,658
738,538,69,658
736,534,69,660
736,531,69,662
736,529,69,663
734,527,69,665
734,525,69,666
732,523,69,667
730,520,69,669
730,520,69,669
729,516,69,671
727,516,69,671
727,514,69,672
725,513,69,673
725,511,69,674
723,511,69,674
721,511,69,674
721,509,69,676
721,509,69,676
720,509,69,676
718,507,69,677
716,572,1,637
723,658,1,582
734,563,69,642
725,509,69,676
721,504,69,679
718,500,69,681
716,603,1,617
725,666,1,577
734,568,69,639
725,505,69,678
720,498,69,682
716,545,1,653
720,642,1,592
727,684,1,566
729,518,69,670
721,504,69,679
718,498,69,682
718,610,1,613
725,664,1,578
732,568,69,639
723,505,69,678
718,500,69,681
718,601,1,618
725,662,1,579
730,675,69,571
725,509,69,676
720,500,69,681
718,592,1,624
725,655,1,584
732,585,69,628
723,507,69,677
718,520,1,669
720,624,1,603
725,671,1,574
730,651,69,586
725,509,69,675
718,500,69,681
716,597,1,621
725,660,1,581
732,563,69,642
721,509,69,676
718,505,69,678
718,613,1,610
725,673,1,573
732,572,69,637
725,525,69,666
721,525,69,666
721,527,69,665
721,527,69,665
721,527,69,664
721,531,69,662
721,532,69,661
723,536,69,659
723,538,69,658
725,541,69,656
727,543,69,654
727,545,69,653
730,549,69,651
732,550,69,650
734,552,69,649
736,558,69,646
738,556,69,647
739,558,69,646
741,559,69,644
743,559,69,644
745,559,69,644
748,561,69,643
748,563,69,642
748,563,69,642
750,559,69,644
752,558,69,646
752,558,69,646
752,554,69,648
750,550,69,650
750,550,69,650
748,550,69,650
748,547,69,652
748,532,69,661
745,516,69,671
743,509,69,676
741,500,69,681
738,493,69,685
734,486,69,690
730,478,69,694
727,469,69,699
723,464,69,703
720,457,69,707
716,554,1,648
725,649,1,587
732,523,69,667
718,444,69,714
716,599,1,619
723,662,1,580
729,696,1,558
720,439,69,717
716,601,1,618
757,567,69,640
716,689,1,562
718,694,1,559
718,685,69,565
709,486,69,690
705,563,1,642
709,626,1,602
716,660,1,581
721,554,69,648
712,493,69,685
707,489,69,688
707,599,1,620
714,662,1,579
720,543,69,654
714,509,69,675
712,505,69,678
711,502,69,680
709,504,69,679
707,502,69,680
707,505,69,678
709,507,69,677
707,505,69,678
707,509,69,676
707,509,69,676
707,509,69,676
707,509,69,676
705,576,1,634
716,676,1,570
721,545,69,653
716,522,69,668
714,516,69,671
712,514,69,672
712,511,69,674
712,511,69,674
711,509,69,676
709,509,69,676
709,505,69,678
709,502,69,680
709,498,69,682
707,495,69,684
707,507,1,677
709,637,1,596
718,685,1,565
718,516,69,671
712,491,69,686
709,489,69,688
707,590,1,625
714,660,1,581
721,597,69,621
712,493,69,685
707,482,69,692
705,581,1,631
712,644,1,591
716,675,1,571
716,509,69,675
709,486,69,690
707,667,1,576
716,700,1,556
718,534,69,660
707,489,69,688
711,685,1,565
718,702,1,554
711,498,69,682
705,595,1,622
712,691,1,561
718,700,1,556
712,509,69,676
703,581,1,631
712,689,1,562
716,696,1,558
718,525,69,666
707,486,69,690
709,685,1,565
714,691,1,561
718,694,1,559
718,541,69,655
707,484,1,691
709,684,1,566
712,687,1,563
716,693,1,560
718,693,1,560
709,496,69,683
707,675,1,572
712,685,1,565
716,687,1,563
716,687,1,563
718,689,1,562
718,687,1,563
712,505,69,678
703,642,1,592
709,678,1,569
712,684,1,566
712,684,1,566
714,685,1,565
716,685,1,565
718,687,1,564
718,689,1,562
716,531,69,662
707,495,69,684
705,662,1,580
712,662,1,579
714,657,1,583
718,673,1,573
714,522,69,668
709,504,69,679
705,541,1,656
709,624,1,603
716,669,1,575
720,552,69,649
712,516,69,671
709,513,69,673
707,513,69,673
705,565,1,641
712,655,1,584
721,651,69,586
716,531,69,662
712,525,69,666
712,525,69,666
711,523,69,667
709,523,69,667
709,523,69,667
709,523,69,667
709,522,69,668
709,523,69,667
707,527,69,665
709,527,69,665
709,523,69,667
709,520,69,669
707,518,69,670
712,516,69,671
711,516,69,671
707,518,69,670
707,583,1,630
716,676,1,570
721,541,69,656
712,511,69,674
711,505,69,678
707,502,69,680
707,498,69,682
707,595,1,622
712,667,1,576
721,576,69,634
711,500,69,681
709,491,69,686
703,559,1,644
711,642,1,592
716,676,1,570
714,522,69,668
707,495,69,684
709,675,1,571
718,705,1,552
748,725,1,540
750,727,1,539
750,725,1,540
752,727,1,539
736,527,69,665
725,509,69,675
718,504,69,679
711,498,69,682
709,496,69,683
707,649,1,588
716,691,1,561
720,639,69,594
709,509,69,676
705,640,1,593
712,689,1,562
718,698,1,557
716,525,69,666
707,505,69,678
709,680,1,568
716,684,1,566
720,610,69,613
709,518,69,670
707,514,69,672
711,669,1,575
716,653,1,585
718,673,69,573
712,527,69,664
709,516,69,671
707,514,69,672
709,619,1,607
716,667,1,576
718,541,69,656
714,527,69,665
709,523,69,667
709,523,69,667
709,525,69,666
712,621,1,606
720,603,69,617
707,495,69,684
709,682,1,567
712,687,1,564
718,693,1,560
721,590,69,625
709,505,69,678
711,599,1,620
721,558,69,645
709,507,69,677
705,558,1,645
712,637,1,595
718,673,1,573
718,532,69,661
711,514,69,672
709,514,69,672
705,540,1,657
712,649,1,588
718,694,1,559
718,538,69,658
714,527,69,664
712,525,69,666
712,525,69,666
709,522,69,668
711,527,69,665
709,527,69,665
711,527,69,665
709,523,69,667
709,527,69,665
709,525,69,666
711,522,69,668
709,520,69,669
711,518,69,670
709,520,69,669
709,522,69,668
709,520,69,669
707,518,69,670
707,513,69,673
707,511,69,674
711,651,1,586
721,601,69,618
716,514,69,672
711,505,69,678
709,498,69,682
707,495,69,684
709,631,1,599
716,682,1,567
720,525,69,666
709,498,69,682
707,493,69,685
707,601,1,618
714,660,1,581
718,682,69,567
712,502,69,680
707,489,69,687
707,608,1,614
712,657,1,583
720,673,69,573
712,500,69,681
705,511,1,674
711,613,1,610
716,662,1,580
718,534,69,660
709,502,69,680
705,558,1,645
711,624,1,603
718,660,1,581
736,712,1,548
736,712,1,548
738,714,1,546
739,714,1,546
725,518,69,670
718,502,69,680
711,493,69,685
707,489,69,688
707,675,1,571
714,691,1,561
718,694,1,559
714,518,69,670
705,520,1,669
711,685,1,565
716,693,1,560
718,696,1,558
711,509,69,675
703,619,1,607
711,631,1,599
714,651,1,586
718,669,1,575
712,523,69,667
707,511,69,674
705,595,1,622
712,640,1,593
716,667,1,576
721,577,69,633
709,523,69,667
707,516,69,671
707,606,1,615
716,662,1,580
727,567,69,640
734,527,69,665
734,525,69,666
721,525,69,666
712,523,69,667
709,520,69,669
707,518,69,670
712,635,1,597
721,628,69,601
716,534,69,660
712,527,69,665
709,527,69,664
709,527,69,665
709,525,69,666
707,525,69,666
707,520,69,669
709,599,1,620
718,678,1,569
720,541,69,655
712,527,69,664
712,525,69,666
709,523,69,667
709,518,69,670
707,516,69,671
709,599,1,620
718,675,1,571
718,527,69,664
711,509,69,675
707,505,69,678
709,612,1,612
718,671,1,574
714,518,69,670
707,502,69,680
707,585,1,629
716,655,1,584
718,534,69,660
707,502,69,680
709,597,1,621
716,653,1,585
714,522,69,668
707,504,69,679
711,685,1,565
720,599,69,619
750,727,1,539
752,727,1,538
752,727,1,538
752,729,1,537
754,729,1,537
739,534,69,660
727,516,69,671
720,511,69,674
716,505,69,678
712,504,69,679
709,498,69,682
707,520,69,669
707,534,69,660
707,666,1,577
716,696,1,558
716,550,69,650
707,543,69,654
709,599,1,619
718,639,1,594
712,556,69,647
707,549,69,651
707,595,1,622
714,639,1,594
718,664,1,578
716,559,69,644
709,554,69,648
707,552,69,649
709,617,1,608
716,657,1,583
721,610,69,613
712,558,69,646
711,559,69,644
709,561,69,643
709,568,69,639
711,583,69,630
718,594,69,623
725,599,69,619
727,604,69,616
732,612,69,612
732,622,69,605
730,624,69,603
730,628,69,601
723,624,69,604
725,626,69,602
723,619,69,607
721,622,69,605
725,619,69,607
721,612,69,612
721,608,69,614
721,612,69,611
720,619,69,607
721,615,69,609
718,612,69,611
720,610,69,613
718,608,69,614
718,604,69,616
716,604,69,616
721,603,69,617
725,603,69,617
720,599,69,620
716,599,69,619
712,599,69,620
711,594,69,623
709,595,69,622
707,585,69,628
711,685,1,565
716,691,1,561
720,613,69,610
707,570,69,638
709,678,1,569
714,687,1,563
725,698,5,557
738,748,5,525
723,660,5,581
738,748,69,525
725,676,5,570
739,613,69,610
727,693,5,560
736,534,69,660
730,714,5,546
732,509,69,676
734,736,5,533
727,489,69,687
736,741,5,530
727,486,69,690
736,741,5,529
725,484,5,691
736,741,5,530
725,534,5,660
738,738,5,532
725,531,5,662
736,727,5,539
727,471,69,698
734,718,5,544
732,500,69,681
730,702,5,555
739,619,69,607
721,651,5,586
734,714,5,547
738,716,69,545
721,624,5,604
730,703,5,553
736,712,5,548
736,712,5,548
738,714,5,547
727,734,5,534
736,747,5,526
730,513,69,673
729,714,5,546
736,554,69,648
727,685,5,565
739,597,69,621
734,482,69,692
729,691,5,561
736,538,69,658
729,714,5,546
734,522,69,668
730,723,5,541
732,511,69,674
734,732,5,535
730,504,69,679
736,741,5,529
727,496,69,683
739,727,69,539
727,487,69,689
739,738,69,532
725,504,5,679
739,684,69,566
725,552,5,649
739,705,69,552
725,565,5,641
739,673,69,573
725,595,5,622
739,707,69,551
723,563,5,642
736,727,5,539
725,514,5,672
734,716,5,545
730,491,69,686
729,702,5,555
736,721,5,542
727,473,69,697
730,702,5,554
736,714,5,546
738,624,69,603
723,657,5,583
730,707,5,551
734,711,5,549
730,721,5,542
739,682,69,567
723,613,5,610
738,745,5,527
725,552,5,649
736,743,5,528
727,498,69,682
736,743,5,528
729,500,69,681
730,685,5,565
732,518,69,670
732,716,5,545
730,514,69,672
732,714,5,546
732,516,69,671
732,709,5,550
734,511,69,674
727,480,69,693
730,694,5,559
736,527,69,664
727,664,5,578
739,565,69,641
725,624,5,604
739,640,69,593
725,568,5,639
736,734,5,534
727,495,5,684
734,723,5,541
729,498,69,682
730,711,5,549
732,523,69,667
727,669,5,575
738,721,5,542
723,563,5,642
730,703,5,553
738,718,5,544
725,534,5,660
729,694,5,559
736,711,5,549
738,712,69,548
721,597,5,621
729,696,5,558
734,709,5,550
736,732,5,535
725,540,5,657
730,714,5,547
736,572,69,636
727,662,5,580
738,738,69,532
725,577,5,633
736,729,5,537
730,525,69,666
730,693,5,560
736,545,69,653
727,666,5,577
741,559,69,644
732,502,69,680
727,496,69,683
734,693,5,560
734,520,69,669
727,630,5,600
739,603,69,617
725,581,5,631
739,696,69,558
727,507,69,677
738,741,5,529
729,509,69,675
734,723,5,541
730,518,69,670
732,702,5,554
734,522,69,668
730,675,5,572
734,527,69,664
730,671,5,574
734,531,69,662
727,660,5,581
738,558,69,646
729,635,5,597
739,507,69,677
732,477,69,695
730,469,69,699
727,468,69,701
734,675,5,571
729,495,69,684
727,702,5,555
736,727,5,539
734,534,69,660
727,684,5,566
736,720,5,543
725,550,5,650
730,705,5,552
738,714,5,547
727,482,69,692
730,487,69,689
734,732,5,535
727,484,69,691
736,738,5,532
725,477,5,695
736,732,5,535
734,730,5,536
730,511,69,674
732,723,5,541
734,523,69,667
730,714,5,547
736,540,69,657
730,707,5,551
736,540,69,657
729,694,5,559
739,577,69,633
725,655,5,584
739,664,69,578
725,603,5,617
738,729,5,537
725,545,5,653
734,721,5,542
730,505,69,678
730,702,5,555
738,599,69,619
725,644,5,591
736,723,5,541
727,495,69,684
730,709,5,550
739,680,69,568
725,622,5,605
734,714,5,547
734,540,69,657
727,675,5,572
736,714,5,546
727,507,69,677
727,689,5,562
736,714,5,547
734,541,69,655
730,531,69,662
729,689,5,562
738,736,69,533
725,590,5,625
736,727,5,539
729,525,69,666
730,702,5,554
734,543,69,654
729,667,5,576
739,588,69,626
727,612,5,612
739,720,69,543
727,516,69,671
736,716,5,545
730,520,69,669
732,687,5,563
736,541,69,655
727,648,5,589
739,585,69,629
725,594,5,623
739,711,69,549
727,509,69,676
734,702,5,555
730,527,69,664
727,649,5,588
739,637,69,595
725,576,5,634
736,725,5,540
729,513,69,673
730,694,5,559
736,545,69,653
727,637,5,595
739,721,69,542
727,504,69,679
732,707,5,551
734,541,69,655
727,649,5,588
738,723,5,541
727,507,69,677
730,702,5,554
738,586,69,627
725,631,5,599
736,714,5,546
730,522,69,668
729,687,5,563
738,723,5,541
727,511,69,674
730,698,5,557
738,720,5,543
725,585,5,629
743,513,69,673
729,489,69,688
727,648,5,589
734,703,5,553
738,714,5,546
725,527,5,664
727,689,5,562
734,714,5,547
738,720,5,543
727,513,69,673
727,685,5,565
734,716,5,545
738,725,5,540
725,579,5,632
730,703,5,553
736,723,5,541
730,523,69,667
727,684,5,566
736,723,5,541
734,541,69,655
727,673,5,573
736,730,5,536
729,531,69,662
730,702,5,554
738,585,69,629
729,633,5,598
738,570,69,638
729,637,5,595
738,594,69,623
727,639,5,594
739,653,69,585
725,601,5,618
739,727,69,538
727,518,69,670
738,723,5,541
729,522,69,668
736,712,5,548
730,529,69,663
730,685,5,565
734,541,69,655
727,649,5,587
739,583,69,630
725,599,5,620
739,664,69,578
725,543,5,654
738,723,5,541
727,516,69,671
738,714,5,547
727,513,69,673
734,714,5,546
730,525,69,666
730,689,5,562
736,565,69,641
727,653,5,585
739,655,69,584
725,595,5,622
736,720,5,543
729,522,69,668
730,694,5,559
739,612,69,611
725,619,5,607
736,718,5,544
730,525,69,666
730,691,5,561
739,720,69,543
725,588,5,626
732,711,5,549
736,579,69,632
727,653,5,585
736,720,5,543
730,532,69,661
730,689,5,562
738,727,5,538
725,585,5,628
734,714,5,547
734,554,69,648
727,662,5,579
736,721,5,542
727,523,69,667
730,698,5,557
739,685,69,565
757,738,1,532
741,529,69,663
730,509,69,675
727,646,5,590
736,714,5,546
727,523,69,667
730,691,5,561
739,666,69,577
725,603,5,617
732,711,5,549
736,577,69,633
727,649,5,588
736,720,5,543
730,540,69,657
774,684,69,566
774,684,69,566
775,685,69,565
775,682,69,567
777,682,69,567
777,684,69,566
770,687,69,563
772,687,69,563
772,689,69,562
774,689,69,562
775,689,69,562
777,689,69,562
777,689,69,562
777,687,69,563
777,687,69,564
779,685,69,565
770,689,69,562
772,693,69,560
774,696,69,558
775,698,69,557
779,700,69,556
781,702,69,555
781,700,69,556
781,698,69,557
781,693,69,560
783,696,69,558
784,694,69,559
783,696,69,558
783,694,69,559
783,691,69,561
783,687,69,563
770,689,69,562
772,691,69,561
774,691,69,561
775,694,69,559
777,694,69,559
777,696,69,558
779,694,69,559
779,694,69,559
781,694,69,559
781,693,69,560
781,691,69,561
781,687,69,563
770,691,69,561
772,691,69,561
775,694,69,559
775,694,69,559
777,696,69,558
777,693,69,560
779,696,69,558
779,696,69,558
781,696,69,558
781,696,69,558
781,694,69,559
781,693,69,560
781,694,69,559
781,689,69,562
781,689,69,562
772,689,69,562
772,689,69,562
774,693,69,560
775,691,69,561
775,693,69,560
777,693,69,560
779,696,69,558
781,696,69,558
781,696,69,558
781,694,69,559
781,691,69,561
781,691,69,561
765,691,69,561
768,694,69,559
770,698,69,557
772,700,69,556
775,702,69,555
777,705,69,552
781,705,69,552
781,703,69,553
784,709,69,550
784,712,69,548
788,714,69,547
790,711,69,549
790,707,69,551
790,712,69,548
792,714,69,546
793,714,69,547
793,711,69,549
793,711,69,549
793,712,69,548
793,711,69,549
795,709,69,550
793,705,69,552
793,703,69,553
793,702,69,555
793,698,69,557
792,694,69,559
790,691,69,561
788,689,69,562
788,687,69,563
786,684,69,566
768,689,69,562
770,689,69,562
772,693,69,560
774,698,69,557
775,700,69,556
779,702,69,554
781,707,69,551
783,709,69,550
784,711,69,549
788,714,69,547
790,714,69,547
792,714,69,546
793,714,69,546
793,716,69,545
797,718,69,544
799,714,69,546
799,714,69,546
797,714,69,547
799,714,69,547
799,711,69,549
799,709,69,550
799,709,69,550
799,709,69,550
797,707,69,551
797,702,69,554
795,698,69,557
793,694,69,559
793,689,69,562
790,687,69,564
788,685,69,565
770,689,69,562
770,696,69,558
772,696,69,558
775,702,69,555
779,702,69,554
781,703,69,553
781,707,69,551
784,711,69,549
786,711,69,549
788,712,69,548
790,714,69,547
790,714,69,547
792,714,69,546
793,714,69,546
793,712,69,548
793,712,69,548
795,712,69,548
795,711,69,549
795,711,69,549
795,705,69,552
793,702,69,554
795,702,69,555
793,698,69,557
792,694,69,559
790,691,69,561
790,687,69,563
790,685,69,565
763,682,69,567
766,685,69,565
768,689,69,562
770,694,69,559
774,698,69,557
777,702,69,554
779,705,69,552
781,707,69,551
784,711,69,549
786,714,69,547
788,714,69,546
790,716,69,545
792,718,69,544
793,720,69,543
797,721,69,542
799,721,69,542
799,721,69,542
802,723,69,541
802,727,69,539
804,723,69,541
804,720,69,543
804,720,69,543
806,720,69,543
806,720,69,543
806,716,69,545
804,714,69,546
802,714,69,547
802,711,69,549
802,707,69,551
801,703,69,553
799,702,69,555
797,698,69,557
797,693,69,560
793,689,69,562
793,687,69,563
770,685,69,565
772,687,69,564
774,687,69,563
775,687,69,563
775,687,69,563
777,689,69,562
777,685,69,565
779,685,69,565
757,678,69,569
761,682,69,567
763,687,69,563
770,691,69,561
775,696,69,558
781,700,69,556
781,703,69,553
783,703,69,553
784,709,69,550
786,712,69,548
788,714,69,547
788,714,69,547
790,716,69,545
792,714,69,546
793,714,69,546
795,718,69,544
795,714,69,546
797,716,69,545
797,718,69,544
797,714,69,546
799,714,69,547
799,711,69,549
797,711,69,549
797,707,69,551
799,707,69,551
797,703,69,553
795,702,69,555
793,698,69,557
795,694,69,559
793,691,69,561
790,691,69,561
790,687,69,563
788,687,69,564
788,687,69,564
784,680,69,568
784,682,69,567
783,678,69,569
775,685,69,565
775,685,69,565
777,685,69,565
777,687,69,564
770,685,69,565
770,687,69,564
772,689,69,562
775,689,69,562
775,694,69,559
777,694,69,559
779,698,69,557
781,698,69,557
781,694,69,559
781,694,69,559
781,694,69,559
783,696,69,558
784,696,69,558
784,693,69,560
784,689,69,562
784,687,69,563
784,685,69,565
783,682,69,567
772,696,69,558
772,689,69,562
775,694,69,559
775,693,69,560
775,694,69,559
777,698,69,557
779,698,69,557
779,694,69,559
779,694,69,559
779,694,69,559
779,693,69,560
779,687,69,564
779,687,69,564
779,689,69,562
761,678,69,569
763,684,69,566
770,689,69,562
775,696,69,558
777,698,69,557
777,702,69,554
779,702,69,554
781,709,69,550
784,714,69,546
788,718,69,544
790,721,69,542
793,723,69,541
795,727,69,538
799,729,69,537
799,729,69,537
802,732,69,535
804,734,69,534
806,730,69,536
806,730,69,536
806,729,69,537
806,729,69,537
808,727,69,538
808,727,69,539
806,723,69,541
806,720,69,543
804,720,69,543
804,716,69,545
802,711,69,549
801,705,69,552
799,698,69,557
797,693,69,560
795,687,69,563
792,684,69,566
768,678,69,569
770,685,69,565
772,687,69,563
775,691,69,561
777,694,69,559
781,698,69,557
784,702,69,554
784,705,69,552
790,705,69,552
793,711,69,549
793,711,69,549
793,714,69,547
793,712,69,548
793,714,69,547
797,714,69,546
797,714,69,547
797,712,69,548
797,712,69,548
797,714,69,547
797,714,69,547
797,711,69,549
797,711,69,549
797,709,69,550
797,707,69,551
795,702,69,555
793,698,69,557
793,689,69,562
792,687,69,564
770,689,69,562
772,694,69,559
774,694,69,559
775,698,69,557
777,702,69,554
779,705,69,552
781,709,69,550
784,711,69,549
788,714,69,547
788,714,69,547
790,714,69,546
792,716,69,545
793,716,69,545
793,714,69,546
793,714,69,547
795,714,69,546
795,711,69,549
793,711,69,549
793,705,69,552
793,703,69,553
793,702,69,555
792,702,69,554
792,698,69,557
790,691,69,561
788,687,69,563
788,685,69,565
763,678,69,569
766,684,69,566
768,687,69,564
770,696,69,558
774,702,69,555
779,703,69,553
779,707,69,551
783,711,69,549
784,714,69,547
788,716,69,545
792,720,69,543
793,721,69,542
797,725,69,540
797,723,69,541
801,727,69,539
801,721,69,542
801,727,69,539
802,727,69,538
804,727,69,539
806,725,69,540
802,720,69,543
802,720,69,543
802,718,69,544
802,716,69,545
802,714,69,546
801,711,69,549
799,709,69,550
799,703,69,553
797,700,69,556
795,691,69,561
793,687,69,563
790,685,69,565
790,682,69,567
765,684,69,566
770,687,69,563
772,689,69,562
775,696,69,558
779,702,69,554
779,709,69,550
784,712,69,548
784,714,69,546
788,714,69,546
790,718,69,544
793,721,69,542
797,718,69,544
797,718,69,544
799,723,69,541
799,721,69,542
801,723,69,541
802,723,69,541
802,725,69,540
802,727,69,539
802,727,69,539
806,727,69,539
806,727,69,539
806,725,69,540
804,723,69,541
806,720,69,543
806,720,69,543
802,718,69,544
802,714,69,546
802,712,69,548
802,709,69,550
799,703,69,553
799,702,69,555
797,696,69,558
795,691,69,561
793,687,69,563
792,685,69,565
788,682,69,567
786,676,69,570
759,673,69,573
763,675,69,571
766,682,69,567
770,687,69,564
777,689,69,562
784,694,69,559
788,702,69,555
788,707,69,551
786,711,69,549
790,712,69,548
792,714,69,546
793,720,69,543
795,721,69,542
797,725,69,540
801,727,69,539
802,729,69,537
802,729,69,537
806,730,69,536
808,732,69,535
810,736,69,533
811,738,69,532
811,738,69,532
813,739,69,531
815,739,69,531
815,738,69,532
817,734,69,534
817,736,69,533
817,736,69,533
817,729,69,537
817,729,69,537
815,727,69,539
815,725,69,540
815,723,69,541
813,716,69,545
811,714,69,547
810,711,69,549
808,703,69,553
806,702,69,555
804,694,69,559
801,689,69,562
799,685,69,565
797,682,69,567
795,676,69,570
766,680,69,568
770,684,69,566
772,687,69,564
774,689,69,562
777,693,69,560
779,694,69,559
781,698,69,557
784,702,69,554
786,707,69,551
788,709,69,550
790,709,69,550
790,711,69,549
792,712,69,548
793,714,69,547
795,714,69,546
797,714,69,546
797,716,69,545
799,716,69,545
799,716,69,545
799,718,69,544
801,720,69,543
802,714,69,546
802,714,69,547
802,712,69,548
801,712,69,548
801,711,69,549
801,705,69,552
799,703,69,553
799,702,69,555
797,696,69,558
797,689,69,562
795,687,69,564
793,685,69,565
790,682,69,567
788,678,69,569
766,684,69,566
770,687,69,563
772,691,69,561
774,694,69,559
777,696,69,558
779,702,69,555
781,705,69,552
784,707,69,551
786,711,69,549
788,712,69,548
790,712,69,548
790,714,69,546
793,714,69,546
793,718,69,544
795,718,69,544
797,718,69,544
799,720,69,543
799,720,69,543
799,720,69,543
799,720,69,543
801,718,69,544
801,716,69,545
801,714,69,546
801,714,69,547
801,712,69,548
801,705,69,552
799,703,69,553
797,702,69,555
797,694,69,559
793,693,69,560
792,687,69,563
790,684,69,566
788,680,69,568
788,676,69,570
766,685,69,565
770,689,69,562
772,693,69,560
775,698,69,557
777,700,69,556
779,702,69,555
781,702,69,554
784,705,69,552
784,707,69,551
786,711,69,549
788,714,69,546
790,718,69,544
793,720,69,543
793,720,69,543
797,723,69,541
799,723,69,541
801,729,69,537
802,727,69,539
802,723,69,541
802,723,69,541
804,723,69,541
804,721,69,542
802,721,69,542
802,720,69,543
802,718,69,544
802,716,69,545
802,714,69,547
802,707,69,551
801,705,69,552
799,700,69,556
797,698,69,557
795,694,69,559
793,689,69,562
793,687,69,564
790,685,69,565
788,684,69,566
765,680,69,568
766,684,69,566
772,687,69,563
774,694,69,559
775,696,69,558
779,698,69,557
781,703,69,553
784,709,69,550
786,709,69,550
788,712,69,548
790,714,69,546
793,716,69,545
793,716,69,545
797,720,69,543
797,721,69,542
799,725,69,540
802,727,69,539
802,727,69,539
804,725,69,540
804,725,69,540
806,725,69,540
806,721,69,542
806,721,69,542
806,720,69,543
806,718,69,544
806,718,69,544
806,716,69,545
806,714,69,546
806,714,69,547
806,712,69,548
804,707,69,551
802,703,69,553
801,698,69,557
799,696,69,558
799,693,69,560
797,687,69,564
793,685,69,565
765,675,69,571
768,682,69,567
770,685,69,565
774,689,69,562
777,696,69,558
781,700,69,556
783,702,69,554
784,703,69,553
788,709,69,550
788,711,69,549
790,714,69,547
792,714,69,546
793,718,69,544
797,718,69,544
799,721,69,542
802,721,69,542
801,723,69,541
802,723,69,541
804,727,69,539
806,721,69,542
804,723,69,541
806,723,69,541
806,720,69,543
806,718,69,544
808,720,69,543
808,718,69,544
806,716,69,545
806,714,69,546
806,712,69,548
806,711,69,549
804,705,69,552
804,703,69,553
802,703,69,553
801,696,69,558
799,693,69,560
797,687,69,564
768,678,69,569
770,687,69,564
772,693,69,560
775,694,69,559
779,700,69,556
781,702,69,554
784,707,69,551
784,709,69,550
788,716,69,545
790,718,69,544
793,716,69,545
793,714,69,546
801,718,69,544
806,721,69,542
806,720,69,543
808,723,69,541
811,725,69,540
808,727,69,539
808,727,69,539
806,725,69,540
806,721,69,542
806,723,69,541
808,723,69,541
808,723,69,541
808,720,69,543
808,720,69,543
808,718,69,544
808,712,69,548
806,709,69,550
804,703,69,553
804,702,69,555
802,698,69,557
799,693,69,560
797,689,69,562
797,687,69,563
793,684,69,566
766,680,69,568
770,684,69,566
772,687,69,564
774,691,69,561
779,691,69,561
781,698,69,557
784,702,69,555
784,709,69,550
788,709,69,550
790,712,69,548
793,714,69,546
793,718,69,544
797,721,69,542
797,725,69,540
799,727,69,539
802,729,69,537
804,729,69,537
806,730,69,536
806,732,69,535
808,732,69,535
811,736,69,533
811,736,69,533
811,736,69,533
813,736,69,533
815,736,69,533
815,734,69,534
815,734,69,534
815,734,69,534
815,730,69,536
815,729,69,537
815,727,69,539
813,721,69,542
813,716,69,545
811,714,69,546
811,711,69,549
808,709,69,550
806,702,69,554
804,700,69,556
804,696,69,558
801,693,69,560
799,691,69,561
797,685,69,565
795,684,69,566
793,682,69,567
790,678,69,569
766,675,69,571
768,684,69,566
770,684,69,566
772,687,69,563
779,694,69,559
784,698,69,557
788,702,69,554
788,702,69,554
788,709,69,550
790,711,69,549
792,712,69,548
793,714,69,546
797,718,69,544
797,720,69,543
799,718,69,544
802,723,69,541
802,727,69,539
804,727,69,538
806,727,69,538
806,727,69,539
808,727,69,539
810,727,69,538
811,730,69,536
811,732,69,535
813,730,69,536
813,727,69,538
813,727,69,539
813,725,69,540
813,725,69,540
811,723,69,541
811,721,69,542
811,720,69,543
811,716,69,545
810,714,69,547
808,709,69,550
808,705,69,552
806,703,69,553
804,702,69,554
802,696,69,558
799,694,69,559
799,691,69,561
797,687,69,564
793,685,69,565
793,684,69,566
790,678,69,569
788,676,69,570
763,682,69,567
766,684,69,566
770,687,69,564
774,694,69,559
777,698,69,557
779,702,69,555
781,703,69,553
784,705,69,552
788,711,69,549
788,712,69,548
792,714,69,546
793,716,69,545
795,720,69,543
797,723,69,541
799,723,69,541
799,723,69,541
802,727,69,539
806,727,69,539
810,727,69,538
811,727,69,539
808,725,69,540
808,725,69,540
808,723,69,541
808,723,69,541
808,720,69,543
808,718,69,544
808,716,69,545
806,711,69,549
806,703,69,553
802,702,69,555
801,698,69,557
799,691,69,561
797,687,69,564
793,685,69,565
761,678,69,569
765,682,69,567
768,687,69,564
772,691,69,561
774,694,69,559
777,702,69,555
781,705,69,552
784,711,69,549
788,714,69,547
790,714,69,546
793,720,69,543
795,721,69,542
797,725,69,540
799,727,69,539
802,729,69,537
804,729,69,537
806,732,69,535
808,732,69,535
810,734,69,534
811,734,69,534
811,738,69,532
815,736,69,533
815,739,69,531
815,739,69,531
815,738,69,532
817,738,69,532
817,738,69,532
817,736,69,533
817,734,69,534
817,732,69,535
819,729,69,537
817,727,69,538
815,721,69,542
815,716,69,545
813,714,69,546
811,712,69,548
808,705,69,552
808,702,69,554
804,698,69,557
802,694,69,559
799,689,69,562
797,685,69,565
793,682,69,567
792,678,69,569
766,678,69,569
770,684,69,566
772,689,69,562
774,693,69,560
763,745,69,527
779,698,69,557
788,696,69,558
792,702,69,555
793,709,69,550
797,714,69,547
801,720,69,543
802,721,69,542
804,723,69,541
806,727,69,539
808,727,69,538
810,729,69,537
811,729,69,537
811,729,69,537
813,729,69,537
815,727,69,538
815,727,69,539
815,727,69,539
815,723,69,541
813,721,69,542
815,720,69,543
813,716,69,545
811,714,69,547
810,712,69,548
808,709,69,550
808,707,69,551
806,703,69,553
802,696,69,558
802,696,69,558
799,691,69,561
797,687,69,563
795,685,69,565
793,678,69,569
790,675,69,571
766,684,69,566
770,687,69,563
772,689,69,562
