763,334,68,776
766,334,68,776
766,334,68,776
770,459,0,706
772,505,0,678
772,534,0,660
763,316,68,786
761,315,68,787
759,315,68,787
770,459,0,706
772,505,0,678
772,534,0,660
772,545,0,653
775,352,69,766
777,352,69,766
777,354,69,765
779,354,69,765
768,347,68,769
770,351,68,767
772,351,68,767
772,352,69,766
775,352,69,766
775,352,69,766
777,352,69,766
777,354,69,765
779,354,69,765
781,354,69,765
781,354,69,765
781,354,69,765
784,354,69,765
784,352,68,766
784,352,68,766
783,351,68,767
784,351,68,767
784,351,69,767
784,349,69,768
784,347,69,769
784,345,69,770
783,343,69,771
781,342,69,772
781,340,69,773
779,336,69,775
775,334,68,776
775,333,68,777
775,331,68,778
774,329,68,779
783,471,0,698
781,523,0,667
779,543,1,654
766,345,68,770
768,347,68,769
770,351,68,767
772,351,68,767
772,352,69,766
775,352,69,766
775,352,69,766
777,352,69,766
777,354,69,765
779,354,69,765
781,354,69,765
781,354,69,765
781,354,69,765
784,354,69,765
784,352,68,766
784,352,68,766
783,351,68,767
784,351,68,767
784,351,69,767
784,349,69,768
784,347,69,769
784,345,69,770
783,343,69,771
781,342,69,772
781,340,69,773
779,336,69,775
775,334,68,776
775,333,68,777
775,331,68,778
774,329,68,779
783,471,0,698
781,523,0,667
779,543,1,654
781,556,1,647
759,327,68,780
761,329,68,779
766,338,69,774
768,340,69,773
770,342,69,772
772,343,68,771
772,343,68,771
774,343,68,771
775,347,68,769
775,347,68,769
775,345,68,770
774,345,69,770
777,343,69,771
779,345,69,770
779,347,69,769
781,349,69,768
783,349,69,768
783,349,69,768
783,347,69,769
784,347,69,769
784,349,69,768
784,347,68,769
786,347,68,769
786,345,68,770
784,340,68,773
784,336,69,775
784,334,69,776
783,334,69,776
781,329,69,779
781,327,69,780
779,325,69,781
779,327,69,780
779,324,69,782
775,320,69,783
784,464,1,703
788,509,1,676
786,536,1,659
766,338,69,774
766,338,69,774
768,340,69,773
770,342,69,772
772,343,68,771
772,343,68,771
774,343,68,771
775,347,68,769
775,347,68,769
775,345,68,770
774,345,69,770
777,343,69,771
779,345,69,770
779,347,69,769
781,349,69,768
783,349,69,768
783,349,69,768
783,347,69,769
784,347,69,769
784,349,69,768
784,347,68,769
786,347,68,769
786,345,68,770
784,340,68,773
784,336,69,775
784,334,69,776
783,334,69,776
781,329,69,779
781,327,69,780
779,325,69,781
779,327,69,780
779,324,69,782
775,320,69,783
784,464,1,703
788,509,1,676
786,536,1,659
786,540,0,657
766,334,68,776
766,334,68,776
766,333,68,777
766,333,68,777
766,334,69,776
766,334,69,776
768,336,69,775
770,334,69,776
770,336,69,775
770,338,69,774
772,338,69,774
772,340,69,773
774,342,68,772
774,342,68,772
775,342,68,772
775,342,68,772
777,340,68,773
779,342,68,772
779,343,68,771
779,345,69,770
781,343,69,771
781,343,69,771
783,342,69,772
781,340,69,773
781,340,69,773
781,338,69,774
781,338,69,774
781,338,68,774
781,336,68,775
779,334,68,776
779,333,68,777
777,331,68,778
775,327,68,780
775,324,69,782
775,320,69,783
784,468,1,701
783,523,1,667
781,550,1,650
772,340,69,773
774,342,68,772
774,342,68,772
775,342,68,772
775,342,68,772
777,340,68,773
779,342,68,772
779,343,68,771
779,345,69,770
781,343,69,771
781,343,69,771
783,342,69,772
781,340,69,773
781,340,69,773
781,338,69,774
781,338,69,774
781,338,68,774
781,336,68,775
779,334,68,776
779,333,68,777
777,331,68,778
775,327,68,780
775,324,69,782
775,320,69,783
784,468,1,701
783,523,1,667
781,550,1,650
779,559,1,644
784,520,1,669
772,342,68,772
772,342,68,772
775,342,68,772
775,342,68,772
775,342,68,772
777,342,68,772
777,342,68,772
779,342,68,772
779,343,69,771
779,342,69,772
784,342,69,772
779,340,69,773
781,340,69,773
781,338,69,774
781,336,68,775
781,334,68,776
779,333,68,777
779,331,68,778
777,327,68,780
775,324,68,782
775,320,68,783
772,318,68,785
783,468,1,701
786,520,1,669
788,550,1,650
788,561,1,643
768,334,69,776
768,334,69,776
770,338,69,774
772,342,69,772
772,342,68,772
772,342,68,772
775,342,68,772
775,342,68,772
775,342,68,772
777,342,68,772
777,342,68,772
779,342,68,772
779,343,69,771
779,342,69,772
784,342,69,772
779,340,69,773
781,340,69,773
781,338,69,774
781,336,68,775
781,334,68,776
779,333,68,777
779,331,68,778
777,327,68,780
775,324,68,782
775,320,68,783
772,318,68,785
783,468,1,701
786,520,1,669
788,550,1,650
788,561,1,643
770,338,69,774
772,340,69,773
774,340,69,773
774,340,69,773
774,342,69,772
777,342,69,772
777,342,68,772
777,342,68,772
779,343,68,771
779,342,68,772
779,342,68,772
779,343,68,771
779,340,68,773
781,342,68,772
781,342,69,772
781,340,69,773
781,340,69,773
781,336,69,775
781,336,69,775
781,334,69,776
781,333,68,777
779,331,68,778
777,327,68,780
775,325,68,781
775,324,68,782
786,469,0,699
790,522,0,668
788,552,0,649
786,565,1,641
763,329,69,779
763,327,69,780
763,329,69,779
763,331,69,778
763,331,68,778
765,331,68,778
765,333,68,777
766,333,68,777
766,334,68,776
766,336,68,775
770,336,68,775
768,338,68,774
770,338,69,774
772,340,69,773
774,340,69,773
774,340,69,773
774,342,69,772
777,342,69,772
777,342,68,772
777,342,68,772
779,343,68,771
779,342,68,772
779,342,68,772
779,343,68,771
779,340,68,773
781,342,68,772
781,342,69,772
781,340,69,773
781,340,69,773
781,336,69,775
781,336,69,775
781,334,69,776
781,333,68,777
779,331,68,778
777,327,68,780
775,325,68,781
775,324,68,782
786,469,0,699
790,522,0,668
788,552,0,649
786,565,1,641
763,329,69,779
763,331,69,778
765,331,69,778
766,333,69,777
766,334,68,776
766,334,68,776
766,334,68,776
768,338,68,774
770,336,68,775
770,338,68,774
772,338,68,774
772,338,68,774
772,336,69,775
774,338,69,774
775,340,69,773
775,338,69,774
775,336,69,775
775,338,69,774
777,338,68,774
779,340,68,773
779,338,68,774
779,336,68,775
779,338,68,774
781,336,68,775
779,334,68,776
779,333,68,777
779,331,69,778
779,329,69,779
777,327,69,780
777,324,69,782
775,320,69,783
775,318,69,785
772,316,68,786
770,315,68,787
781,459,0,706
781,514,0,672
781,545,0,653
770,338,68,774
772,338,68,774
772,338,68,774
772,336,69,775
774,338,69,774
775,340,69,773
775,338,69,774
775,336,69,775
775,338,69,774
777,338,68,774
779,340,68,773
779,338,68,774
779,336,68,775
779,338,68,774
781,336,68,775
779,334,68,776
779,333,68,777
779,331,69,778
779,329,69,779
777,327,69,780
777,324,69,782
775,320,69,783
775,318,69,785
772,316,68,786
770,315,68,787
781,459,0,706
781,514,0,672
781,545,0,653
781,558,0,646
770,334,68,776
772,334,68,776
772,334,69,776
772,334,69,776
774,336,69,775
774,334,69,776
775,334,68,776
775,336,68,775
775,336,68,775
775,334,68,776
777,334,68,776
777,334,68,776
777,334,68,776
779,333,68,777
777,331,68,778
777,327,68,780
775,325,68,781
775,320,69,784
772,318,69,785
772,315,69,787
770,313,69,788
781,460,1,705
781,520,0,669
779,543,0,654
763,327,69,780
763,329,69,779
765,331,69,778
766,329,69,779
766,329,68,779
768,333,68,777
766,331,68,778
768,331,68,778
768,333,68,777
770,333,68,777
770,334,68,776
772,334,68,776
772,334,69,776
772,334,69,776
774,336,69,775
774,334,69,776
775,334,68,776
775,336,68,775
775,336,68,775
775,334,68,776
777,334,68,776
777,334,68,776
777,334,68,776
779,333,68,777
777,331,68,778
777,327,68,780
775,325,68,781
775,324,69,782
775,320,69,784
772,318,69,785
772,315,69,787
770,313,69,788
781,460,1,705
781,520,0,669
779,543,0,654
772,334,69,776
772,338,68,774
772,338,68,774
772,340,68,773
775,340,68,773
775,340,68,773
777,340,68,773
775,338,68,774
779,340,68,773
779,340,69,773
779,342,69,772
781,342,69,772
781,342,69,772
784,343,69,771
784,343,69,771
784,343,68,771
784,342,69,772
784,342,68,772
784,340,68,773
784,338,68,774
783,334,68,776
783,334,68,776
781,333,68,777
781,331,69,778
781,329,69,779
781,327,69,780
781,325,69,781
779,324,69,782
775,320,69,783
775,318,69,785
784,459,1,706
788,505,1,678
783,540,0,657
766,336,69,775
772,338,69,774
772,336,69,775
772,334,69,776
772,338,68,774
772,338,68,774
772,340,68,773
775,340,68,773
775,340,68,773
777,340,68,773
775,338,68,774
779,340,68,773
779,340,69,773
779,342,69,772
781,342,69,772
781,342,69,772
784,343,69,771
784,343,69,771
784,343,68,771
784,342,69,772
784,342,68,772
784,340,68,773
784,338,68,774
783,334,68,776
783,334,68,776
781,333,68,777
781,331,69,778
781,329,69,779
781,327,69,780
781,325,69,781
779,324,69,782
775,320,69,783
775,318,69,785
784,459,1,706
788,505,1,678
783,540,0,657
793,536,1,659
783,541,1,656
783,540,0,657
781,540,0,657
781,540,0,657
772,324,68,782
770,331,68,778
770,331,68,778
770,331,68,778
772,333,68,777
772,340,68,773
775,338,68,774
775,338,68,774
775,340,69,773
775,340,69,773
777,343,69,771
779,336,69,775
779,334,69,776
779,333,69,777
766,311,69,789
768,313,69,788
766,320,69,783
766,320,69,783
766,325,69,781
766,327,69,780
768,327,68,780
766,327,68,780
766,331,68,778
770,331,68,778
770,331,68,778
770,331,68,778
772,333,68,777
772,340,68,773
775,338,68,774
775,338,68,774
775,340,69,773
775,340,69,773
777,343,69,771
779,336,69,775
779,334,69,776
779,333,69,777
777,324,68,782
775,316,68,786
774,313,68,788
770,307,68,791
768,306,68,792
766,304,68,793
766,304,68,793
766,309,68,790
766,311,69,789
768,313,69,788
768,313,69,788
757,289,69,800
754,288,69,801
754,288,69,801
754,284,69,803
763,417,1,730
763,464,1,703
763,477,1,695
763,480,1,693
763,320,69,784
772,495,0,684
774,525,0,666
761,307,68,791
770,448,0,712
772,495,0,684
774,525,0,666
754,289,68,800
752,289,68,800
752,288,68,801
761,424,0,726
765,469,0,699
765,491,0,686
766,338,69,774
766,338,69,774
770,340,69,773
772,342,69,772
772,343,69,771
774,343,69,771
763,331,68,778
765,334,68,776
766,336,68,775
766,338,68,774
766,338,69,774
766,338,69,774
770,340,69,773
772,342,69,772
772,343,69,771
774,343,69,771
774,343,68,771
772,338,68,774
775,336,68,775
772,334,68,776
770,331,68,778
772,329,68,779
772,331,68,778
770,331,68,778
772,329,69,779
772,327,69,780
772,325,69,781
770,325,69,781
770,320,69,783
770,320,69,784
779,464,1,703
781,511,1,674
781,538,0,658
779,464,1,703
781,511,1,674
781,538,0,658
779,550,0,650
761,318,68,785
761,318,68,785
763,320,68,784
763,320,68,784
765,320,68,783
765,324,68,782
765,324,68,782
766,324,68,782
766,324,68,782
766,320,69,783
768,320,69,783
766,320,69,783
770,320,69,783
770,324,68,782
770,320,68,783
772,320,68,783
770,320,68,784
770,320,68,784
770,316,68,786
770,315,68,787
772,334,69,776
772,336,69,775
774,334,69,776
772,334,69,776
772,333,69,777
772,331,69,778
772,331,69,778
763,333,69,777
763,333,69,777
763,333,68,777
763,334,68,776
766,338,68,774
766,334,68,776
766,338,68,774
770,340,68,773
770,336,68,775
770,336,68,775
772,334,69,776
772,336,69,775
774,334,69,776
772,334,69,776
772,333,69,777
772,331,69,778
772,331,69,778
772,327,69,780
770,327,68,780
770,327,68,780
770,325,68,781
768,324,68,782
768,320,68,784
766,318,68,785
766,318,69,785
766,318,69,785
775,459,1,706
777,509,1,676
775,534,1,660
775,545,1,653
788,541,0,656
786,541,0,656
784,541,0,655
766,334,68,776
768,336,68,775
768,338,68,774
770,338,68,774
772,340,68,773
772,342,68,772
772,340,69,773
775,342,69,772
775,343,69,771
775,342,69,772
777,343,69,771
775,343,69,771
775,345,69,770
777,345,69,770
775,343,68,771
777,342,68,772
779,342,68,772
779,338,68,774
779,336,68,775
779,333,68,777
779,334,69,776
779,334,69,776
779,333,69,777
779,333,69,777
779,331,69,778
779,331,69,778
779,327,69,780
777,327,69,780
777,325,69,781
775,324,69,782
774,320,68,784
772,318,68,785
772,318,68,785
779,459,0,706
781,505,1,678
781,529,1,663
763,325,69,781
763,320,69,783
763,325,69,781
766,327,69,780
766,331,69,778
766,333,69,777
766,334,68,776
768,336,68,775
768,338,68,774
770,338,68,774
772,340,68,773
772,342,68,772
772,340,69,773
775,342,69,772
775,343,69,771
775,342,69,772
777,343,69,771
775,343,69,771
775,345,69,770
777,345,69,770
775,343,68,771
777,342,68,772
779,342,68,772
779,338,68,774
779,336,68,775
779,333,68,777
779,334,69,776
779,334,69,776
779,333,69,777
779,333,69,777
779,331,69,778
779,331,69,778
779,327,69,780
777,327,69,780
777,325,69,781
775,324,69,782
774,320,68,784
772,318,68,785
772,318,68,785
779,459,0,706
781,505,1,678
781,529,1,663
784,329,68,779
777,320,68,783
770,333,68,777
770,333,69,777
775,342,68,772
777,345,68,770
779,347,68,769
783,343,69,771
783,343,69,771
783,342,69,772
772,338,68,774
772,338,68,774
775,342,68,772
775,342,68,772
777,345,68,770
779,347,68,769
779,347,68,769
781,349,68,768
781,347,68,769
783,347,69,769
781,345,69,770
783,342,69,772
783,343,69,771
783,343,69,771
783,342,69,772
781,342,68,772
781,345,68,770
783,345,68,770
784,345,68,770
784,345,68,770
784,342,68,772
784,342,68,772
784,342,68,772
783,340,69,773
783,336,69,775
781,333,69,777
779,331,69,778
779,329,68,779
779,329,68,779
788,473,0,697
786,527,0,664
783,554,0,648
783,567,0,640
770,333,69,777
770,338,69,774
772,336,69,775
772,338,69,774
774,338,68,774
772,338,68,774
772,338,68,774
775,342,68,772
775,342,68,772
777,345,68,770
779,347,68,769
779,347,68,769
781,349,68,768
781,347,68,769
783,347,69,769
781,345,69,770
783,342,69,772
783,343,69,771
783,343,69,771
783,342,69,772
781,342,68,772
781,345,68,770
783,345,68,770
784,345,68,770
784,345,68,770
784,342,68,772
784,342,68,772
784,342,68,772
783,340,69,773
783,336,69,775
781,333,69,777
779,331,69,778
779,329,68,779
779,329,68,779
788,473,0,697
786,527,0,664
783,554,0,648
783,567,0,640
786,552,0,649
786,550,0,650
774,316,68,786
772,313,68,788
770,316,68,786
766,316,68,786
768,313,68,788
766,315,68,787
766,325,68,781
768,327,69,780
770,327,69,780
770,331,69,778
770,331,69,778
772,331,68,778
772,334,68,776
774,336,68,775
775,334,68,776
775,338,68,774
775,338,68,774
775,340,68,773
777,340,68,773
779,338,68,774
779,338,68,774
779,338,69,774
781,340,69,773
783,342,69,772
783,342,69,772
784,342,69,772
783,340,69,773
784,340,68,773
784,338,68,774
784,336,68,775
784,336,68,775
784,334,68,776
783,334,68,776
783,331,68,778
781,329,68,779
781,325,69,781
779,320,69,783
777,320,69,784
777,318,69,785
788,469,1,699
784,529,1,663
783,558,1,646
781,568,0,639
768,327,69,780
770,327,69,780
770,331,69,778
770,331,69,778
772,331,68,778
772,334,68,776
774,336,68,775
775,334,68,776
775,338,68,774
775,338,68,774
775,340,68,773
777,340,68,773
779,338,68,774
779,338,68,774
779,338,69,774
781,340,69,773
783,342,69,772
783,342,69,772
784,342,69,772
783,340,69,773
784,340,68,773
784,338,68,774
784,336,68,775
784,336,68,775
784,334,68,776
783,334,68,776
783,331,68,778
781,329,68,779
781,325,69,781
779,320,69,783
777,320,69,784
777,318,69,785
788,469,1,699
784,529,1,663
783,558,1,646
781,568,0,639
797,552,1,649
792,550,1,650
795,550,0,650
797,552,0,649
788,552,0,649
783,550,0,650
783,552,0,649
781,552,0,649
775,320,68,784
772,333,68,777
772,333,68,777
772,331,68,778
772,333,68,777
774,331,68,778
775,331,68,778
772,331,68,778
775,333,68,777
775,333,69,777
775,333,69,777
777,333,69,777
779,333,69,777
779,331,69,778
779,331,69,778
779,331,68,778
779,327,68,780
779,327,68,780
779,325,68,781
779,324,68,782
775,320,68,784
775,316,68,786
774,315,68,787
772,313,69,788
784,462,1,704
783,518,1,670
783,543,1,654
781,556,1,647
788,552,0,649
783,550,0,650
783,552,0,649
781,552,0,649
775,325,68,781
775,320,68,784
774,320,68,784
772,318,68,785
770,316,68,786
770,316,68,786
768,315,69,787
766,315,69,787
765,313,69,788
766,313,69,788
766,318,68,785
766,318,68,785
766,320,68,783
766,320,68,783
766,324,68,782
766,327,68,780
770,325,68,781
766,324,68,782
770,327,68,780
770,329,68,779
768,331,69,778
772,329,69,779
772,329,69,779
772,327,69,780
772,327,69,780
772,331,69,778
772,333,68,777
772,333,68,777
772,331,68,778
772,333,68,777
774,331,68,778
775,331,68,778
772,331,68,778
775,333,68,777
775,333,69,777
775,333,69,777
777,333,69,777
779,333,69,777
779,331,69,778
779,331,69,778
779,331,68,778
779,327,68,780
779,327,68,780
779,325,68,781
779,324,68,782
775,320,68,784
775,316,68,786
774,315,68,787
772,313,69,788
784,462,1,704
783,518,1,670
783,543,1,654
781,556,1,647
775,516,1,671
761,309,68,790
763,311,68,789
763,309,68,790
763,307,69,791
772,478,0,694
774,504,1,679
775,504,1,679
761,291,68,799
761,288,68,801
770,435,0,720
772,478,0,694
774,504,1,679
775,504,1,679
757,313,69,788
761,315,69,787
763,316,69,786
763,316,69,786
763,316,69,786
763,316,68,786
765,316,68,786
765,318,68,785
766,320,68,784
768,320,68,784
766,318,68,785
770,318,68,785
768,318,68,785
768,318,69,785
768,315,69,787
766,306,69,792
766,304,68,793
763,302,68,794
765,297,68,796
774,451,0,710
775,514,0,672
779,541,0,655
777,558,0,645
766,309,69,790
766,306,69,792
766,304,68,793
763,302,68,794
765,297,68,796
774,451,0,710
775,514,0,672
779,541,0,655
777,558,0,645
759,316,69,786
761,316,69,786
763,320,69,784
763,318,69,785
763,318,68,785
765,318,68,785
766,318,68,785
766,316,68,786
766,316,68,786
766,315,68,787
766,316,69,786
768,315,69,787
761,297,68,796
761,293,68,798
759,291,68,799
768,439,0,717
770,486,0,690
770,514,0,672
768,439,0,717
770,486,0,690
770,514,0,672
770,334,69,776
770,333,68,777
772,338,68,774
770,338,68,774
772,338,68,774
772,340,68,773
774,342,68,772
775,342,68,772
775,343,68,771
775,345,69,770
779,345,69,770
781,347,69,769
781,345,69,770
781,343,69,771
783,345,69,770
783,345,68,770
784,345,68,770
784,343,68,771
784,342,68,772
783,340,68,773
784,340,68,773
784,338,68,774
783,336,68,775
783,334,69,776
781,329,69,779
779,327,69,780
779,325,69,781
779,324,69,782
779,320,69,784
777,320,69,784
775,318,68,785
784,464,0,703
783,523,0,667
784,545,0,653
761,320,68,783
763,324,68,782
763,325,68,781
765,331,68,778
766,333,69,777
768,331,69,778
768,331,69,778
770,333,69,777
770,334,69,776
770,334,69,776
770,333,68,777
772,338,68,774
770,338,68,774
772,338,68,774
772,340,68,773
774,342,68,772
775,342,68,772
775,343,68,771
775,345,69,770
779,345,69,770
781,347,69,769
781,345,69,770
781,343,69,771
783,345,69,770
783,345,68,770
784,345,68,770
784,343,68,771
784,342,68,772
783,340,68,773
784,340,68,773
784,338,68,774
783,336,68,775
783,334,69,776
781,329,69,779
779,327,69,780
779,325,69,781
779,324,69,782
779,320,69,784
777,320,69,784
775,318,68,785
784,464,0,703
783,523,0,667
784,545,0,653
786,558,0,645
781,342,68,772
781,343,68,771
781,343,68,771
781,343,68,771
784,342,68,772
783,333,69,777
781,334,69,776
779,333,69,777
781,336,69,775
779,338,68,774
779,340,68,773
781,340,68,773
779,340,68,773
781,342,68,772
781,343,68,771
781,343,68,771
781,343,68,771
783,347,68,769
783,345,68,770
784,347,69,769
786,347,69,769
788,347,69,769
784,342,69,772
784,342,69,772
786,342,69,772
786,340,68,773
784,342,68,772
784,340,68,773
784,342,68,772
786,342,68,772
784,340,68,773
784,342,68,772
786,343,68,771
788,343,69,771
788,343,69,771
788,342,69,772
786,342,69,772
788,345,69,770
790,343,69,771
790,343,68,771
788,340,69,773
786,338,68,774
784,336,68,775
784,334,68,776
784,333,68,777
783,329,68,779
781,325,68,781
781,325,69,781
792,475,1,696
790,532,1,661
788,561,1,643
797,559,0,644
790,338,68,774
784,334,68,776
783,333,69,777
781,334,69,776
779,333,69,777
781,336,69,775
779,338,68,774
779,340,68,773
781,340,68,773
779,340,68,773
781,342,68,772
781,343,68,771
781,343,68,771
781,343,68,771
783,347,68,769
783,345,68,770
784,347,69,769
786,347,69,769
788,347,69,769
784,342,69,772
784,342,69,772
786,342,69,772
786,340,68,773
784,342,68,772
784,340,68,773
784,342,68,772
786,342,68,772
784,340,68,773
784,342,68,772
786,343,68,771
788,343,69,771
788,343,69,771
788,342,69,772
786,342,69,772
788,345,69,770
790,343,69,771
790,343,68,771
788,340,69,773
786,338,68,774
784,336,68,775
784,334,68,776
784,333,68,777
783,329,68,779
781,325,68,781
781,325,69,781
792,475,1,696
790,532,1,661
788,561,1,643
786,572,1,637
793,554,1,648
790,556,1,647
788,556,1,647
786,556,0,647
793,547,0,652
795,547,0,652
793,550,0,650
790,554,1,648
793,554,1,648
790,556,1,647
788,556,1,647
786,556,0,647
781,345,68,770
781,347,68,769
770,320,69,783
768,320,69,783
766,320,68,783
766,324,68,782
770,325,68,781
770,329,68,779
770,333,68,777
770,334,68,776
772,334,68,776
772,334,68,776
772,334,68,776
775,340,68,773
775,342,69,772
777,340,69,773
777,340,69,773
777,342,69,772
779,343,69,771
781,345,69,770
783,345,68,770
781,345,69,770
781,345,68,770
781,347,68,769
781,343,68,771
783,347,68,769
783,343,68,771
784,342,68,772
784,343,69,771
784,342,69,772
784,342,69,772
786,343,69,771
784,342,69,772
784,340,69,773
784,338,68,774
784,336,68,775
784,338,68,774
783,334,68,776
781,334,68,776
781,331,68,778
781,331,68,778
792,480,0,693
790,534,0,660
788,561,1,643
770,325,68,781
770,329,68,779
770,333,68,777
770,334,68,776
772,334,68,776
772,334,68,776
772,334,68,776
775,340,68,773
775,342,69,772
777,340,69,773
777,340,69,773
777,342,69,772
779,343,69,771
781,345,69,770
783,345,68,770
781,345,69,770
781,345,68,770
781,347,68,769
781,343,68,771
783,347,68,769
783,343,68,771
784,342,68,772
784,343,69,771
784,342,69,772
784,342,69,772
786,343,69,771
784,342,69,772
784,340,69,773
784,338,68,774
784,336,68,775
784,338,68,774
783,334,68,776
781,334,68,776
781,331,68,778
781,331,68,778
792,480,0,693
790,534,0,660
788,561,1,643
788,572,1,636
784,498,0,682
781,504,1,679
781,509,1,675
784,516,1,671
781,313,69,788
779,313,68,788
775,313,68,788
775,313,68,788
774,311,68,789
772,311,68,789
770,313,68,788
770,313,68,788
772,318,69,785
770,316,69,786
772,320,69,784
774,320,69,784
774,320,69,783
775,320,69,784
775,318,68,785
775,318,69,785
777,320,68,784
777,320,68,783
777,320,68,783
779,324,68,782
779,320,69,783
779,320,69,783
779,327,69,780
781,327,69,780
781,329,69,779
783,331,69,778
784,333,69,777
784,333,69,777
783,331,69,778
784,333,69,777
786,334,69,776
788,334,69,776
788,333,68,777
788,336,68,775
788,333,69,777
788,333,69,777
788,331,69,778
770,315,68,787
772,316,69,786
772,316,69,786
772,318,69,785
770,316,69,786
772,320,69,784
774,320,69,784
774,320,69,783
775,320,69,784
775,318,68,785
775,318,69,785
777,320,68,784
777,320,68,783
777,320,68,783
779,324,68,782
779,320,69,783
779,320,69,783
779,327,69,780
781,327,69,780
781,329,69,779
783,331,69,778
784,333,69,777
784,333,69,777
783,331,69,778
784,333,69,777
786,334,69,776
788,334,69,776
788,333,68,777
788,336,68,775
788,333,69,777
790,333,69,777
788,333,69,777
788,331,69,778
788,331,69,778
788,327,69,780
786,324,69,782
784,320,69,783
784,320,69,784
783,316,69,786
792,460,1,705
790,502,1,680
788,522,0,668
786,525,0,666
784,498,0,682
781,504,1,679
781,509,1,675
784,516,1,671
781,313,69,788
779,313,68,788
775,313,68,788
775,313,68,788
774,311,68,789
772,311,68,789
772,313,68,788
770,313,68,788
770,313,68,788
770,313,68,788
770,315,68,787
772,316,69,786
772,316,69,786
772,318,69,785
770,316,69,786
772,320,69,784
774,320,69,784
774,320,69,783
775,320,69,784
775,318,68,785
775,318,69,785
777,320,68,784
777,320,68,783
777,320,68,783
779,324,68,782
779,320,69,783
779,320,69,783
779,327,69,780
781,327,69,780
781,329,69,779
783,331,69,778
784,333,69,777
784,333,69,777
783,331,69,778
784,333,69,777
786,334,69,776
788,334,69,776
788,333,68,777
788,336,68,775
788,333,69,777
790,333,69,777
788,333,69,777
788,331,69,778
788,331,69,778
788,327,69,780
786,324,69,782
784,320,69,783
784,320,69,784
783,316,69,786
792,460,1,705
790,502,1,680
788,522,0,668
786,525,0,666
792,320,68,783
784,387,0,747
786,473,0,697
786,509,0,676
788,525,0,666
779,320,69,784
775,316,69,786
777,315,69,787
775,315,69,787
775,315,69,787
774,315,69,787
774,316,69,786
775,318,69,785
774,318,68,785
774,320,68,783
775,324,68,782
775,324,68,782
775,325,68,781
775,327,68,780
775,327,69,780
779,329,69,779
777,331,69,778
779,333,69,777
781,336,69,775
784,338,69,774
784,340,69,773
784,340,69,773
790,343,69,771
790,351,69,767
793,349,69,768
795,351,69,767
795,352,68,766
795,354,68,765
797,354,69,765
797,354,69,765
799,356,69,764
799,356,69,764
799,354,69,765
801,356,69,764
801,356,69,764
802,356,69,764
802,354,69,765
802,351,69,767
802,351,69,767
802,351,69,767
802,351,68,767
799,345,69,770
784,387,0,747
786,473,0,697
786,509,0,676
788,525,0,666
779,320,69,784
775,316,69,786
777,315,69,787
775,315,69,787
775,315,69,787
774,315,69,787
774,316,69,786
775,318,69,785
774,318,68,785
774,320,68,783
775,324,68,782
775,324,68,782
775,325,68,781
775,327,68,780
775,327,69,780
779,329,69,779
777,331,69,778
779,333,69,777
781,336,69,775
784,338,69,774
784,340,69,773
784,340,69,773
790,343,69,771
790,351,69,767
793,349,69,768
795,351,69,767
795,352,68,766
795,354,68,765
797,354,69,765
797,354,69,765
799,356,69,764
799,356,69,764
799,354,69,765
801,356,69,764
801,356,69,764
802,356,69,764
802,354,69,765
802,351,69,767
802,351,69,767
802,351,69,767
802,351,68,767
801,347,68,769
802,347,69,769
799,345,69,770
799,342,69,772
799,338,69,774
799,338,69,774
799,336,69,775
795,333,69,777
793,331,69,778
790,325,69,781
788,385,1,748
779,320,69,784
775,316,69,786
777,315,69,787
775,315,69,787
775,315,69,787
774,315,69,787
774,316,69,786
775,318,69,785
774,318,68,785
774,320,68,783
775,324,68,782
775,324,68,782
775,325,68,781
775,327,68,780
775,327,69,780
779,329,69,779
777,331,69,778
779,333,69,777
781,336,69,775
784,338,69,774
784,340,69,773
784,340,69,773
790,343,69,771
790,351,69,767
793,349,69,768
795,351,69,767
795,352,68,766
795,354,68,765
797,354,69,765
797,354,69,765
799,356,69,764
799,356,69,764
799,354,69,765
801,356,69,764
801,356,69,764
802,356,69,764
802,354,69,765
802,351,69,767
802,351,69,767
802,351,69,767
802,351,68,767
801,347,68,769
802,347,69,769
799,345,69,770
799,342,69,772
799,338,69,774
799,338,69,774
799,336,69,775
795,333,69,777
793,331,69,778
790,325,69,781
788,385,1,748
793,493,0,685
772,320,69,783
770,324,69,782
770,320,69,783
770,324,69,782
772,324,69,782
772,327,69,780
772,329,69,779
772,329,68,779
777,333,68,777
779,334,68,776
779,334,68,776
781,336,68,775
779,338,68,774
781,342,68,772
783,343,69,771
784,345,69,770
786,349,69,768
788,349,69,768
788,351,69,767
790,354,69,765
792,354,69,765
793,356,69,764
795,358,69,763
797,361,69,761
797,363,69,760
799,363,69,760
802,365,68,759
804,363,68,760
806,365,69,759
806,365,69,759
808,367,69,758
808,367,69,758
810,369,69,757
811,367,69,758
811,367,69,758
813,367,69,758
811,367,69,758
811,367,69,758
811,363,69,760
813,361,69,761
772,329,69,779
772,329,68,779
777,333,68,777
779,334,68,776
779,334,68,776
781,336,68,775
779,338,68,774
781,342,68,772
783,343,69,771
784,345,69,770
786,349,69,768
788,349,69,768
788,351,69,767
790,354,69,765
792,354,69,765
793,356,69,764
795,358,69,763
797,361,69,761
797,363,69,760
799,363,69,760
802,365,68,759
804,363,68,760
806,365,69,759
806,365,69,759
808,367,69,758
808,367,69,758
810,369,69,757
811,367,69,758
811,367,69,758
813,367,69,758
811,367,69,758
811,367,69,758
811,363,69,760
813,361,69,761
813,360,69,762
813,358,69,763
811,356,69,764
811,352,69,766
810,351,69,767
808,349,69,768
806,345,69,770
802,342,69,772
797,336,69,775
793,333,69,777
779,536,0,659
779,540,0,657
774,325,68,781
772,324,68,782
772,320,69,783
772,320,69,783
770,324,69,782
770,320,69,783
770,324,69,782
772,324,69,782
772,327,69,780
772,329,69,779
772,329,68,779
777,333,68,777
779,334,68,776
779,334,68,776
781,336,68,775
779,338,68,774
781,342,68,772
783,343,69,771
784,345,69,770
786,349,69,768
788,349,69,768
788,351,69,767
790,354,69,765
792,354,69,765
793,356,69,764
795,358,69,763
797,361,69,761
797,363,69,760
799,363,69,760
802,365,68,759
804,363,68,760
806,365,69,759
806,365,69,759
808,367,69,758
808,367,69,758
810,369,69,757
811,367,69,758
811,367,69,758
813,367,69,758
811,367,69,758
811,367,69,758
811,363,69,760
813,361,69,761
813,360,69,762
813,358,69,763
811,356,69,764
811,352,69,766
810,351,69,767
808,349,69,768
806,345,69,770
802,342,69,772
797,336,69,775
793,333,69,777
801,331,69,778
790,320,69,783
790,410,1,734
793,493,1,685
797,520,0,669
801,331,69,778
790,320,69,783
790,410,1,734
793,493,1,685
797,520,0,669
797,529,1,663
799,329,69,779
799,329,69,779
801,331,69,778
790,320,69,783
790,410,1,734
793,493,1,685
797,520,0,669
788,329,68,779
784,327,68,780
783,327,68,780
781,325,68,781
781,327,68,780
781,329,68,779
781,333,68,777
781,334,68,776
783,336,68,775
784,338,68,774
784,338,69,774
784,338,69,774
786,338,69,774
786,338,69,774
788,342,69,772
784,340,69,773
784,338,69,774
784,340,68,773
784,342,68,772
784,336,69,775
784,338,69,774
786,342,69,772
788,342,69,772
788,343,69,771
788,343,69,771
788,343,69,771
788,343,69,771
788,345,69,770
790,345,69,770
792,345,69,770
792,349,69,768
793,349,69,768
793,349,69,768
795,349,69,768
793,349,69,768
795,347,69,769
795,347,69,769
799,349,69,768
797,349,69,768
799,347,69,769
797,345,69,770
799,345,69,770
797,342,69,772
795,340,69,773
793,334,69,776
793,333,69,777
792,331,69,778
790,327,69,780
792,327,69,780
790,324,69,782
788,320,69,784
784,318,69,785
784,315,69,787
790,468,1,700
790,522,1,668
790,547,1,652
788,558,1,645
765,318,69,785
766,320,69,783
766,324,69,782
766,324,69,782
770,327,69,780
772,329,69,779
772,331,69,778
775,333,69,777
775,334,69,776
779,336,69,775
779,338,69,774
779,336,69,775
781,340,69,773
781,340,69,773
783,340,69,773
783,342,69,772
783,340,69,773
784,342,69,772
784,342,69,772
786,342,69,772
786,342,69,772
788,342,69,772
788,340,69,773
788,338,69,774
788,338,69,774
790,336,69,775
788,333,69,777
790,333,69,777
790,333,69,777
790,331,69,778
788,325,69,781
788,325,69,781
786,325,69,781
784,320,69,783
784,320,69,784
784,318,69,785
781,316,69,786
781,315,69,787
779,311,69,789
784,469,1,699
786,525,1,666
784,554,1,648
799,558,1,646
790,329,69,779
784,324,69,782
781,320,69,784
779,320,68,784
775,318,68,785
775,318,68,785
772,320,68,784
772,320,69,784
772,320,69,784
770,318,69,785
772,320,69,784
772,320,69,783
775,324,69,782
774,324,69,782
774,327,69,780
775,327,69,780
775,329,69,779
775,329,69,779
777,329,68,779
779,333,68,777
779,334,68,776
781,333,69,777
781,334,69,776
781,336,69,775
783,338,69,774
784,338,69,774
786,338,69,774
784,340,69,773
786,338,69,774
784,340,69,773
788,340,69,773
788,342,69,772
790,340,69,773
790,338,69,774
792,338,69,774
790,336,69,775
790,336,69,775
790,333,69,777
788,329,69,779
788,327,69,780
786,325,69,781
786,320,69,783
783,320,69,784
783,318,69,785
781,318,69,785
792,487,1,689
793,550,1,650
788,581,0,631
788,594,0,623
790,513,0,673
770,318,69,785
770,307,69,791
768,304,69,793
766,302,69,794
765,300,69,795
774,459,1,706
775,514,1,672
777,541,1,656
783,534,0,660
766,324,69,782
768,327,69,780
770,325,69,781
770,327,69,780
772,327,68,780
772,327,68,780
772,331,69,778
772,333,69,777
774,327,69,780
775,329,69,779
777,329,69,779
775,333,69,777
779,333,69,777
779,327,69,780
779,327,69,780
779,325,69,781
779,324,69,782
779,324,69,782
779,320,69,783
775,320,69,784
775,316,69,786
775,313,69,788
774,311,69,789
774,309,69,790
772,309,69,790
781,468,1,701
783,523,1,667
783,554,1,648
783,567,1,640
770,327,69,780
768,327,69,780
772,331,69,778
772,333,69,777
774,334,69,776
775,333,69,777
775,331,69,778
775,327,68,780
777,329,68,779
777,324,69,782
777,313,69,788
775,315,69,787
763,291,68,799
761,288,69,801
761,324,69,782
761,324,69,782
763,325,69,781
766,327,68,780
770,329,68,779
770,333,69,777
772,334,69,776
772,334,69,776
772,334,69,776
775,334,69,776
774,334,69,776
775,334,69,776
775,334,69,776
775,334,69,776
777,334,69,776
777,334,69,776
779,334,69,776
779,333,69,777
777,331,69,778
775,327,69,780
777,327,69,780
775,320,69,783
772,320,69,784
770,316,69,786
772,313,69,788
768,309,69,790
768,307,69,791
766,307,69,791
772,460,1,705
774,513,0,673
775,541,0,655
799,547,0,652
792,349,68,768
797,352,69,766
788,340,69,773
783,333,69,777
779,331,69,778
775,331,69,778
774,329,69,779
774,331,68,778
774,331,68,778
772,331,68,778
772,333,68,777
772,331,68,778
772,334,68,776
774,336,68,775
775,338,68,774
774,338,69,774
774,336,69,775
775,342,69,772
777,338,69,774
777,336,69,775
777,343,69,771
779,345,69,770
781,345,69,770
779,347,69,769
781,347,69,769
781,347,68,769
781,347,68,769
783,347,68,769
784,352,68,766
784,352,69,766
786,352,69,766
788,352,69,766
788,352,69,766
788,352,69,766
790,352,69,766
790,352,69,766
790,351,69,767
790,351,69,767
792,349,69,768
793,349,69,768
790,343,69,771
790,342,68,772
788,338,68,774
788,336,69,775
788,334,69,776
786,333,69,777
784,331,69,778
792,498,1,682
795,559,1,644
790,590,1,625
797,540,0,657
797,545,1,653
799,340,69,773
799,338,69,774
802,338,69,774
784,408,1,735
770,327,69,780
770,327,68,780
770,329,68,779
772,331,68,778
772,329,68,779
774,331,68,778
775,334,68,776
775,336,69,775
777,336,69,775
779,338,69,774
779,338,69,774
779,340,69,773
783,342,69,772
783,343,69,771
784,345,69,770
784,345,69,770
786,347,69,769
788,349,68,768
784,349,68,768
788,349,68,768
790,351,68,767
792,351,69,767
793,352,69,766
792,351,69,767
793,351,69,767
795,351,69,767
795,349,69,768
793,347,69,769
793,345,69,770
793,343,69,771
793,342,69,772
793,340,69,773
793,336,69,775
792,333,68,777
790,331,68,778
790,329,69,779
790,327,69,780
788,324,69,782
788,320,69,784
784,320,69,783
784,320,69,784
781,316,69,786
779,315,69,787
779,313,68,788
799,552,1,649
790,552,1,649
784,550,1,650
784,550,1,650
770,318,68,785
770,318,68,785
770,320,69,784
770,324,69,782
772,324,69,782
772,325,69,781
772,327,69,780
772,327,69,780
774,333,69,777
775,331,69,778
775,331,68,778
774,334,68,776
777,334,68,776
777,338,68,774
779,340,68,773
779,340,68,773
779,342,69,772
781,343,69,771
781,347,69,769
786,347,69,769
788,347,69,769
788,349,69,768
790,351,69,767
790,351,69,767
792,351,69,767
792,352,69,766
793,351,68,767
793,351,68,767
793,351,68,767
795,351,68,767
797,352,69,766
797,349,69,768
797,349,69,768
797,349,69,768
797,347,69,769
797,345,69,770
795,342,69,772
797,340,69,773
797,338,69,774
797,336,69,775
797,334,69,776
793,331,69,778
792,333,68,777
790,334,68,776
788,333,69,777
788,311,68,789
788,311,68,789
790,316,68,786
797,320,68,784
801,320,68,783
786,397,0,741
788,475,0,696
788,500,1,681
757,291,69,799
765,446,1,713
788,545,0,653
766,313,68,788
766,315,69,787
766,320,69,784
766,320,69,783
770,320,69,784
770,320,69,784
772,324,69,782
772,324,69,782
772,320,69,784
772,320,69,783
761,320,69,784
761,320,69,783
763,324,69,782
763,320,69,783
765,325,69,781
770,329,68,779
768,331,69,778
770,331,68,778
770,329,68,779
770,327,69,780
770,331,69,778
770,333,69,777
774,333,69,777
775,333,69,777
775,331,69,778
779,331,69,778
779,333,69,777
779,333,69,777
779,331,69,778
779,329,69,779
777,327,69,780
775,320,69,783
774,320,69,784
772,318,69,785
772,316,69,786
772,315,69,787
772,313,69,788
770,311,69,789
766,309,69,790
775,460,1,705
777,518,1,670
777,547,1,652
775,561,1,643
799,540,1,657
793,331,69,778
797,333,69,777
788,324,69,782
786,451,0,710
784,504,0,679
783,520,0,669
775,316,68,786
772,311,68,789
768,311,68,789
766,311,68,789
766,311,68,789
765,313,68,788
765,313,68,788
768,315,69,787
766,315,69,787
765,316,69,786
766,316,69,786
765,318,69,785
766,316,69,786
766,318,68,785
768,320,68,784
768,320,68,783
770,320,68,783
772,324,68,782
770,324,68,782
772,327,68,780
772,329,68,779
774,329,68,779
772,331,69,778
775,333,69,777
777,336,69,775
779,336,69,775
779,338,69,774
779,336,69,775
781,334,69,776
781,338,69,774
783,340,69,773
783,340,69,773
783,342,69,772
784,342,69,772
784,342,68,772
784,342,68,772
786,343,69,771
788,342,69,772
788,342,69,772
788,340,69,773
788,340,69,773
788,336,69,775
788,334,69,776
788,333,69,777
788,333,69,777
786,329,69,779
784,325,69,781
784,320,69,783
781,320,68,784
783,320,68,784
781,318,69,785
781,318,69,785
779,316,69,786
786,468,1,700
788,527,1,665
790,556,1,647
788,570,1,638
772,324,69,782
774,324,69,782
772,327,69,780
775,324,69,782
775,325,68,781
775,325,68,781
775,325,68,781
775,327,68,780
777,327,68,780
779,333,68,777
779,329,68,779
779,333,68,777
779,333,69,777
783,333,69,777
781,331,69,778
784,334,69,776
784,334,69,776
784,336,69,775
783,333,69,777
784,334,69,776
788,338,68,774
786,336,68,775
788,338,68,774
788,338,68,774
788,338,68,774
788,338,68,774
790,338,69,774
790,336,69,775
777,320,68,783
774,324,68,782
774,320,68,783
775,320,68,784
772,320,68,784
774,320,69,784
772,320,69,783
772,324,69,782
774,324,69,782
772,327,69,780
775,324,69,782
775,325,68,781
775,325,68,781
775,325,68,781
775,327,68,780
777,327,68,780
779,333,68,777
779,329,68,779
779,333,68,777
779,333,69,777
783,333,69,777
781,331,69,778
784,334,69,776
784,334,69,776
784,336,69,775
783,333,69,777
784,334,69,776
788,338,68,774
786,336,68,775
788,338,68,774
788,338,68,774
788,338,68,774
788,338,68,774
790,338,69,774
790,336,69,775
790,333,69,777
788,331,69,778
788,329,69,779
788,325,69,781
788,324,69,782
784,320,69,784
784,318,69,785
781,315,69,787
786,471,0,698
792,529,0,663
793,558,0,645
784,397,0,741
784,486,0,690
786,513,0,673
770,320,69,784
770,320,69,783
772,320,69,784
772,320,69,784
772,320,68,783
774,325,68,781
774,331,68,778
774,329,68,779
777,329,68,779
779,331,68,778
779,334,68,776
781,334,68,776
781,334,69,776
781,334,69,776
784,336,69,775
784,338,69,774
784,338,69,774
784,340,69,773
786,340,69,773
786,340,69,773
786,338,69,774
788,340,69,773
788,340,68,773
788,338,68,774
774,315,68,787
775,311,69,789
772,313,69,788
772,313,69,788
772,313,69,788
772,313,69,788
772,315,69,787
772,315,68,787
774,316,68,786
772,318,68,785
774,320,68,784
772,320,68,784
772,320,68,783
774,324,68,782
774,324,68,782
775,327,69,780
775,327,69,780
777,331,69,778
790,336,69,775
790,338,69,774
793,342,69,772
790,343,69,771
795,343,69,771
793,347,69,769
797,349,69,768
801,351,68,767
799,351,68,767
802,352,68,766
804,351,68,767
804,352,69,766
810,352,69,766
810,352,69,766
811,352,69,766
808,352,69,766
811,352,69,766
811,351,69,767
815,351,69,767
815,351,69,767
815,347,69,769
815,347,68,769
815,345,68,770
815,343,68,771
811,340,68,773
811,338,69,774
811,336,69,775
811,333,69,777
810,333,69,777
808,333,69,777
808,333,69,777
811,329,69,779
772,313,69,788
772,313,69,788
772,313,69,788
772,313,69,788
772,315,69,787
772,315,68,787
774,316,68,786
772,318,68,785
774,320,68,784
772,320,68,784
772,320,68,783
774,324,68,782
774,324,68,782
775,327,69,780
775,327,69,780
777,331,69,778
790,336,69,775
790,338,69,774
793,342,69,772
790,343,69,771
795,343,69,771
793,347,69,769
797,349,69,768
801,351,68,767
799,351,68,767
802,352,68,766
804,351,68,767
804,352,69,766
810,352,69,766
810,352,69,766
811,352,69,766
808,352,69,766
811,352,69,766
811,351,69,767
815,351,69,767
815,351,69,767
815,347,69,769
815,347,68,769
815,345,68,770
815,343,68,771
811,340,68,773
811,338,69,774
811,336,69,775
811,333,69,777
810,333,69,777
808,333,69,777
808,333,69,777
811,329,69,779
806,327,69,780
788,313,68,788
790,360,1,762
797,468,1,700
799,327,69,780
797,325,69,781
797,320,68,783
793,320,68,783
790,324,68,782
790,324,68,782
799,327,68,780
797,327,68,780
793,327,68,780
792,327,68,780
792,329,68,779
793,331,68,778
792,336,69,775
793,338,69,774
793,340,69,773
797,342,69,772
797,345,68,770
797,345,68,770
797,345,68,770
799,345,68,770
801,345,68,770
799,345,68,770
799,347,68,769
801,349,68,768
804,352,68,766
802,354,68,765
802,356,69,764
811,360,69,762
813,360,69,762
813,361,69,761
811,360,69,762
815,360,69,762
813,360,68,762
815,360,68,762
815,360,68,762
813,361,68,761
815,363,68,760
819,361,68,761
817,361,68,761
822,363,68,760
824,363,69,760
824,363,69,760
824,361,69,761
824,361,69,761
820,360,69,762
824,360,69,762
822,360,69,762
824,358,69,763
826,356,68,764
826,354,68,765
826,351,68,767
824,349,68,768
824,345,68,770
820,343,68,771
817,342,69,772
813,338,69,774
811,334,69,776
808,333,69,777
808,331,69,778
810,331,69,778
806,333,68,777
802,331,68,778
804,333,69,777
810,329,69,779
808,327,69,780
810,324,68,782
806,320,68,783
802,320,68,784
802,316,68,786
799,315,69,787
795,311,69,789
793,309,69,790
793,307,69,791
792,307,69,791
790,306,69,792
786,306,68,792
786,304,68,793
784,304,68,793
784,297,68,796
783,297,68,796
781,297,68,796
779,293,68,798
779,293,68,798
779,293,69,798
777,293,69,798
775,289,69,800
775,289,69,800
775,289,68,800
775,288,68,801
772,288,68,801
772,288,68,801
772,286,68,802
770,288,68,801
770,289,68,800
770,288,68,801
766,288,68,801
766,288,68,801
768,289,69,800
768,293,69,798
763,295,69,797
763,297,69,796
765,297,68,796
766,302,68,794
766,304,68,793
766,306,68,792
768,307,68,791
770,309,68,790
770,311,68,789
772,315,68,787
772,318,68,785
772,320,68,784
775,320,69,783
775,325,69,781
781,327,69,780
781,329,69,779
784,331,69,778
784,334,69,776
784,334,68,776
786,334,68,776
786,338,68,774
788,340,68,773
790,343,68,771
793,345,68,770
793,351,68,767
797,351,68,767
801,352,69,766
804,351,69,767
806,349,69,768
806,354,69,765
806,354,69,765
808,354,69,765
808,356,69,764
811,358,69,763
811,360,68,762
815,361,68,761
817,363,68,760
815,363,68,760
817,361,68,761
817,363,68,760
819,363,69,760
819,361,69,761
820,361,69,761
820,361,69,761
824,360,69,762
820,360,69,762
824,354,69,765
820,354,69,765
824,351,69,767
822,349,69,768
824,349,68,768
820,347,68,769
817,343,68,771
817,342,68,772
811,338,68,774
810,338,69,774
790,360,1,762
797,468,1,700
799,327,69,780
797,325,69,781
797,320,68,783
793,320,68,783
790,324,68,782
790,324,68,782
799,327,68,780
797,327,68,780
793,327,68,780
792,327,68,780
792,329,68,779
793,331,68,778
792,336,69,775
793,338,69,774
793,340,69,773
797,342,69,772
797,345,68,770
797,345,68,770
797,345,68,770
799,345,68,770
801,345,68,770
799,345,68,770
799,347,68,769
801,349,68,768
804,352,68,766
802,354,68,765
802,356,69,764
811,360,69,762
813,360,69,762
813,361,69,761
811,360,69,762
815,360,69,762
813,360,68,762
815,360,68,762
815,360,68,762
813,361,68,761
815,363,68,760
819,361,68,761
817,361,68,761
822,363,68,760
824,363,69,760
824,363,69,760
824,361,69,761
824,361,69,761
820,360,69,762
824,360,69,762
822,360,69,762
824,358,69,763
826,356,68,764
826,354,68,765
826,351,68,767
824,349,68,768
824,345,68,770
820,343,68,771
817,342,69,772
813,338,69,774
811,334,69,776
808,333,69,777
808,331,69,778
810,331,69,778
806,333,68,777
802,331,68,778
804,333,69,777
810,329,69,779
808,327,69,780
810,324,68,782
806,320,68,783
802,320,68,784
802,316,68,786
799,315,69,787
795,311,69,789
793,309,69,790
793,307,69,791
792,307,69,791
790,306,69,792
786,306,68,792
786,304,68,793
784,304,68,793
784,297,68,796
783,297,68,796
781,297,68,796
779,293,68,798
779,293,68,798
779,293,69,798
777,293,69,798
775,289,69,800
775,289,69,800
775,289,68,800
775,288,68,801
772,288,68,801
772,288,68,801
772,286,68,802
770,288,68,801
770,289,68,800
770,288,68,801
766,288,68,801
766,288,68,801
768,289,69,800
768,293,69,798
763,295,69,797
763,297,69,796
765,297,68,796
766,302,68,794
766,304,68,793
766,306,68,792
768,307,68,791
770,309,68,790
770,311,68,789
772,315,68,787
772,318,68,785
772,320,68,784
775,320,69,783
775,325,69,781
781,327,69,780
781,329,69,779
784,331,69,778
784,334,69,776
784,334,68,776
786,334,68,776
786,338,68,774
788,340,68,773
790,343,68,771
793,345,68,770
793,351,68,767
797,351,68,767
801,352,69,766
804,351,69,767
806,349,69,768
806,354,69,765
806,354,69,765
808,354,69,765
808,356,69,764
811,358,69,763
811,360,68,762
815,361,68,761
817,363,68,760
815,363,68,760
817,361,68,761
817,363,68,760
819,363,69,760
819,361,69,761
820,361,69,761
820,361,69,761
824,360,69,762
820,360,69,762
824,354,69,765
820,354,69,765
824,351,69,767
822,349,69,768
824,349,68,768
820,347,68,769
817,343,68,771
817,342,68,772
811,338,68,774
810,338,69,774
790,313,68,788
788,313,68,788
788,315,68,787
788,315,68,787
788,394,0,743
792,480,0,693
795,513,1,673
793,527,1,664
793,324,68,782
788,320,68,784
788,320,68,784
790,320,68,784
790,318,68,785
788,324,68,782
790,324,68,782
790,324,68,782
790,325,68,781
790,327,68,780
790,331,68,778
792,333,68,777
793,334,69,776
793,338,69,774
797,340,69,773
797,342,69,772
797,342,69,772
799,345,69,770
801,347,68,769
802,343,68,771
802,349,68,768
804,347,68,769
806,352,68,766
806,352,68,766
808,356,68,764
811,356,68,764
811,356,69,764
811,360,69,762
815,360,69,762
815,363,69,760
817,363,69,760
819,367,69,758
820,365,69,759
820,365,69,759
822,361,69,761
824,358,69,763
819,356,68,764
817,356,68,764
819,358,68,763
820,360,68,762
824,358,69,763
822,354,69,765
820,352,69,766
826,351,69,767
820,347,69,769
820,345,69,770
820,345,69,770
819,343,69,771
820,340,69,773
817,338,69,774
817,336,69,775
815,334,69,776
813,333,69,777
810,331,68,778
811,333,68,777
811,331,69,778
811,325,69,781
788,315,68,787
788,315,68,787
788,394,0,743
792,480,0,693
795,513,1,673
793,527,1,664
793,324,68,782
788,320,68,784
788,320,68,784
790,320,68,784
790,318,68,785
788,324,68,782
790,324,68,782
790,324,68,782
790,325,68,781
790,327,68,780
790,331,68,778
792,333,68,777
793,334,69,776
793,338,69,774
797,340,69,773
797,342,69,772
797,342,69,772
799,345,69,770
801,347,68,769
802,343,68,771
802,349,68,768
804,347,68,769
806,352,68,766
806,352,68,766
808,356,68,764
811,356,68,764
811,356,69,764
811,360,69,762
815,360,69,762
815,363,69,760
817,363,69,760
819,367,69,758
820,365,69,759
820,365,69,759
822,361,69,761
824,358,69,763
819,356,68,764
817,356,68,764
819,358,68,763
820,360,68,762
824,358,69,763
822,354,69,765
820,352,69,766
826,351,69,767
820,347,69,769
820,345,69,770
820,345,69,770
819,343,69,771
820,340,69,773
817,338,69,774
817,336,69,775
815,334,69,776
813,333,69,777
810,331,68,778
811,333,68,777
811,331,69,778
811,325,69,781
790,318,68,785
783,318,68,785
793,466,0,702
795,325,68,781
790,324,69,782
788,320,69,783
790,324,69,782
788,320,69,783
788,324,68,782
786,324,68,782
790,320,68,783
792,325,68,781
790,329,68,779
792,331,68,778
792,334,68,776
793,336,68,775
797,338,68,774
797,340,68,773
795,345,69,770
799,345,69,770
802,345,69,770
802,347,69,769
802,351,69,767
806,352,69,766
806,356,69,764
811,356,69,764
811,358,69,763
810,358,69,763
815,354,68,765
811,351,68,767
811,352,68,766
811,351,68,767
817,352,69,766
817,354,69,765
817,354,69,765
819,354,69,765
817,354,69,765
820,356,69,764
817,356,69,764
819,352,69,766
820,351,69,767
820,349,69,768
817,349,69,768
815,343,69,771
815,343,69,771
817,342,69,772
815,342,69,772
815,338,69,774
813,336,69,775
815,334,69,776
811,331,69,778
811,329,69,779
808,329,69,779
808,327,69,780
808,325,69,781
806,320,69,783
801,320,69,783
802,320,69,783
802,320,69,783
793,466,0,702
795,325,68,781
790,324,69,782
788,320,69,783
790,324,69,782
788,320,69,783
788,324,68,782
786,324,68,782
790,320,68,783
792,325,68,781
790,329,68,779
792,331,68,778
792,334,68,776
793,336,68,775
797,338,68,774
797,340,68,773
795,345,69,770
799,345,69,770
802,345,69,770
802,347,69,769
802,351,69,767
806,352,69,766
806,356,69,764
811,356,69,764
811,358,69,763
810,358,69,763
815,354,68,765
811,351,68,767
811,352,68,766
811,351,68,767
817,352,69,766
817,354,69,765
817,354,69,765
819,354,69,765
817,354,69,765
820,356,69,764
817,356,69,764
819,352,69,766
820,351,69,767
820,349,69,768
817,349,69,768
815,343,69,771
815,343,69,771
817,342,69,772
815,342,69,772
815,338,69,774
813,336,69,775
815,334,69,776
811,331,69,778
811,329,69,779
808,329,69,779
808,327,69,780
808,325,69,781
806,320,69,783
801,320,69,783
802,320,69,783
802,320,69,783
793,327,68,780
797,333,68,777
795,334,68,776
799,334,68,776
799,333,69,777
795,327,69,780
799,325,69,781
797,324,69,782
793,320,68,783
793,320,68,783
795,320,68,783
792,320,68,783
793,320,68,783
792,320,68,784
793,320,68,783
790,320,68,784
793,320,68,784
793,320,68,784
793,320,69,784
793,318,69,785
790,320,69,784
792,324,69,782
793,325,69,781
793,324,69,782
793,329,69,779
793,333,69,777
797,336,68,775
799,340,68,773
799,336,68,775
801,340,68,773
802,340,68,773
802,340,68,773
802,340,68,773
804,340,69,773
806,340,69,773
806,338,69,774
806,338,69,774
806,338,69,774
804,340,69,773
806,338,69,774
808,338,69,774
806,336,69,775
806,334,69,776
806,334,68,776
806,333,68,777
806,331,68,778
804,327,68,780
806,325,69,781
804,324,69,782
799,320,69,783
802,324,69,782
802,320,69,783
795,334,68,776
799,334,68,776
799,333,69,777
795,327,69,780
799,325,69,781
797,324,69,782
793,320,68,783
793,320,68,783
795,320,68,783
792,320,68,783
793,320,68,783
792,320,68,784
793,320,68,783
790,320,68,784
793,320,68,784
793,320,68,784
793,320,69,784
793,318,69,785
790,320,69,784
792,324,69,782
793,325,69,781
793,324,69,782
793,329,69,779
793,333,69,777
797,336,68,775
799,340,68,773
799,336,68,775
801,340,68,773
802,340,68,773
802,340,68,773
802,340,68,773
804,340,69,773
806,340,69,773
806,338,69,774
806,338,69,774
806,338,69,774
804,340,69,773
806,338,69,774
808,338,69,774
806,336,69,775
806,334,69,776
806,334,68,776
806,333,68,777
806,331,68,778
804,327,68,780
806,325,69,781
804,324,69,782
799,320,69,783
802,324,69,782
802,320,69,783
802,320,69,784
799,523,0,667
799,327,69,780
793,320,69,784
793,318,69,785
790,316,69,786
790,316,68,786
790,318,68,785
790,320,68,784
793,320,68,784
792,316,68,786
790,318,68,785
790,318,68,785
788,318,68,785
788,320,68,784
788,324,68,782
790,325,69,781
792,325,69,781
792,331,69,778
793,331,69,778
795,331,69,778
795,334,69,776
793,333,68,777
797,334,69,776
795,334,68,776
797,336,68,775
801,334,68,776
801,340,68,773
799,340,68,773
802,342,68,772
802,342,69,772
802,340,69,773
802,340,69,773
806,340,69,773
806,340,69,773
802,340,69,773
806,340,69,773
804,340,69,773
806,338,69,774
806,338,68,774
802,338,68,774
806,338,68,774
806,338,68,774
806,338,68,774
808,340,68,773
806,338,69,774
806,336,69,775
808,334,69,776
808,334,69,776
808,334,69,776
802,334,69,776
802,334,69,776
804,333,69,777
806,331,69,778
804,329,69,779
802,327,68,780
802,327,68,780
799,325,68,781
799,325,68,781
802,327,69,780
802,327,69,780
802,325,69,781
799,523,0,667
799,327,69,780
793,320,69,784
793,318,69,785
790,316,69,786
790,316,68,786
790,318,68,785
790,320,68,784
793,320,68,784
792,316,68,786
790,318,68,785
790,318,68,785
788,318,68,785
788,320,68,784
788,324,68,782
790,325,69,781
792,325,69,781
792,331,69,778
793,331,69,778
795,331,69,778
795,334,69,776
793,333,68,777
797,334,69,776
795,334,68,776
797,336,68,775
801,334,68,776
801,340,68,773
799,340,68,773
802,342,68,772
802,342,69,772
802,340,69,773
802,340,69,773
806,340,69,773
806,340,69,773
802,340,69,773
806,340,69,773
804,340,69,773
806,338,69,774
806,338,68,774
802,338,68,774
806,338,68,774
806,338,68,774
806,338,68,774
808,340,68,773
806,338,69,774
806,336,69,775
808,334,69,776
808,334,69,776
808,334,69,776
802,334,69,776
802,334,69,776
804,333,69,777
806,331,69,778
804,329,69,779
802,327,68,780
802,327,68,780
799,325,68,781
799,325,68,781
802,327,69,780
802,327,69,780
802,325,69,781
797,507,0,677
799,522,0,668
799,333,68,777
795,325,68,781
790,324,68,782
790,383,1,749
788,482,1,692
799,514,1,672
799,333,68,777
797,329,68,779
793,329,68,779
793,329,68,779
793,329,68,779
790,329,68,779
792,331,68,778
790,329,68,779
790,331,68,778
790,331,68,778
790,333,69,777
790,336,69,775
790,333,69,777
793,334,69,776
790,334,69,776
795,338,69,774
793,338,69,774
797,334,69,776
797,340,68,773
797,338,68,774
799,340,68,773
797,343,68,771
795,345,68,770
801,347,68,769
801,347,69,769
802,347,69,769
802,349,69,768
802,351,69,767
806,352,69,766
808,354,69,765
808,354,69,765
810,354,69,765
811,354,69,765
811,356,69,764
811,354,69,765
811,356,69,764
815,356,69,764
815,354,68,765
813,354,68,765
815,354,68,765
815,354,68,765
815,352,68,766
817,351,69,767
815,347,69,769
817,347,69,769
815,343,69,771
815,342,69,772
815,340,69,773
813,336,69,775
811,334,69,776
808,334,69,776
804,331,68,778
804,331,68,778
806,333,68,777
790,435,1,720
793,477,1,695
795,495,1,684
797,507,0,677
790,316,68,786
784,311,68,789
781,307,68,791
779,306,68,792
775,306,68,792
775,306,68,792
775,307,68,791
775,307,68,791
775,306,68,792
775,307,69,791
775,309,69,790
775,311,69,789
775,313,69,788
775,315,68,787
777,318,68,785
777,320,69,784
779,320,68,783
777,320,68,783
781,325,68,781
781,324,68,782
783,325,68,781
781,325,68,781
784,329,68,779
784,329,68,779
784,331,69,778
784,333,69,777
783,334,69,776
790,336,69,775
790,336,69,775
792,338,69,774
793,338,68,774
792,342,68,772
797,342,68,772
795,345,68,770
797,345,68,770
797,345,68,770
799,347,68,769
801,349,68,768
801,351,69,767
802,349,69,768
806,349,69,768
808,349,69,768
806,352,69,766
808,351,69,767
810,351,69,767
811,351,69,767
810,349,68,768
811,349,68,768
811,349,68,768
810,349,68,768
810,345,68,770
810,342,68,772
810,340,69,773
810,336,69,775
808,334,69,776
808,331,69,778
808,331,69,778
806,331,69,778
808,329,69,779
808,329,68,779
806,327,68,780
795,514,0,672
784,325,68,781
783,324,68,782
781,320,68,784
779,324,68,782
779,324,69,782
779,320,69,784
783,324,69,782
783,325,69,781
784,325,68,781
783,325,68,781
783,329,68,779
786,329,68,779
788,331,68,778
786,331,68,778
790,333,68,777
788,334,68,776
790,336,68,775
792,334,68,776
790,334,69,776
790,342,69,772
793,343,69,771
797,345,69,770
801,345,69,770
799,347,68,769
797,572,68,636
799,563,69,642
802,568,69,639
806,567,69,640
806,570,69,638
806,572,69,637
808,572,69,637
808,572,69,637
810,572,69,636
808,572,68,637
811,572,68,636
811,570,68,638
811,572,68,637
810,570,68,638
811,568,68,639
811,565,69,641
811,563,69,642
813,561,69,643
811,559,69,644
808,558,69,645
808,558,69,645
811,558,69,646
808,556,69,647
810,554,69,648
808,552,68,649
808,550,68,650
806,550,68,650
808,550,68,650
808,550,68,650
808,549,68,651
797,540,68,657
793,540,68,657
790,540,68,657
790,538,68,658
790,538,69,658
792,536,69,659
786,534,69,660
786,534,69,660
784,532,68,661
784,534,68,660
786,536,68,659
784,538,68,658
784,541,68,656
786,541,68,655
788,541,68,655
786,541,68,655
788,543,68,654
788,541,68,656
788,545,69,653
790,550,69,650
792,550,69,650
790,552,69,649
792,552,69,649
792,554,69,648
797,559,69,644
797,559,69,644
799,561,68,643
801,563,68,642
799,565,68,641
802,568,68,639
802,568,68,639
802,568,68,639
804,572,69,637
808,572,69,636
806,572,69,636
808,572,69,636
811,572,69,636
811,574,69,635
813,574,69,635
815,574,69,635
815,574,69,635
815,572,69,637
817,572,69,637
817,570,69,638
815,568,68,639
815,568,68,639
817,568,69,639
817,567,69,640
819,563,69,642
813,559,69,644
815,558,69,645
810,558,69,646
811,556,69,647
810,552,69,649
810,550,69,650
806,547,69,652
806,545,69,653
808,543,69,654
808,543,69,654
810,543,68,654
808,543,69,654
808,541,69,656
799,745,69,527
802,541,68,656
806,541,68,655
802,538,68,658
801,538,68,658
797,538,68,658
792,534,68,660
792,534,68,660
790,534,68,660
788,532,69,661
790,532,69,661
788,536,69,659
786,536,69,659
786,538,68,658
784,538,69,658
788,541,68,656
786,541,68,655
783,545,68,653
784,549,68,651
786,549,68,651
784,550,68,650
790,554,68,648
790,558,68,646
793,558,69,645
795,561,69,643
797,563,69,642
797,565,69,641
802,568,69,639
799,568,69,639
801,572,69,637
802,572,69,637
808,568,69,639
808,572,69,637
810,576,68,634
810,577,69,633
811,577,68,633
811,572,68,636
813,572,69,637
811,572,69,637
811,561,69,643
813,559,69,644
811,558,69,646
810,556,69,647
811,552,69,649
811,547,69,652
810,545,69,653
808,545,69,653
806,543,69,654
811,541,69,656
806,541,69,655
802,540,69,657
801,541,69,656
802,540,69,657
802,538,69,658
799,536,69,659
799,534,69,660
799,531,69,662
799,531,69,662
802,529,69,663
795,527,69,665
797,527,69,664
802,527,69,664
802,529,69,663
799,531,68,662
797,527,68,664
790,527,69,664
788,525,69,666
784,522,69,668
784,518,69,670
781,516,69,671
779,514,69,672
775,516,69,671
781,516,69,671
779,513,68,673
775,514,68,672
772,514,68,672
772,516,68,671
774,516,68,671
770,516,68,671
772,520,68,669
772,520,69,669
775,520,69,669
775,525,69,666
779,531,69,662
779,532,69,661
779,532,69,661
779,534,69,660
781,538,69,658
781,540,69,657
783,541,69,655
784,545,68,653
786,547,68,652
786,550,68,650
788,549,68,651
788,549,69,651
790,549,69,651
790,552,69,649
793,552,69,649
793,552,69,649
793,552,69,649
793,552,69,649
797,552,69,649
797,550,69,650
797,549,69,651
797,547,68,652
799,545,68,653
797,543,68,654
795,541,68,656
793,538,69,658
793,536,69,659
795,538,69,658
797,540,69,657
797,538,69,658
788,529,0,663
790,675,0,571
793,729,1,537
799,754,1,522
788,549,68,651
792,552,68,649
790,556,68,647
793,558,68,645
792,559,69,644
792,563,69,642
795,567,69,640
797,567,69,640
799,567,69,640
797,568,69,639
799,567,68,640
802,570,69,638
801,572,68,636
802,576,68,634
802,579,68,632
804,579,68,632
808,574,68,635
806,583,68,630
811,585,69,629
811,585,69,628
811,585,69,628
811,586,69,627
815,590,69,625
815,590,69,625
817,590,69,625
820,594,69,623
822,597,69,621
820,595,69,622
824,597,68,621
824,595,68,622
824,590,68,625
826,588,68,626
826,586,69,627
826,586,69,627
824,586,69,627
826,577,69,633
831,572,69,636
826,572,69,637
824,568,69,639
824,567,69,640
822,561,69,643
820,561,69,643
817,558,69,645
817,556,68,647
813,554,68,648
811,550,68,650
777,531,68,662
775,532,68,661
775,532,68,661
774,534,68,660
772,532,68,661
783,532,69,661
783,534,69,660
781,534,69,660
783,538,69,658
783,541,68,656
784,543,68,654
784,547,68,652
788,549,68,651
790,554,68,648
790,556,68,647
792,558,68,645
792,559,68,644
793,561,68,643
793,565,68,641
793,568,69,639
797,570,69,638
799,570,69,638
801,574,69,635
801,576,69,634
802,577,69,633
802,581,69,631
806,585,69,629
808,585,68,628
808,586,68,627
813,588,68,626
813,590,68,625
817,590,68,625
817,577,68,633
817,585,69,629
822,585,69,628
820,583,69,630
820,585,69,628
824,588,69,626
826,588,69,626
826,594,69,623
824,595,69,622
828,595,69,622
826,588,69,626
826,588,68,626
826,588,68,626
828,588,68,626
828,588,68,626
829,586,69,627
829,586,69,627
829,585,69,628
831,585,69,629
829,583,69,630
829,581,69,631
826,579,69,632
826,577,69,633
826,572,69,636
822,568,69,639
820,563,68,642
799,545,68,653
797,545,68,653
795,547,68,652
797,547,68,652
788,541,68,655
795,538,69,658
790,532,69,661
793,531,69,662
790,529,69,663
793,527,68,664
790,525,68,666
788,523,68,667
781,522,68,668
775,518,68,670
777,516,68,671
779,516,68,671
781,511,68,674
779,513,68,673
781,513,68,673
779,513,68,673
779,514,69,672
779,513,69,673
772,513,69,673
779,514,69,672
779,514,69,672
781,516,69,671
779,518,69,670
781,522,69,668
781,520,69,669
781,522,69,668
781,520,68,669
781,520,68,669
779,522,68,668
779,520,68,669
779,520,69,669
779,520,69,669
779,522,69,668
781,522,69,668
779,522,69,668
779,522,69,668
784,523,69,667
783,523,69,667
783,523,69,667
784,523,69,667
784,523,69,667
781,523,69,667
784,522,68,668
784,520,68,669
784,520,69,669
781,518,69,670
783,516,69,671
781,516,69,671
781,516,69,671
786,675,1,571
792,727,1,538
795,754,1,522
797,768,1,512
790,540,68,657
783,534,68,660
777,531,68,662
772,516,68,671
768,511,68,674
763,509,69,676
757,522,69,668
757,525,69,666
757,527,69,664
759,531,69,662
761,534,69,660
761,536,69,659
763,538,69,658
763,540,69,657
766,541,68,656
766,541,68,655
766,545,69,653
766,545,68,653
770,547,68,652
770,543,68,654
770,541,68,655
770,541,69,656
772,541,69,656
772,543,69,654
772,543,69,654
772,547,69,652
774,547,69,652
775,547,69,652
775,549,69,651
777,545,69,653
775,541,69,655
775,541,68,656
775,538,68,658
772,534,68,660
775,534,68,660
772,531,69,662
770,527,69,664
768,525,69,666
766,522,69,668
766,520,69,669
763,514,69,672
770,671,1,574
772,729,1,537
770,757,0,519
772,774,0,509
768,534,68,660
766,536,68,659
768,534,68,660
766,536,68,659
766,538,69,658
766,541,69,656
770,541,69,655
770,543,69,654
770,545,69,653
772,547,69,652
770,547,69,652
774,550,68,650
772,552,68,649
772,552,68,649
774,556,68,647
775,558,68,646
779,558,68,645
777,558,68,645
777,559,68,644
779,561,69,643
779,559,69,644
781,563,69,642
781,563,69,642
783,563,69,642
784,567,69,640
784,568,69,639
784,568,69,639
788,570,69,638
788,568,69,639
790,570,68,638
790,570,68,638
790,570,68,638
790,563,68,642
792,563,69,642
792,563,69,642
792,565,69,641
793,561,69,643
793,559,69,644
793,558,69,646
792,556,69,647
790,552,69,649
790,547,69,652
788,536,69,659
783,531,69,662
783,527,69,665
781,522,68,668
775,516,68,671
774,518,69,670
772,514,69,672
770,511,69,674
777,676,1,570
779,741,1,530
779,774,1,509
779,784,1,503
774,522,68,668
770,518,68,670
770,518,68,670
766,518,68,670
766,520,68,669
766,520,69,669
763,520,69,669
765,523,69,667
763,525,69,666
763,527,69,665
763,527,69,664
761,531,68,662
763,531,68,662
763,534,68,660
765,538,68,658
766,541,68,656
766,541,68,656
766,543,68,654
766,545,68,653
770,550,69,650
772,550,69,650
772,552,69,649
772,556,69,647
774,556,69,647
775,556,69,647
777,558,69,646
777,558,69,646
779,558,69,646
779,558,69,645
779,558,68,646
779,558,68,646
781,558,68,646
783,558,68,645
783,552,69,649
784,549,69,651
784,543,69,654
779,538,69,658
779,532,69,661
775,527,69,664
775,523,69,667
772,520,69,669
772,516,68,671
770,511,68,674
775,687,0,564
777,752,0,523
777,786,0,501
799,559,68,644
799,532,68,661
797,531,68,662
781,604,0,616
761,513,68,673
759,518,68,670
759,514,69,672
766,520,69,669
766,518,69,670
765,513,69,673
763,511,69,674
763,509,68,675
766,675,0,571
768,741,0,530
768,768,0,512
763,541,68,655
761,541,69,656
763,540,69,657
763,540,69,657
763,538,69,658
765,540,69,657
765,538,69,658
759,520,68,669
765,696,1,558
772,761,1,517
777,795,1,496
759,529,68,663
763,540,69,657
765,541,69,655
766,543,69,654
766,543,69,654
766,543,69,654
765,540,69,657
766,538,68,658
766,540,68,657
766,538,68,658
768,538,69,658
766,534,69,660
766,532,69,661
763,529,69,663
766,529,69,663
765,529,69,663
765,527,69,665
765,525,69,666
763,523,69,667
761,522,69,668
761,518,69,670
765,685,0,565
766,739,0,531
766,768,1,512
766,784,1,502
759,534,69,660
757,529,68,663
759,532,68,661
759,536,68,659
763,536,68,659
763,538,68,658
763,536,68,659
763,538,69,658
763,541,69,656
763,540,69,657
765,538,69,658
766,538,69,658
763,532,69,661
763,532,69,661
765,531,69,662
766,529,69,663
766,525,69,666
766,523,69,667
759,527,69,664
757,532,69,661
761,534,69,660
763,532,68,661
763,534,68,660
763,536,68,659
763,538,68,658
763,534,69,660
763,536,69,659
765,536,69,659
766,538,69,658
766,536,69,659
766,534,69,660
766,534,69,660
765,532,69,661
763,527,69,664
757,513,69,673
763,684,1,566
766,750,1,524
766,783,1,504
797,770,1,511
799,772,1,510
790,775,1,508
783,777,1,507
783,775,1,508
784,777,1,507
763,541,69,656
766,538,69,658
763,540,69,657
766,538,69,658
766,541,69,656
766,543,69,654
768,545,69,653
770,540,69,657
768,538,68,658
768,540,68,657
768,532,68,661
770,531,68,662
770,527,68,664
766,527,68,664
766,525,69,666
768,525,69,666
768,525,69,666
766,520,69,669
752,496,68,683
759,664,0,578
761,727,0,539
763,763,1,516
790,761,0,517
763,540,68,657
759,509,68,675
763,684,0,566
765,754,1,521
765,784,1,502
784,770,0,511
761,536,69,659
761,538,69,658
763,538,69,658
763,540,69,657
765,540,69,657
766,541,69,656
766,540,69,657
766,541,69,656
768,540,68,657
770,540,68,657
768,538,68,658
766,538,68,658
770,538,68,658
770,534,68,660
770,532,69,661
768,527,69,664
761,509,69,676
761,507,69,677
757,505,69,678
763,676,0,570
765,748,0,525
765,779,0,506
765,793,0,497
757,527,69,664
757,531,69,662
761,531,68,662
759,532,68,661
761,532,68,661
761,529,68,663
763,527,68,664
763,527,68,665
763,527,69,665
763,527,69,665
765,525,69,666
765,523,69,667
765,525,69,666
766,527,69,664
766,527,69,665
766,527,69,665
765,527,69,665
766,523,69,667
766,522,69,668
765,523,69,667
766,518,69,670
766,520,68,669
766,518,68,670
765,514,69,672
766,513,69,673
761,525,69,666
763,527,69,664
761,527,69,665
761,525,69,666
761,527,69,665
763,527,68,665
763,531,69,662
763,527,68,664
763,529,68,663
763,527,69,664
761,514,69,672
761,513,69,673
765,545,69,653
766,543,69,654
766,545,69,653
768,545,68,653
770,545,68,653
770,547,68,652
770,545,68,653
770,543,68,654
770,543,68,654
768,541,69,656
770,540,69,657
770,538,69,658
768,534,69,660
766,534,69,660
768,532,69,661
770,531,69,662
766,527,69,664
766,527,68,664
765,525,68,666
763,525,68,666
761,522,68,668
763,522,68,668
757,529,69,663
759,534,68,660
761,532,68,661
761,538,68,658
766,534,69,660
766,534,69,660
766,534,69,660
766,532,69,661
766,532,69,661
766,532,69,661
766,531,69,662
766,529,69,663
768,527,68,664
766,523,68,667
797,768,0,512
797,768,0,512
797,770,0,511
783,774,1,509
766,540,69,657
768,541,69,655
770,541,68,655
770,543,68,654
772,545,68,653
772,543,68,654
774,543,68,654
772,541,68,655
774,545,69,653
775,541,69,655
775,543,69,654
777,541,69,655
775,540,69,657
777,538,69,658
775,534,69,660
775,529,69,663
772,527,69,665
772,522,69,668
772,518,69,670
770,514,69,672
757,527,69,665
754,529,68,663
761,531,68,662
763,532,68,661
763,534,68,660
766,536,69,659
766,538,69,658
766,540,69,657
768,541,69,656
768,541,69,656
770,541,69,656
772,540,69,657
772,540,69,657
770,540,69,657
774,540,69,657
774,541,68,656
775,541,69,655
775,540,68,657
775,540,68,657
774,538,69,658
775,534,69,660
774,531,69,662
774,527,69,664
772,525,69,666
772,522,69,668
770,520,69,669
770,516,69,671
766,514,69,672
766,513,69,673
759,527,68,665
761,527,68,664
761,525,68,666
763,529,68,663
763,534,68,660
766,529,68,663
766,532,68,661
766,536,68,659
766,534,69,660
766,536,69,659
766,534,69,660
770,534,69,660
770,534,69,660
770,532,69,661
770,532,69,661
770,531,69,662
770,531,68,662
770,532,68,661
770,531,68,662
770,527,68,664
768,527,68,665
770,525,68,666
766,522,69,668
761,502,69,680
759,498,69,682
793,761,1,517
793,770,1,511
799,774,1,509
797,781,0,505
783,783,0,504
777,784,0,503
761,529,69,663
761,527,69,665
763,527,68,664
763,531,68,662
763,534,68,660
765,527,68,664
765,529,68,663
763,531,68,662
765,531,69,662
765,527,69,664
766,527,69,665
766,529,69,663
766,531,69,662
766,527,69,664
766,527,69,665
766,527,69,665
766,523,69,667
766,522,68,668
765,520,68,669
792,765,0,515
795,768,0,512
797,772,0,510
797,775,1,508
799,777,1,507
784,783,1,504
779,781,1,505
775,783,0,504
761,527,69,664
763,529,69,663
763,531,69,662
763,529,69,663
765,529,68,663
765,531,69,662
766,527,68,664
766,527,68,665
765,523,68,667
766,525,69,666
766,525,69,666
766,525,69,666
766,523,69,667
766,522,69,668
766,518,69,670
765,518,69,670
766,514,69,672
792,736,1,533
795,741,0,529
763,529,69,663
763,527,69,665
765,531,69,662
763,529,68,663
765,531,68,662
766,529,68,663
766,527,68,665
765,527,68,665
765,525,68,666
765,525,69,666
766,525,69,666
766,523,69,667
766,522,69,668
759,505,68,678
757,502,68,680
759,500,68,681
757,495,68,684
781,779,0,506
761,527,69,664
759,527,69,664
759,529,69,663
761,531,68,662
763,531,68,662
765,534,68,660
766,536,68,659
768,536,68,659
770,536,68,659
770,534,69,660
770,538,69,658
772,540,69,657
774,541,69,656
774,541,69,656
774,541,69,656
775,541,69,656
775,540,69,657
775,540,69,657
777,540,69,657
775,540,68,657
775,540,68,657
777,538,68,658
775,536,68,659
775,534,69,660
775,531,69,662
774,525,69,666
772,523,69,667
772,520,69,669
772,518,69,670
770,514,69,672
768,511,69,674
770,509,69,675
766,507,69,677
761,516,69,671
761,514,69,672
761,514,69,672
763,516,68,671
761,518,68,670
763,520,68,669
761,522,68,668
763,520,68,669
763,523,68,667
765,527,69,664
766,529,69,663
766,532,69,661
770,534,69,660
770,532,69,661
770,534,69,660
770,531,69,662
772,527,69,665
772,527,69,664
770,527,69,665
770,527,69,665
772,523,69,667
770,523,68,667
770,523,68,667
768,520,69,669
757,500,69,681
756,496,69,683
754,495,68,684
797,779,1,506
795,779,1,506
799,779,1,506
799,781,1,505
786,781,0,505
781,779,0,506
777,779,0,506
757,523,68,667
757,523,68,667
759,525,68,666
759,527,68,664
761,531,68,662
761,531,68,662
761,534,68,660
765,534,69,660
766,538,69,658
766,541,69,656
770,543,69,654
770,541,69,655
770,543,69,654
772,543,69,654
774,547,69,652
774,545,69,653
774,541,69,656
772,538,68,658
772,529,68,663
772,525,68,666
772,520,68,669
770,516,69,671
768,516,69,671
766,511,69,674
768,509,69,676
768,509,69,676
766,505,69,678
757,520,68,669
757,525,68,666
765,509,69,676
763,538,69,658
763,536,68,659
763,538,68,658
765,536,68,659
765,536,68,659
766,538,68,658
765,538,68,658
766,538,68,658
766,536,69,659
757,500,69,681
795,779,0,506
781,783,0,504
757,534,68,660
763,536,68,659
763,538,68,658
763,538,68,658
763,540,68,657
763,541,68,655
766,543,68,654
766,540,68,657
770,541,69,656
770,541,69,656
770,545,69,653
770,532,69,661
770,525,69,666
770,518,69,670
768,509,69,675
763,507,68,677
768,545,68,653
766,541,68,655
765,541,68,655
765,541,68,656
766,541,68,656
766,541,68,656
766,540,69,657
770,540,69,657
768,541,69,656
770,541,69,656
770,541,69,656
772,543,69,654
772,543,69,654
772,543,69,654
772,541,68,655
772,541,68,656
772,540,68,657
772,540,68,657
772,538,68,658
774,538,68,658
770,531,69,662
768,527,69,665
770,525,69,666
768,523,69,667
768,522,69,668
765,520,69,669
793,779,1,506
797,779,1,506
793,777,1,507
797,779,0,506
795,779,0,506
784,781,0,505
757,527,69,665
761,531,69,662
759,531,68,662
761,534,68,660
761,531,68,662
763,534,68,660
763,532,68,661
763,531,68,662
763,532,69,661
761,531,69,662
761,529,69,663
761,529,69,663
765,529,69,663
765,527,69,664
765,529,69,663
766,527,69,664
766,527,69,665
766,527,69,665
766,523,68,667
763,518,68,670
799,781,0,505
775,527,68,664
770,523,68,667
766,523,68,667
763,522,68,668
754,518,68,670
754,523,68,667
754,522,68,668
759,532,69,661
761,536,69,659
763,534,69,660
761,534,69,660
761,536,69,659
763,536,69,659
763,538,68,658
763,540,68,657
765,541,68,656
765,541,68,656
766,541,68,656
766,541,68,655
766,541,68,655
766,541,68,656
766,541,69,656
770,541,69,656
768,540,69,657
770,540,69,657
770,538,69,658
770,536,69,659
770,534,68,660
766,532,68,661
766,527,68,664
766,527,68,664
765,527,68,665
761,520,68,669
759,516,68,671
757,514,69,672
757,513,69,673
757,540,68,657
761,538,69,658
761,536,69,659
761,536,69,659
763,541,69,655
766,541,69,655
768,545,69,653
766,547,69,652
766,541,69,656
766,540,69,657
766,541,68,655
768,543,68,654
768,543,68,654
768,541,68,655
768,541,68,655
766,540,68,657
768,540,69,657
768,540,69,657
770,536,69,659
766,536,69,659
765,531,69,662
763,527,69,664
761,525,69,666
759,518,68,670
757,514,68,672
756,511,68,674
779,772,0,510
772,774,0,509
754,534,69,660
754,534,68,660
757,538,68,658
757,540,68,657
759,538,68,658
761,541,68,656
763,545,68,653
765,549,68,651
765,549,68,651
766,549,69,651
770,545,69,653
768,549,69,651
770,543,69,654
768,543,69,654
766,543,69,654
768,547,69,652
768,547,69,652
770,547,68,652
770,545,68,653
770,547,68,652
770,545,68,653
772,545,68,653
772,541,68,655
772,541,69,655
772,540,69,657
772,536,69,659
772,532,69,661
766,527,69,664
766,525,69,666
765,523,69,667
765,518,69,670
763,518,68,670
761,514,68,672
754,534,69,660
757,536,69,659
757,540,69,657
761,540,69,657
761,543,69,654
761,541,68,656
761,541,68,655
763,543,68,654
765,547,68,652
765,545,68,653
766,549,68,651
766,547,68,652
766,547,68,652
768,550,69,650
768,550,69,650
770,547,69,652
768,547,69,652
770,543,69,654
770,543,69,654
770,545,69,653
770,543,68,654
770,543,68,654
770,543,68,654
772,541,68,655
770,541,68,656
770,538,68,658
770,536,68,659
770,532,69,661
768,529,69,663
766,527,69,664
766,525,69,666
763,520,69,669
761,520,69,669
761,514,68,672
761,520,68,669
763,522,68,668
761,523,68,667
761,525,68,666
761,523,68,667
759,523,69,667
757,527,69,665
757,532,68,661
757,534,68,660
759,538,68,658
761,541,68,656
759,540,68,657
761,540,68,657
761,541,68,656
765,545,68,653
765,543,69,654
766,541,69,655
766,541,69,656
766,540,69,657
768,534,69,660
768,538,69,658
766,538,69,658
766,529,69,663
766,525,68,666
795,779,0,506
797,774,0,509
797,774,0,509
784,774,1,509
761,536,69,659
761,540,69,657
763,532,69,661
761,531,69,662
763,534,69,660
765,540,69,657
766,540,69,657
766,538,69,658
766,534,69,660
768,532,69,661
766,531,69,662
766,531,69,662
766,527,69,664
765,529,69,663
766,531,69,662
763,527,69,665
763,523,69,667
761,522,69,668
763,520,69,669
752,518,68,670
752,527,68,665
754,527,68,664
754,529,68,663
756,532,69,661
757,534,69,660
761,538,69,658
761,532,69,661
761,529,69,663
763,531,69,662
763,532,69,661
765,536,69,659
765,534,69,660
766,534,69,660
766,536,69,659
766,536,69,659
766,534,69,660
770,534,68,660
768,532,69,661
766,527,69,665
765,525,69,666
763,522,69,668
763,518,69,670
756,531,69,662
757,534,68,660
757,536,68,659
757,536,68,659
757,540,68,657
763,541,68,655
759,541,68,655
761,543,68,654
761,543,68,654
763,543,69,654
765,543,69,654
766,540,69,657
765,540,69,657
768,538,69,658
766,538,69,658
766,536,69,659
763,536,69,659
765,538,68,658
766,536,68,659
765,532,68,661
765,529,68,663
763,527,68,665
761,523,68,667
752,509,69,676
752,509,68,676
750,505,68,678
756,531,68,662
756,531,68,662
756,532,69,661
757,531,69,662
757,536,69,659
757,538,69,658
759,541,69,656
761,538,69,658
763,541,69,656
761,543,68,654
763,541,68,655
763,545,68,653
763,545,68,653
766,545,68,653
766,547,68,652
768,550,68,650
770,547,69,652
770,543,69,654
770,541,69,656
768,540,69,657
770,541,69,656
770,540,69,657
768,536,69,659
766,538,69,658
766,534,68,660
766,532,68,661
765,531,68,662
765,527,68,664
765,527,68,664
765,527,68,665
763,523,69,667
763,522,69,668
761,520,69,669
759,516,69,671
759,514,69,672
788,518,68,670
788,520,68,669
788,518,68,670
788,520,68,669
788,520,69,669
779,649,1,587
775,720,0,543
774,748,1,525
757,541,69,655
761,541,69,655
761,545,69,653
761,541,68,655
761,541,68,655
763,540,68,657
761,538,68,658
761,534,68,660
754,518,69,670
754,518,69,670
752,516,68,671
766,525,68,666
759,529,69,663
759,527,69,665
757,527,69,665
759,531,69,662
759,532,69,661
757,532,69,661
761,536,68,659
761,538,68,658
761,538,68,658
763,538,68,658
763,536,69,659
763,538,69,658
766,540,69,657
766,541,69,655
770,543,69,654
772,547,69,652
772,547,69,652
772,545,69,653
775,547,69,652
772,543,69,654
772,541,69,655
772,540,69,657
772,538,68,658
770,534,68,660
768,531,69,662
766,527,69,664
757,513,69,673
754,511,69,674
754,511,69,674
795,783,0,504
792,781,0,505
795,783,0,504
797,784,1,502
793,786,1,501
784,786,1,501
779,531,69,662
770,509,68,676
761,500,68,681
756,525,69,666
756,527,69,665
754,531,69,662
757,532,68,661
757,538,68,658
759,538,68,658
761,541,68,656
761,543,68,654
763,547,68,652
763,547,69,652
766,552,69,649
766,552,69,649
766,552,69,649
770,556,69,647
772,552,69,649
772,556,69,647
774,558,69,645
774,558,69,645
775,559,69,644
775,559,68,644
775,563,68,642
779,559,68,644
777,558,68,646
779,558,69,646
779,558,69,645
779,556,69,647
779,552,69,649
779,554,69,648
779,549,69,651
781,550,69,650
779,545,69,653
777,543,69,654
775,541,69,656
775,538,69,658
775,534,69,660
774,531,68,662
770,527,68,665
768,525,69,666
761,525,69,666
797,779,0,506
783,775,0,508
