795,660,68,581
795,676,68,570
793,705,68,552
806,727,68,538
810,745,68,527
808,757,68,519
804,768,68,512
806,775,68,508
808,781,68,505
810,783,69,504
811,784,69,502
815,792,69,498
817,799,69,494
824,797,68,495
826,797,68,495
824,799,68,494
824,797,68,495
822,799,68,494
824,801,68,493
831,801,68,492
833,801,68,492
837,801,69,492
840,802,69,491
847,801,69,492
842,801,69,492
842,799,68,494
842,795,69,496
844,795,68,496
837,786,68,501
833,772,68,510
831,770,68,511
829,774,68,509
824,768,68,512
829,768,69,512
831,768,69,513
833,768,69,513
826,768,69,513
824,766,69,514
822,766,69,514
822,765,68,515
820,763,68,516
817,761,68,517
815,759,68,518
817,756,68,520
822,759,68,518
820,757,69,519
820,754,69,521
822,754,69,521
820,754,69,521
813,756,69,520
774,581,69,631
779,653,69,585
790,673,69,573
793,678,69,569
781,680,69,568
777,678,69,569
743,561,68,643
761,567,68,640
772,570,68,638
781,651,68,586
788,673,68,573
786,671,68,574
777,675,68,571
777,680,69,568
781,676,69,570
783,687,69,564
784,694,69,559
775,577,68,633
774,574,68,635
754,576,68,634
774,644,68,591
786,669,68,575
783,675,68,572
772,687,69,563
774,678,69,569
775,675,69,571
772,567,68,640
777,572,68,637
781,576,68,634
783,657,68,583
774,669,68,575
795,685,68,565
804,678,69,569
810,671,69,574
811,678,69,569
806,678,69,569
786,662,69,579
752,567,68,640
752,558,69,645
752,565,69,641
756,648,69,589
761,667,69,576
766,669,69,575
770,685,69,565
786,684,69,566
808,669,69,575
815,689,68,562
820,669,69,575
822,678,68,569
826,684,68,566
828,684,69,566
824,682,69,567
802,673,69,573
797,669,69,575
779,639,69,594
784,655,68,584
772,682,68,567
772,676,68,570
775,685,68,565
779,702,68,555
781,698,68,557
783,702,69,555
777,567,69,640
784,572,68,636
788,576,68,634
783,577,68,633
777,631,68,599
795,667,68,576
802,669,68,575
797,685,68,565
779,676,68,570
779,694,69,559
781,687,69,563
811,689,69,562
819,685,69,565
815,691,69,561
797,700,69,556
790,689,68,562
820,693,68,560
828,685,68,565
831,696,68,558
829,680,68,568
811,675,68,571
792,655,68,584
788,676,69,570
777,691,69,561
795,689,69,562
811,675,69,571
817,682,69,567
815,682,69,567
745,565,68,641
743,561,69,643
748,572,69,636
774,633,69,598
792,671,69,574
799,675,69,571
808,687,69,564
815,687,69,563
761,637,68,596
765,649,69,588
768,685,69,565
772,667,69,576
775,669,69,575
779,680,69,568
781,684,69,566
788,689,69,562
820,682,69,567
815,678,69,569
770,550,69,650
757,570,69,638
752,574,69,635
759,666,69,577
765,653,69,585
777,685,69,565
802,671,69,574
811,707,69,551
806,702,68,555
788,707,68,551
790,691,68,561
790,696,68,558
793,703,69,553
795,698,69,557
797,698,69,557
799,691,69,561
799,705,69,552
811,712,69,548
831,712,69,548
838,716,69,545
842,712,69,548
844,718,69,544
847,712,68,548
846,712,68,548
824,698,69,557
811,675,69,571
829,669,69,575
842,669,69,575
842,675,69,572
763,628,68,601
781,664,69,578
793,675,69,571
793,687,69,563
783,702,69,554
779,687,69,563
799,707,69,551
815,703,68,553
824,696,68,558
819,718,68,544
829,723,68,541
833,718,68,544
837,723,68,541
828,712,69,548
806,702,69,554
829,694,69,559
842,709,69,550
840,712,69,548
846,712,69,548
846,703,68,553
846,714,68,546
849,716,68,545
855,707,68,551
856,714,68,547
855,702,68,554
855,707,69,551
842,709,69,550
822,702,69,555
817,698,69,557
817,694,69,559
750,556,68,647
748,565,68,641
752,631,68,599
759,667,68,576
766,675,68,571
790,691,68,561
808,691,69,561
819,702,69,555
817,698,69,557
797,698,69,557
801,720,69,543
828,729,69,537
838,732,68,535
844,721,68,542
849,718,68,544
849,723,68,541
837,730,68,536
820,727,68,539
819,725,69,540
820,723,69,541
820,711,69,549
831,714,69,547
851,732,69,535
860,723,69,541
862,723,69,541
862,725,69,540
853,714,68,546
849,720,68,543
858,709,68,550
860,716,68,545
847,720,69,543
828,712,69,548
824,711,69,549
824,705,69,552
824,696,69,558
820,687,69,563
820,694,69,559
833,678,69,569
844,676,69,570
853,682,69,567
847,676,68,570
865,676,68,570
867,673,69,573
867,671,69,574
824,675,68,571
822,687,68,564
813,693,68,560
795,689,68,562
817,702,68,555
831,712,68,548
842,703,68,553
826,705,68,552
808,714,69,546
808,718,69,544
810,723,69,541
811,729,69,537
813,712,69,548
815,727,69,539
815,743,68,528
817,745,68,527
817,745,68,527
811,732,68,535
811,750,68,524
811,729,68,537
811,750,69,524
815,752,69,523
826,723,69,541
842,741,69,530
856,727,69,538
862,720,69,543
856,741,69,530
860,723,69,541
855,730,68,536
846,734,68,534
846,725,68,540
847,712,68,548
837,709,69,550
748,572,68,637
747,572,68,636
745,574,68,635
750,667,68,576
768,676,68,570
779,684,69,566
792,687,69,564
808,694,69,559
815,694,69,559
824,711,69,549
826,687,69,564
824,703,69,553
817,714,69,546
799,691,69,561
795,700,68,556
793,691,68,561
793,691,68,561
793,696,68,558
793,691,69,561
808,700,69,556
820,687,69,563
824,685,69,565
820,685,69,565
799,666,69,577
747,554,68,648
754,554,68,648
765,558,68,645
772,567,68,640
781,666,68,577
795,687,68,563
797,700,69,556
804,702,69,555
802,691,69,561
790,709,69,550
793,705,69,552
793,714,69,547
797,718,69,544
799,721,68,542
801,718,68,544
802,709,68,550
804,723,68,541
819,721,68,542
829,725,69,540
833,718,69,544
829,723,69,541
838,721,69,542
840,723,69,541
837,714,69,546
833,714,69,546
824,712,69,548
817,714,69,546
824,714,69,546
835,712,68,548
835,703,68,553
838,703,69,553
822,702,69,555
835,698,69,557
835,691,69,561
831,691,69,561
815,682,69,567
810,684,69,566
772,648,69,589
784,675,69,571
793,694,69,559
797,693,69,560
806,703,69,553
811,714,69,546
811,716,69,545
802,714,69,547
799,723,68,541
811,727,69,539
828,725,68,540
835,718,68,544
828,727,69,539
824,721,69,542
838,736,69,533
846,729,69,537
844,720,69,543
838,707,69,551
820,707,69,551
817,698,69,557
811,675,69,571
808,675,69,571
743,561,68,643
745,565,68,641
745,563,68,642
754,612,68,611
779,662,68,580
788,673,68,573
784,680,69,568
779,678,69,569
802,707,69,551
799,714,69,546
797,698,69,557
788,682,69,567
784,694,68,559
784,698,68,557
784,702,68,555
799,705,68,552
808,709,68,550
810,696,68,558
802,709,69,550
797,702,69,554
799,707,69,551
815,702,69,555
820,702,69,554
822,702,69,554
824,694,69,559
817,694,69,559
802,685,68,565
799,689,68,562
795,678,68,569
815,655,69,584
824,640,69,593
815,646,69,590
797,662,69,580
793,671,69,574
792,680,68,568
793,689,68,562
790,698,68,557
788,703,68,553
788,712,68,548
788,718,68,544
790,727,68,539
793,736,69,533
797,747,69,526
799,756,69,520
799,766,69,514
804,770,69,511
806,779,68,506
808,786,68,501
808,793,68,497
811,801,68,492
813,808,68,488
833,815,68,484
851,824,68,478
856,831,69,474
862,835,69,471
864,840,69,468
847,847,69,464
829,835,69,471
860,851,69,462
869,856,68,459
869,860,68,456
869,865,68,453
862,865,68,453
871,867,68,452
874,867,68,452
878,867,69,452
871,867,69,452
851,860,69,456
844,856,69,459
856,855,69,460
869,856,69,459
871,855,68,460
860,844,68,466
840,837,68,470
835,837,68,470
833,831,68,474
831,826,68,477
844,822,69,479
862,815,69,484
869,815,69,484
864,817,69,483
842,813,69,485
853,808,69,488
844,666,69,577
846,662,68,579
842,671,68,574
826,675,68,571
808,678,68,569
842,680,68,568
853,689,68,562
846,691,68,561
844,694,68,559
855,702,68,555
851,707,68,551
838,712,69,548
817,718,69,544
815,723,69,541
813,729,69,537
813,736,68,533
829,741,68,530
853,747,68,526
862,754,68,522
860,763,68,516
865,772,68,510
869,777,68,507
860,783,68,504
833,783,69,504
860,786,69,501
873,788,69,500
876,795,69,496
880,799,69,494
880,801,69,492
871,799,68,494
846,806,68,489
840,801,68,493
838,810,68,487
846,813,68,485
876,815,68,484
887,815,69,484
891,815,69,484
882,813,69,485
853,813,69,485
876,811,69,486
887,808,69,488
891,804,69,490
891,799,69,494
892,792,69,498
880,784,69,502
851,779,68,506
844,770,69,511
842,766,69,514
842,761,69,517
840,756,69,520
838,752,69,523
838,748,69,525
838,745,69,527
837,741,69,529
835,741,69,530
864,741,69,529
874,747,69,526
878,745,69,527
790,626,68,602
788,635,68,597
788,642,68,592
790,651,68,586
788,662,68,579
788,671,68,574
790,676,68,570
788,687,68,564
790,696,69,558
829,705,69,552
844,711,69,549
851,716,69,545
847,723,69,541
835,729,69,537
819,736,68,533
817,743,68,528
817,754,68,522
819,757,68,519
819,765,68,515
820,770,68,511
820,777,69,507
824,784,69,503
826,788,69,500
826,797,69,495
828,801,69,493
828,804,69,490
829,808,69,488
831,811,69,486
831,815,69,484
833,817,69,482
853,817,68,482
871,817,68,482
874,817,69,482
860,817,69,483
874,815,69,484
878,815,69,484
883,811,69,486
860,806,69,489
847,801,69,492
878,795,69,496
887,788,69,500
889,784,69,502
883,779,69,506
853,772,69,510
846,768,69,513
844,763,69,516
842,759,69,518
842,754,69,521
869,754,69,521
878,754,69,521
878,754,69,521
860,754,69,521
808,653,69,585
790,664,68,578
790,675,68,571
792,684,68,566
795,687,68,563
799,694,68,559
802,698,68,557
804,703,69,553
808,711,69,549
811,718,69,544
813,725,69,540
815,732,69,535
819,739,69,531
820,745,68,527
820,754,69,522
822,761,68,517
826,766,68,514
828,770,68,511
829,779,68,506
837,784,69,503
867,790,69,499
878,795,69,496
874,801,69,492
853,806,69,489
847,810,69,487
847,813,69,485
853,810,69,487
882,815,69,484
892,817,69,482
887,817,68,482
896,817,68,482
900,817,69,482
889,819,69,481
864,817,69,482
860,817,69,482
856,815,69,484
856,808,69,488
855,801,69,492
853,792,69,498
853,790,69,499
885,786,69,501
896,784,68,503
891,779,68,506
865,781,69,505
856,779,69,506
851,777,69,507
860,777,69,507
874,775,69,508
874,772,69,510
849,626,69,602
847,642,69,592
842,649,69,587
817,658,69,582
822,667,69,576
851,676,69,570
860,684,68,566
864,689,68,562
871,700,68,556
869,705,68,552
869,712,68,548
862,718,68,544
867,723,69,541
871,730,69,536
860,741,69,530
835,743,69,528
829,748,69,525
828,754,69,521
826,761,68,517
826,768,68,512
828,774,68,509
829,779,68,506
829,784,68,502
829,788,68,500
835,795,69,496
865,801,69,493
874,804,69,490
871,810,69,487
847,813,69,485
842,815,69,484
869,817,69,482
880,817,68,482
882,820,68,480
878,820,68,480
887,820,68,480
889,819,68,481
878,819,68,481
853,817,69,482
846,817,69,483
844,815,69,484
842,811,69,486
842,808,69,488
874,804,69,490
882,801,69,492
883,797,69,495
878,792,68,498
853,788,68,500
844,784,68,502
842,784,68,503
840,783,69,504
835,779,69,506
862,779,69,506
880,775,69,508
833,698,69,557
822,698,68,557
844,698,68,557
844,698,68,557
846,696,68,558
838,694,68,559
837,700,68,556
840,694,68,559
842,694,68,559
851,698,69,557
855,694,69,559
862,700,69,556
860,707,69,551
856,711,68,549
858,712,68,548
849,716,68,545
822,721,68,542
817,729,68,537
815,734,68,534
815,739,68,531
817,748,68,525
819,754,69,521
820,759,69,518
822,766,69,514
824,772,69,510
826,777,69,507
826,783,69,504
829,786,68,501
851,793,68,497
865,799,68,494
871,806,68,489
874,808,68,488
865,811,68,486
874,815,69,484
880,820,69,480
871,822,69,479
873,826,69,477
883,829,69,475
887,831,69,474
889,833,69,473
894,833,69,473
896,833,68,473
896,831,68,474
896,831,68,474
882,831,68,474
878,828,69,476
889,826,69,477
891,824,69,478
885,820,69,480
862,817,69,483
855,813,69,485
880,808,69,488
892,801,69,492
896,799,68,494
883,792,68,498
856,784,68,503
851,779,68,506
847,775,69,508
842,775,69,508
838,775,69,508
867,775,69,508
837,696,68,558
842,698,68,557
837,698,68,557
802,702,68,554
797,705,68,552
797,709,68,550
799,709,68,550
829,702,68,554
840,700,69,556
846,702,69,554
851,702,69,554
855,703,69,553
858,709,68,550
847,712,68,548
824,716,68,545
817,721,68,542
856,730,68,536
864,741,68,530
862,748,68,525
835,754,68,522
829,754,69,521
829,756,69,520
831,757,69,519
833,761,69,517
835,766,68,514
833,770,68,511
851,775,68,508
873,783,68,504
882,788,68,500
876,792,68,498
853,797,68,495
844,799,68,494
842,801,69,492
844,804,69,490
844,806,69,489
844,808,69,488
871,813,69,485
889,815,69,484
896,815,68,484
885,817,68,482
874,817,68,482
856,817,68,482
853,817,68,482
851,815,68,484
851,815,69,484
851,811,69,486
851,808,69,488
871,804,69,490
876,801,69,493
880,799,69,494
871,793,68,497
860,792,69,498
882,788,68,500
882,788,68,500
883,786,68,501
878,786,68,501
860,788,69,500
856,788,69,500
876,792,69,498
896,792,69,498
837,734,68,534
817,734,68,534
810,734,68,534
829,734,68,534
837,736,68,533
855,738,68,532
862,739,68,531
851,741,68,530
851,743,68,528
851,745,68,527
842,747,69,526
824,748,69,525
817,747,68,526
817,741,68,529
815,741,68,530
815,741,68,530
817,741,68,529
819,743,68,528
822,748,68,525
824,752,68,523
824,761,68,517
828,763,68,516
829,770,69,511
831,772,69,510
833,775,69,508
835,779,69,506
838,783,69,504
838,784,68,502
838,786,68,501
856,792,68,498
869,799,68,494
856,806,68,489
853,810,68,487
864,808,68,488
878,806,68,489
862,808,69,488
851,811,69,486
847,815,69,484
869,817,69,482
878,815,68,484
883,815,69,484
880,817,68,482
887,815,68,484
889,815,68,484
885,815,68,484
856,815,68,484
851,815,68,484
851,815,69,484
849,811,69,486
849,810,69,487
853,808,69,488
885,804,69,490
896,801,69,492
889,799,68,494
860,797,68,495
853,797,68,495
851,792,68,498
851,788,68,500
856,786,68,501
883,784,69,502
896,784,69,502
900,781,69,505
896,775,69,508
867,772,69,510
856,770,69,511
853,768,68,513
849,766,68,514
844,765,68,515
844,763,68,516
844,763,68,516
842,763,68,516
833,747,68,526
833,747,68,526
833,745,68,527
833,743,68,528
851,743,68,528
873,743,68,528
882,741,68,529
874,741,68,529
880,741,68,529
883,741,69,530
856,739,68,531
846,739,68,531
842,739,68,531
838,739,68,531
835,741,68,529
844,747,68,526
869,750,68,524
874,752,68,523
874,754,68,522
874,754,68,521
871,754,69,521
876,750,69,524
874,750,68,524
880,747,68,526
883,747,68,526
882,748,68,525
883,750,68,524
885,754,68,522
887,754,68,521
883,757,68,519
855,761,68,517
842,763,68,516
838,770,69,511
838,774,69,509
838,777,69,507
838,783,69,504
840,786,68,501
842,786,68,501
842,792,68,498
844,801,68,493
846,804,68,490
878,804,68,490
887,806,68,489
887,810,68,487
883,813,69,485
896,815,69,484
896,817,69,482
887,815,69,484
892,817,69,482
900,817,69,482
905,815,69,484
907,817,69,483
905,819,68,481
905,822,68,479
896,822,68,479
869,822,68,479
864,822,69,479
862,819,69,481
876,817,69,482
898,815,69,484
905,813,69,485
896,811,69,486
907,808,69,488
910,804,69,490
912,804,69,490
901,804,69,490
905,804,69,490
914,801,69,492
910,801,69,492
901,801,69,493
862,799,69,494
824,750,68,524
847,748,68,525
853,748,68,525
811,743,69,528
811,741,68,529
835,741,68,529
849,741,68,529
858,745,68,527
860,748,68,525
860,750,68,524
846,754,68,522
815,754,68,522
847,750,69,524
862,748,69,525
860,748,69,525
835,748,69,525
829,752,68,523
829,754,68,521
829,759,68,518
822,766,68,514
837,772,68,510
844,774,68,509
847,772,68,510
844,775,68,508
837,779,69,506
838,784,69,502
838,792,69,498
847,799,69,494
862,802,69,491
867,806,69,489
860,808,68,488
851,813,68,485
871,817,68,483
874,817,68,482
880,820,68,480
871,826,68,477
871,826,69,477
860,824,69,478
856,822,69,479
874,828,69,476
880,828,69,476
880,828,69,476
883,826,69,477
882,824,69,478
880,822,69,479
885,824,69,478
887,824,69,478
878,824,69,478
865,822,69,479
862,820,69,480
862,817,69,482
860,815,69,484
862,815,69,484
864,811,69,486
887,808,69,488
898,808,69,488
898,808,69,488
883,808,69,488
874,806,69,489
871,804,69,490
869,804,69,490
869,804,69,490
867,804,69,490
862,808,69,488
871,808,69,488
869,808,69,488
831,788,68,500
828,784,69,502
826,783,69,504
811,743,68,528
810,741,68,529
822,741,68,529
838,745,68,527
838,748,68,525
838,748,68,525
837,748,69,525
838,745,69,527
829,747,69,526
831,747,69,526
833,752,68,523
829,754,68,521
829,759,68,518
829,763,68,516
829,768,68,513
831,768,68,512
833,770,68,511
835,777,68,507
837,781,69,505
838,788,69,500
840,786,69,501
844,799,69,494
851,801,69,492
869,808,69,488
874,815,68,484
869,820,68,480
856,824,68,478
853,828,68,476
853,828,68,476
853,831,68,474
855,824,69,478
856,822,69,479
856,829,69,475
858,835,69,472
874,833,69,473
882,831,69,474
885,828,69,476
885,831,69,474
871,831,68,474
878,829,68,475
887,829,68,475
887,828,68,476
882,826,69,477
865,824,69,478
862,822,69,479
862,819,69,481
860,817,69,482
876,817,69,483
885,815,69,484
883,811,69,486
871,810,69,487
865,808,69,488
873,806,68,489
878,804,68,490
880,801,69,492
880,799,69,494
882,795,69,496
874,792,69,498
858,788,69,500
855,786,69,501
853,784,69,502
851,784,69,503
849,779,68,506
847,774,68,509
846,770,68,511
844,768,68,513
844,765,69,515
844,761,69,517
844,756,69,520
844,754,69,521
835,748,69,525
835,748,69,525
835,745,69,527
835,745,69,527
844,745,69,527
858,745,68,527
862,745,68,527
856,745,68,527
844,741,69,530
838,741,69,530
833,741,69,530
858,747,69,526
851,752,69,523
858,754,69,522
844,754,68,522
844,752,68,523
844,752,68,523
846,752,68,523
846,750,68,524
844,754,68,522
846,754,69,522
847,754,69,521
846,754,69,521
847,756,69,520
847,756,69,520
847,756,69,520
847,757,68,519
842,756,68,520
838,756,68,520
846,761,68,517
847,763,68,516
849,766,68,514
844,766,69,514
842,768,69,512
842,768,69,512
842,768,69,513
837,772,69,510
842,774,69,509
847,772,69,510
849,772,69,510
847,774,68,509
847,775,68,508
847,775,68,508
844,779,68,506
844,779,69,506
851,779,69,506
855,779,69,506
856,779,69,506
858,779,69,506
858,781,69,505
860,783,69,504
862,783,69,504
860,781,69,505
853,779,69,506
851,779,69,506
847,775,68,508
846,775,68,508
851,772,69,510
847,770,69,511
844,768,69,513
844,763,69,516
844,759,69,518
844,757,69,519
842,754,69,522
842,754,69,521
806,705,69,552
813,707,69,551
811,709,69,550
815,711,69,549
811,705,69,552
815,702,69,554
815,702,69,555
811,702,69,555
811,703,68,553
815,709,68,550
819,707,68,551
824,709,68,550
820,712,69,548
840,716,69,545
837,721,69,542
840,721,69,542
840,727,69,539
844,729,69,537
844,732,69,535
847,736,69,533
849,741,69,530
851,747,69,526
851,754,68,521
851,763,68,516
853,768,69,513
856,768,69,512
858,774,69,509
858,783,69,504
858,786,69,501
860,793,69,497
862,797,69,495
867,801,69,493
865,801,69,492
867,808,69,488
871,811,68,486
867,815,68,484
869,815,69,484
867,815,69,484
869,813,69,485
873,813,69,485
874,808,69,488
876,808,69,488
871,815,69,484
865,815,69,484
862,813,68,485
862,811,68,486
860,808,68,488
856,804,68,490
862,801,69,492
869,801,69,492
871,799,69,494
871,795,69,496
869,792,69,498
869,792,69,498
869,790,69,499
867,788,69,500
815,729,68,537
817,729,68,537
817,729,68,537
817,729,68,537
806,729,68,537
817,727,68,538
819,727,69,538
819,729,69,537
811,734,69,534
819,739,69,531
826,738,69,532
822,739,69,531
808,741,68,529
811,748,68,525
817,750,68,524
820,752,68,523
820,754,68,522
824,754,68,521
820,756,69,520
813,757,69,519
810,757,69,519
810,759,69,518
810,761,69,517
810,763,69,516
820,763,68,516
828,765,68,515
837,766,68,514
846,770,68,511
851,775,68,508
853,777,68,507
851,784,69,503
851,788,69,500
855,795,69,496
860,801,69,492
860,806,69,489
864,811,69,486
865,815,69,484
865,817,69,482
862,822,68,479
874,824,68,478
876,826,68,477
869,829,68,475
873,829,69,475
874,829,69,475
876,831,69,474
880,831,69,474
878,819,69,481
880,817,69,482
880,815,69,484
880,820,69,480
880,824,68,478
878,826,69,477
878,822,68,479
880,822,68,479
880,822,69,479
869,819,69,481
871,817,69,482
874,815,69,484
880,811,69,486
874,806,69,489
864,802,69,491
858,801,69,493
846,801,69,492
847,799,69,494
846,797,68,495
849,792,68,498
826,720,68,543
826,718,68,544
826,718,68,544
824,714,68,546
810,714,68,546
802,714,68,547
799,711,69,549
797,711,69,549
795,711,69,549
808,711,69,549
813,707,68,551
813,702,68,554
802,709,68,550
808,702,68,555
810,698,68,557
808,700,68,556
810,703,68,553
820,709,68,550
829,712,69,548
833,714,69,547
837,723,69,541
842,718,69,544
844,729,69,537
844,739,69,531
846,745,68,527
846,756,68,520
847,757,68,519
851,768,68,513
851,774,68,509
829,783,68,504
822,784,69,503
820,786,69,501
819,786,69,501
817,792,69,498
817,792,69,498
817,795,69,496
817,797,69,495
815,802,68,491
815,804,68,490
815,808,68,488
817,808,68,488
817,808,68,488
815,808,68,488
815,804,69,490
835,804,69,490
846,808,69,488
853,808,69,488
853,808,69,488
846,808,69,488
842,804,68,490
840,804,69,490
838,801,68,492
837,799,68,494
838,792,68,498
849,788,68,500
856,784,69,503
856,779,69,506
853,775,69,508
858,772,69,510
862,768,69,513
856,765,69,515
844,763,69,516
793,876,68,447
806,873,68,449
