718,644,5,591
721,703,5,553
727,711,5,549
730,556,69,647
723,540,69,657
720,538,69,658
718,538,69,658
718,653,5,585
721,712,5,548
725,709,5,550
727,709,5,550
721,561,69,643
721,558,69,646
721,556,69,647
720,559,69,644
720,558,69,646
720,559,69,644
720,558,69,645
721,559,69,644
721,558,69,645
720,558,69,645
720,558,69,645
721,556,69,647
721,556,69,647
721,558,69,646
718,554,69,648
720,552,69,649
718,552,69,649
718,644,5,591
721,703,5,553
727,711,5,549
730,556,69,647
723,540,69,657
720,538,69,658
718,538,69,658
718,653,5,585
721,712,5,548
725,709,5,550
727,709,5,550
730,651,69,586
723,531,69,662
718,532,69,661
716,639,5,594
721,703,5,553
727,711,5,549
727,707,5,551
727,705,5,552
729,705,5,552
725,525,69,666
718,518,69,670
718,637,5,595
721,700,5,556
727,707,5,551
729,712,5,548
723,527,69,664
716,541,5,655
718,666,5,577
723,709,5,550
727,703,5,553
729,707,5,551
721,527,69,665
716,628,5,601
721,567,69,640
721,559,69,644
721,563,69,642
721,558,69,646
720,556,69,647
718,558,69,645
718,594,5,623
720,673,5,573
725,711,5,549
730,597,69,621
725,545,69,653
721,543,69,654
718,552,69,649
716,640,5,593
720,694,5,559
725,714,5,546
727,714,5,547
729,583,69,630
721,541,69,656
718,613,5,610
721,698,5,557
720,567,69,640
720,574,69,635
721,572,69,637
718,570,69,638
721,570,69,638
721,572,69,636
718,567,69,640
718,559,69,644
718,559,69,644
721,666,5,577
727,709,5,550
729,552,69,649
723,547,69,652
718,552,69,649
718,651,5,586
723,703,5,553
727,711,5,549
729,709,69,550
723,545,69,653
718,594,5,623
720,678,5,569
725,712,5,548
727,712,5,548
729,622,69,605
721,536,69,659
716,619,5,607
725,559,69,644
729,565,69,641
729,568,69,639
718,594,5,623
721,675,5,571
725,711,5,549
727,714,5,547
729,563,69,642
721,552,69,649
720,552,69,649
718,549,69,651
718,640,5,593
720,676,5,570
725,707,5,551
729,666,69,577
725,549,69,651
718,552,69,649
718,658,5,582
723,714,5,546
729,714,5,547
727,549,69,651
718,549,69,651
721,547,69,652
720,554,69,648
720,570,69,638
721,572,69,637
730,565,69,641
723,559,69,644
720,558,69,646
718,558,69,646
718,655,5,584
723,707,5,551
727,712,5,548
721,558,69,646
721,714,5,546
725,716,5,545
729,716,5,545
725,549,69,651
718,543,69,654
718,671,5,574
721,718,5,544
725,714,5,547
729,714,5,547
725,536,69,659
721,561,69,643
721,559,69,644
721,556,69,647
718,558,69,645
721,559,69,644
721,556,69,647
721,558,69,646
721,558,69,646
720,558,69,646
718,554,69,648
718,552,69,649
718,657,5,583
721,714,5,546
725,716,5,545
729,716,5,545
725,549,69,651
718,543,69,654
718,671,5,574
721,718,5,544
725,714,5,547
729,714,5,547
725,536,69,659
716,597,5,621
720,702,5,555
723,714,5,546
725,707,5,551
725,709,5,550
725,709,5,550
725,707,5,551
725,709,5,550
725,707,5,551
725,707,5,551
727,707,5,551
725,703,5,553
725,707,5,551
723,698,5,557
729,725,69,540
727,572,69,636
723,572,69,637
721,680,5,568
727,720,5,543
727,572,69,637
725,570,69,638
721,570,69,638
720,567,69,640
718,567,69,640
718,568,69,639
718,567,69,640
720,664,5,578
725,714,5,546
727,720,5,543
727,567,69,640
721,559,69,644
718,552,69,649
718,649,5,587
721,696,5,558
727,711,5,549
729,550,69,650
721,550,69,650
718,549,69,651
718,651,5,586
721,707,5,551
727,718,5,544
729,556,69,647
721,545,69,653
718,545,69,653
718,655,5,584
721,570,69,638
721,568,69,639
721,570,69,638
721,568,69,639
730,567,69,640
730,565,69,641
730,567,69,640
727,565,69,641
725,563,69,642
725,565,69,641
718,664,5,578
725,707,5,551
730,572,69,637
725,554,69,648
721,554,69,648
721,556,69,647
720,558,69,646
718,558,69,646
718,630,5,600
720,669,5,575
725,709,5,550
727,712,5,548
727,565,69,641
721,558,69,646
720,554,69,648
718,558,69,646
725,689,5,562
730,572,69,636
725,561,69,643
725,563,69,642
725,576,69,634
725,570,69,638
723,565,69,641
723,565,69,641
721,563,69,642
721,565,69,641
721,563,69,642
720,563,69,642
720,561,69,643
718,637,5,595
721,678,5,569
725,709,5,550
729,714,5,547
725,559,69,644
721,558,69,645
721,559,69,644
718,558,69,645
716,644,5,591
721,682,5,567
729,565,69,641
727,568,69,639
725,572,69,637
725,574,69,635
732,576,69,634
736,439,101,718
720,574,69,635
725,565,69,641
721,567,69,640
721,563,69,642
720,554,69,648
718,552,69,649
718,653,5,585
725,682,5,567
730,649,69,587
727,716,5,545
730,592,69,624
725,558,69,645
720,561,69,643
718,640,5,593
721,671,5,574
725,718,5,544
729,716,5,545
730,574,69,635
723,558,69,645
720,559,69,644
718,561,69,643
718,662,5,580
721,716,5,545
727,716,5,545
729,608,69,614
727,565,69,641
723,563,69,642
721,563,69,642
720,565,69,641
718,565,69,641
725,702,5,554
729,559,69,644
721,552,69,649
718,550,69,650
727,714,5,546
727,554,69,648
718,547,69,652
718,651,5,586
725,714,5,546
729,723,5,541
725,561,69,643
720,559,69,644
720,558,69,645
718,563,69,642
720,658,5,582
727,716,5,545
729,559,69,644
725,554,69,648
721,559,69,644
721,563,69,642
718,561,69,643
720,658,5,582
727,714,5,546
727,554,69,648
718,547,69,652
718,651,5,586
725,714,5,546
730,576,69,634
718,545,69,653
718,694,5,559
725,711,5,549
729,712,69,548
725,541,69,655
720,543,69,654
718,626,5,602
718,680,5,568
725,711,5,549
729,711,5,549
727,543,69,654
718,540,69,657
714,646,5,590
718,709,5,550
723,714,5,547
727,709,5,550
729,678,69,569
723,538,69,658
716,606,5,615
718,671,5,574
723,711,5,549
727,714,5,546
729,568,69,639
721,536,69,659
730,723,69,541
725,561,69,643
718,568,5,639
721,700,5,556
729,720,5,543
727,559,69,644
721,558,69,646
718,558,69,646
716,640,5,593
727,727,5,539
730,588,69,626
723,547,69,652
718,556,69,647
716,651,5,586
721,714,5,546
725,718,5,544
729,718,5,544
727,549,69,651
721,541,69,655
716,631,5,599
718,702,5,555
725,714,5,546
730,626,69,602
723,538,69,658
718,541,69,655
720,658,5,582
725,707,5,551
727,707,5,551
727,538,69,658
721,531,69,662
714,631,5,599
716,702,5,555
721,712,5,548
725,709,5,550
727,705,5,552
729,550,69,650
721,520,69,669
712,635,5,597
730,581,69,631
727,570,69,638
725,572,69,637
723,574,69,635
723,572,69,636
718,558,69,646
718,644,5,591
721,685,5,565
727,714,5,546
729,563,69,642
721,549,69,651
718,549,69,651
718,642,5,592
721,703,5,553
729,714,5,546
723,714,5,547
729,714,5,546
736,698,1,557
736,714,1,546
734,588,69,626
727,612,1,612
734,682,1,567
736,631,69,599
727,588,1,626
734,673,1,573
738,702,1,554
727,568,69,639
730,644,1,591
736,615,69,609
727,568,68,639
729,617,1,608
736,675,0,571
730,570,68,638
729,568,68,639
727,570,68,638
732,637,0,595
738,666,69,577
730,568,69,639
727,568,69,639
729,642,1,592
734,685,1,565
736,703,1,553
736,714,1,547
736,721,1,542
736,725,1,540
738,723,1,541
736,657,1,583
729,514,69,672
725,585,0,629
734,678,0,569
730,576,68,634
730,574,68,635
729,574,68,635
727,577,69,633
727,576,69,634
727,576,69,634
727,577,69,633
727,583,69,630
727,585,1,629
734,684,1,566
734,577,69,633
730,568,69,639
729,572,69,637
729,572,69,637
727,572,69,637
727,576,1,634
734,675,1,572
738,714,1,546
732,563,69,642
729,559,68,644
730,615,0,609
736,671,0,574
734,567,68,640
729,554,69,648
729,606,1,615
734,664,1,578
738,693,1,560
730,558,69,646
727,554,69,648
729,619,1,607
736,671,1,574
732,554,69,648
727,547,69,652
729,626,1,602
734,666,1,577
736,684,1,566
738,694,1,559
732,649,1,588
736,685,1,565
730,576,69,634
727,572,1,637
732,660,1,581
736,689,1,562
734,585,69,628
727,577,1,633
736,664,1,578
730,574,69,635
729,572,68,637
730,595,0,622
738,675,1,572
730,572,69,636
727,570,69,638
734,648,1,589
734,572,69,637
729,567,69,640
727,565,1,641
730,646,1,590
736,682,1,567
730,561,69,643
727,577,1,633
730,651,1,586
736,684,1,566
736,702,1,554
738,714,1,546
727,554,1,648
730,639,1,594
736,675,1,571
732,558,69,645
727,585,1,628
730,657,0,583
734,684,1,566
738,700,1,556
729,549,69,651
736,662,1,580
730,577,69,633
729,576,69,634
730,574,68,635
734,633,0,598
732,574,68,635
730,570,68,638
730,572,68,637
730,572,68,637
727,577,0,633
739,577,68,633
738,567,68,640
736,563,68,642
734,563,69,642
734,567,69,640
732,568,69,639
727,570,69,638
736,649,1,587
730,570,69,638
727,563,69,642
736,649,1,587
732,565,69,641
729,567,69,640
727,570,69,638
736,666,1,577
736,608,69,614
730,534,69,660
729,579,1,632
734,649,1,588
736,709,0,550
732,581,68,631
727,574,68,635
730,635,1,597
736,680,1,568
734,588,69,626
727,577,69,633
730,608,1,614
736,680,1,568
734,585,69,628
727,572,69,636
727,588,1,626
734,667,1,576
734,604,69,616
736,703,1,553
734,576,69,634
727,567,69,640
734,664,1,578
734,568,69,639
727,565,69,641
734,639,1,594
734,585,69,629
730,568,69,639
727,574,1,635
734,664,1,578
727,547,69,652
736,646,1,590
727,538,69,658
727,543,69,654
734,648,0,589
734,547,68,652
730,541,68,655
732,541,68,656
729,540,68,657
727,540,68,657
727,540,68,657
730,606,0,615
736,610,68,613
730,529,68,663
729,545,0,653
732,633,0,598
736,666,1,577
730,563,69,642
727,561,1,643
736,653,1,585
732,552,69,649
727,559,1,644
736,653,1,585
730,556,69,647
729,590,1,625
738,685,1,565
727,541,69,656
730,624,1,604
736,673,1,573
732,538,69,658
727,561,1,643
734,642,1,592
732,540,69,657
727,558,1,645
734,637,1,596
736,667,1,576
736,558,69,645
725,543,1,654
730,624,1,604
734,655,1,584
734,678,1,569
736,711,1,549
736,720,1,543
736,720,1,543
736,718,1,544
736,716,1,545
736,716,1,545
738,657,69,583
730,563,69,642
730,563,69,642
730,606,1,615
730,576,69,634
727,568,69,639
736,590,69,625
729,558,68,645
729,572,0,636
738,662,68,580
729,568,68,639
734,622,0,605
734,574,68,635
727,559,1,644
736,666,1,577
729,559,69,644
730,599,1,620
738,599,69,620
727,547,69,652
732,624,1,604
734,563,69,642
730,594,1,623
736,608,69,614
727,550,1,650
736,646,1,590
730,545,69,653
729,561,1,643
736,649,0,587
732,549,68,651
727,550,0,650
734,642,0,592
736,561,68,643
727,540,68,657
732,624,1,604
736,671,1,574
738,687,1,563
727,534,1,660
736,671,1,574
734,572,69,637
729,563,69,642
727,559,69,644
727,558,1,646
734,644,1,591
736,612,69,612
727,552,69,649
730,637,1,595
738,698,1,557
729,547,69,652
730,610,1,613
738,662,1,579
729,545,69,653
730,608,1,614
736,651,1,586
738,696,0,558
736,694,1,559
736,687,0,563
736,682,1,567
736,675,0,571
736,675,0,571
736,675,1,572
736,673,1,573
736,673,1,573
736,655,1,584
736,649,1,587
736,648,1,589
736,655,1,584
736,649,1,587
734,640,1,593
734,640,1,593
734,644,1,591
738,730,0,536
729,558,68,646
729,576,0,634
734,662,0,579
736,709,0,550
730,556,68,647
727,572,0,636
734,660,1,581
732,633,0,598
736,577,68,633
729,568,68,639
727,572,68,637
730,603,0,617
736,673,0,573
730,570,68,638
727,576,0,634
734,657,0,583
736,689,0,562
732,579,68,632
727,572,1,636
734,649,1,587
734,572,69,637
729,567,69,640
734,639,0,594
725,527,1,665
734,572,69,636
730,565,69,641
729,561,69,643
727,563,69,642
729,633,1,598
736,711,1,549
732,568,69,639
730,561,69,643
729,559,69,644
727,559,68,644
732,651,0,586
736,601,68,618
730,558,68,646
727,550,68,650
729,610,0,613
734,694,1,559
734,563,69,642
729,541,69,655
727,595,1,622
734,664,1,578
734,549,69,651
730,534,69,660
727,538,69,658
729,624,1,604
730,559,69,644
727,565,69,641
727,558,69,646
727,565,69,641
730,651,0,586
736,711,0,549
732,552,68,649
730,550,68,650
727,552,68,649
727,550,68,650
730,635,0,597
738,689,0,562
730,543,69,654
727,541,69,655
729,619,1,607
736,669,1,575
732,536,69,659
729,534,69,660
730,649,1,588
734,705,1,552
738,721,1,542
727,531,69,662
730,621,1,606
736,678,1,569
730,554,69,648
727,581,1,631
734,684,1,566
734,558,68,645
727,552,68,649
730,649,0,587
736,705,0,552
734,559,68,644
727,545,1,653
730,649,1,588
736,691,1,561
736,565,69,641
727,540,1,657
730,646,1,590
736,685,1,565
730,536,69,659
730,626,68,602
738,676,1,570
727,626,1,602
732,624,69,603
727,622,69,605
736,630,69,600
727,622,1,605
730,622,69,605
729,624,1,603
732,655,0,584
729,630,68,600
736,644,68,591
738,664,68,578
729,635,68,597
734,637,68,595
727,633,68,598
736,646,69,590
727,637,1,596
732,633,69,598
734,628,69,601
736,667,1,576
727,631,1,599
729,624,69,603
736,624,69,604
736,626,69,602
734,622,68,605
727,617,0,608
732,693,0,560
727,617,0,608
732,693,0,560
732,619,68,607
727,626,0,602
734,702,0,555
732,617,68,608
727,646,0,590
734,705,0,552
736,649,68,587
727,613,1,610
732,687,0,564
738,707,0,551
736,628,68,601
729,622,68,605
730,671,0,574
741,626,68,602
727,628,68,601
727,655,1,584
736,667,68,576
730,662,69,580
730,662,69,580
730,664,69,578
734,662,68,579
734,664,68,578
730,664,68,578
730,666,68,577
732,666,68,577
736,667,68,576
736,666,68,577
736,667,68,576
736,666,68,577
734,667,68,576
734,667,68,576
734,667,68,576
734,669,68,575
736,667,68,576
734,662,69,579
738,664,69,578
739,662,69,580
738,660,69,581
736,658,69,582
738,657,69,583
736,655,69,584
736,653,69,585
736,651,68,586
734,651,68,586
730,649,68,587
732,648,68,589
730,648,68,589
727,655,68,584
730,657,68,583
730,657,68,583
730,658,69,582
736,658,68,582
738,658,68,582
736,660,68,581
736,660,68,581
736,660,68,581
738,660,68,581
734,657,68,583
736,655,68,584
734,651,68,586
734,651,69,586
734,649,69,588
736,649,69,587
730,649,69,588
730,648,69,589
730,644,69,591
729,640,68,593
736,642,68,592
729,639,68,594
738,619,68,607
727,619,68,607
736,633,69,598
727,619,69,607
727,615,69,609
736,622,69,605
730,619,69,607
727,619,69,607
736,693,0,560
730,621,68,606
727,615,68,609
736,635,68,597
729,621,68,606
727,621,68,606
727,624,68,604
727,624,68,603
727,626,68,602
730,662,0,580
732,631,68,599
730,628,68,601
730,626,68,602
730,628,68,601
730,626,69,602
738,628,69,601
727,626,69,602
734,696,1,558
734,621,69,606
729,617,69,608
729,622,68,605
727,624,68,603
727,622,68,605
727,624,68,604
738,703,0,553
730,615,68,609
730,648,0,589
734,621,68,606
734,646,0,590
730,628,68,601
730,675,0,571
730,667,0,576
736,631,68,599
727,624,68,604
734,709,0,550
734,622,68,605
727,637,0,596
736,646,68,590
727,622,69,605
738,698,1,557
730,624,69,603
727,622,69,605
736,676,1,570
734,626,69,602
730,628,68,601
727,630,68,600
727,630,68,600
727,637,0,595
736,642,68,592
732,637,68,595
730,631,68,599
729,631,68,599
727,637,0,595
736,639,68,594
732,631,68,599
730,630,68,600
727,628,68,601
729,658,0,582
736,630,69,600
730,624,69,603
730,628,69,601
729,628,69,601
727,624,69,604
727,624,69,604
738,714,0,547
730,630,68,600
730,631,68,599
727,633,68,598
727,633,68,598
727,631,68,599
727,633,68,598
729,633,68,598
727,631,68,599
727,633,68,598
732,687,0,564
729,603,68,617
736,696,0,558
727,610,68,613
736,714,0,547
730,604,68,616
730,707,0,551
734,613,68,610
734,711,0,549
739,608,68,614
725,644,1,591
725,639,0,594
734,714,1,547
730,619,69,607
732,703,1,553
734,624,69,604
730,624,68,604
734,702,0,554
732,626,68,602
727,676,0,570
738,721,0,542
727,624,68,604
734,716,0,545
732,628,68,601
727,666,0,577
736,639,68,594
729,628,68,601
727,669,0,575
736,637,69,596
730,624,69,603
727,624,69,603
736,721,1,542
732,635,69,597
727,630,69,600
727,653,1,585
736,626,69,602
729,613,69,610
730,687,1,563
734,621,68,606
727,612,68,611
736,711,0,549
730,608,68,614
727,676,0,570
738,721,0,542
727,624,68,604
734,716,0,545
732,628,68,601
727,666,0,577
736,639,68,594
729,628,68,601
727,669,0,575
736,637,69,596
730,624,69,603
727,624,69,603
736,721,1,542
732,635,69,597
727,630,69,600
727,653,1,585
736,626,69,602
729,613,69,610
730,687,1,563
734,621,68,606
727,612,68,611
736,711,0,549
730,608,68,614
734,698,0,557
730,608,68,614
730,667,0,576
734,603,68,617
730,667,0,576
734,640,68,593
734,642,68,592
734,646,68,590
736,648,68,589
734,649,68,587
736,653,69,585
736,651,69,586
736,651,69,586
736,649,69,587
736,649,69,587
738,653,69,585
739,653,68,585
739,653,68,585
739,660,68,581
739,658,68,582
741,660,68,581
739,662,68,580
743,662,68,580
739,660,68,581
739,662,68,580
739,662,68,580
741,664,68,578
741,667,68,576
741,667,68,576
738,567,100,640
730,622,69,605
738,667,69,576
741,673,69,573
741,570,101,638
734,667,69,576
739,669,69,575
743,669,68,575
732,565,100,641
736,669,68,575
741,671,68,574
743,572,100,637
734,664,68,578
739,666,68,577
743,664,68,578
743,662,68,579
741,662,68,579
739,662,68,580
743,660,68,581
739,658,68,582
741,660,68,581
741,658,69,582
741,655,69,584
741,651,69,586
739,649,69,587
739,649,69,588
734,640,68,593
734,644,68,591
734,646,68,590
743,649,68,587
734,651,68,586
736,655,68,584
734,649,68,588
736,648,68,589
736,649,68,588
736,649,69,587
736,649,69,587
738,649,69,587
739,649,69,587
739,655,69,584
739,657,69,583
745,608,101,614
736,552,100,649
730,608,68,614
732,646,68,590
738,658,68,582
738,658,68,582
739,660,68,581
739,662,68,579
739,664,68,578
739,664,68,578
739,664,68,578
739,666,68,577
739,666,68,577
739,667,68,576
739,667,68,576
739,666,69,577
738,664,69,578
738,662,69,580
739,660,69,581
739,660,69,581
739,658,69,582
739,657,68,583
739,655,68,584
736,655,68,584
736,655,68,584
738,655,68,584
736,653,68,585
736,653,68,585
736,651,68,586
734,651,68,586
732,651,68,586
732,651,68,586
732,649,68,587
732,648,68,589
730,646,68,590
734,649,68,588
736,649,68,587
738,649,68,588
736,651,68,586
736,651,68,586
736,649,68,587
734,649,68,587
734,649,68,588
734,648,68,589
730,648,69,589
734,644,69,591
734,646,69,590
732,642,69,592
734,639,69,594
732,637,69,595
732,637,68,596
730,635,68,597
730,635,68,597
729,633,68,598
727,635,68,597
727,631,68,599
727,637,68,595
727,639,68,594
729,637,68,595
730,644,68,591
730,646,68,590
730,648,68,589
730,648,69,589
732,648,69,589
732,648,69,589
730,649,69,588
730,648,69,589
734,648,69,589
732,649,69,588
732,649,69,587
734,649,68,587
734,649,68,588
732,651,68,586
734,651,68,586
734,649,68,587
736,649,68,587
734,649,68,588
734,651,68,586
734,651,68,586
736,649,68,588
734,648,68,589
734,644,68,591
734,646,69,590
734,640,69,593
734,639,69,594
732,637,69,595
730,639,69,594
729,637,69,596
730,637,69,596
729,637,69,596
729,635,69,597
729,635,69,597
727,635,69,597
729,644,68,591
729,648,68,589
730,648,69,589
730,644,69,591
730,644,69,591
730,649,69,588
730,649,69,588
729,649,69,587
727,664,0,578
734,646,68,590
727,644,68,591
738,709,68,550
727,648,68,589
732,691,0,561
730,649,68,588
729,676,0,570
736,649,68,587
730,651,68,586
730,649,68,587
730,649,68,587
736,711,0,549
732,649,68,588
730,649,69,587
727,649,69,587
730,649,69,587
732,651,69,586
734,649,69,587
732,651,69,586
729,649,69,588
734,651,69,586
736,649,69,587
736,648,69,589
736,646,68,590
734,642,68,592
734,642,68,592
734,639,68,594
734,640,68,593
734,639,68,594
730,637,68,595
729,637,68,595
730,637,68,596
729,633,68,598
727,631,69,599
738,651,69,586
732,635,69,597
730,639,69,594
730,639,69,594
729,639,69,594
730,649,68,587
732,651,68,586
734,648,68,589
732,649,68,588
732,646,68,590
732,648,68,589
734,648,68,589
734,648,68,589
734,649,69,588
734,651,69,586
736,648,69,589
736,648,69,589
736,649,69,588
736,648,69,589
734,646,69,590
734,646,69,590
734,644,68,591
734,640,68,593
734,640,68,593
734,639,68,594
732,637,68,595
730,635,68,597
727,635,68,597
734,691,0,561
736,637,68,596
730,637,68,595
730,639,68,594
730,637,68,595
734,648,68,589
730,648,69,589
732,644,69,591
730,644,69,591
730,642,69,592
730,640,69,593
730,639,69,594
730,637,68,595
729,637,68,596
727,633,68,598
727,639,68,594
736,640,68,593
734,642,68,592
730,644,68,591
730,642,68,592
729,640,68,593
730,640,68,593
727,635,68,597
727,637,68,596
734,639,68,594
727,637,0,595
732,635,68,597
729,637,68,595
738,680,68,568
727,639,0,594
734,639,68,594
727,639,69,594
734,639,69,594
727,639,1,594
730,639,69,594
736,664,1,578
730,637,69,595
727,635,69,597
734,635,69,597
730,640,1,593
730,633,69,598
738,639,68,594
727,635,1,597
734,633,68,598
734,651,0,586
730,630,68,600
727,630,0,600
734,628,68,601
734,653,0,585
730,626,68,602
738,666,0,577
729,624,69,604
730,637,1,595
727,624,69,604
732,626,69,602
732,651,1,586
727,626,69,602
734,626,69,602
736,657,1,583
727,624,69,604
734,626,69,602
732,648,0,589
727,642,0,592
736,624,68,603
730,628,68,601
730,628,68,601
727,624,68,603
727,622,68,605
736,624,68,603
730,621,68,606
729,621,68,606
732,653,1,585
734,624,69,603
730,622,69,605
729,622,69,605
727,622,69,605
736,635,69,597
730,624,69,604
730,622,69,605
730,622,69,605
729,622,69,605
729,619,68,607
729,621,68,606
730,639,0,594
732,615,68,609
727,612,68,612
734,649,0,587
730,612,68,611
734,658,0,582
730,612,68,611
732,631,0,599
732,613,69,610
727,608,69,614
732,630,1,600
732,604,69,616
729,612,1,611
734,603,69,617
736,637,68,596
727,633,0,598
734,631,68,599
727,628,68,601
736,639,68,594
727,631,68,599
738,660,69,581
727,626,69,602
727,635,1,597
734,630,69,600
730,631,69,599
730,639,1,594
734,628,69,601
729,628,69,601
736,673,1,573
732,630,69,600
738,639,69,594
730,631,69,599
736,675,1,572
727,631,69,599
734,637,69,596
730,646,0,590
730,633,68,598
736,637,68,596
730,628,68,601
736,631,68,599
730,626,68,602
738,662,1,579
730,624,69,603
727,622,69,605
727,622,69,605
736,664,1,578
730,619,69,607
727,619,69,607
736,621,69,606
727,613,69,610
736,621,69,606
729,613,69,610
736,662,1,579
730,612,69,611
727,617,1,608
734,615,69,609
727,612,69,612
730,633,68,598
736,637,68,596
730,628,68,601
736,631,68,599
730,626,68,602
738,662,1,579
730,624,69,603
727,622,69,605
727,622,69,605
736,664,1,578
730,619,69,607
727,619,69,607
736,621,69,606
727,613,69,610
736,621,69,606
729,613,69,610
736,662,1,579
730,612,69,611
727,617,1,608
734,615,69,609
727,612,69,612
736,613,69,610
730,610,69,613
727,612,69,612
736,617,69,608
747,714,1,547
752,743,1,528
727,599,1,620
736,610,69,613
729,613,69,610
732,642,1,592
730,608,69,614
734,662,1,580
730,612,69,612
730,631,1,599
730,581,68,631
736,630,0,600
730,617,68,608
736,635,68,597
738,658,0,582
734,648,0,589
727,631,0,599
729,630,68,600
734,635,69,597
738,666,69,577
725,637,1,595
729,639,69,594
734,640,69,593
736,669,1,575
725,640,1,593
732,640,69,593
727,642,69,592
727,640,69,593
727,640,69,593
736,642,69,592
730,642,68,592
729,640,68,593
729,642,68,592
727,640,68,593
727,642,68,592
730,639,68,594
736,667,0,576
732,640,68,593
730,642,69,592
732,642,69,592
730,639,69,594
729,637,69,595
729,640,69,593
730,640,69,593
729,637,69,596
727,640,69,593
729,639,69,594
736,662,1,580
730,630,69,600
727,621,69,606
727,617,69,608
732,646,1,590
730,612,68,612
729,619,0,607
732,606,68,615
727,608,0,614
734,606,68,615
734,631,0,599
730,604,69,616
727,601,69,618
738,653,1,585
727,622,0,605
736,689,0,562
730,622,69,605
727,619,69,607
734,624,68,604
727,615,69,609
732,667,1,576
734,622,69,605
730,630,69,600
730,631,69,599
729,630,69,600
727,624,1,603
736,639,69,594
730,626,69,602
727,633,1,598
736,633,68,598
730,621,68,606
730,642,0,592
736,617,68,608
729,617,69,608
734,639,69,594
730,644,69,591
736,676,1,570
729,646,69,590
730,644,69,591
739,651,69,586
730,644,69,591
729,646,69,590
734,646,69,590
734,646,69,590
736,642,69,592
732,644,69,591
734,644,69,591
736,644,69,591
730,640,69,593
732,633,69,598
734,633,69,598
734,633,69,598
736,631,69,599
730,631,69,599
730,631,69,599
730,631,69,599
732,631,69,599
730,630,69,600
730,628,69,601
734,657,1,583
736,631,69,599
729,624,69,603
734,637,69,595
734,639,69,594
730,644,69,591
736,676,1,570
729,646,69,590
730,644,69,591
739,651,69,586
730,644,69,591
729,646,69,590
734,646,69,590
734,646,69,590
736,642,69,592
732,644,69,591
734,644,69,591
736,644,69,591
730,640,69,593
732,633,69,598
734,633,69,598
734,633,69,598
736,631,69,599
730,631,69,599
730,631,69,599
730,631,69,599
732,631,69,599
730,630,69,600
730,628,69,601
734,657,1,583
736,631,69,599
729,624,69,603
734,660,1,581
734,624,69,604
730,640,68,593
739,648,69,589
736,646,69,590
734,646,69,590
730,646,69,590
730,646,69,590
734,649,69,588
730,649,69,588
730,648,69,589
730,649,69,588
729,648,69,589
729,642,69,592
738,642,69,592
730,639,69,594
730,646,69,590
734,648,69,589
734,648,68,589
730,648,68,589
730,646,68,590
736,642,68,592
736,642,68,592
736,640,68,593
732,637,69,596
730,637,69,596
732,635,69,597
730,635,69,597
727,635,69,597
727,635,69,597
747,514,100,672
732,509,100,675
727,622,68,605
729,637,68,596
729,613,68,610
727,626,69,602
736,630,69,600
730,626,69,602
727,628,69,601
727,631,69,599
732,649,1,588
727,630,69,600
736,635,69,597
738,642,69,592
734,651,1,586
727,633,1,598
729,633,69,598
736,637,68,596
736,662,0,580
729,639,0,594
734,637,68,596
729,637,68,596
738,658,68,582
734,640,68,593
730,640,68,593
739,648,69,589
736,646,69,590
734,646,69,590
730,646,69,590
730,646,69,590
734,649,69,588
730,649,69,588
730,648,69,589
730,649,69,588
729,648,69,589
729,642,69,592
738,642,69,592
730,639,69,594
730,646,69,590
734,648,69,589
734,648,68,589
730,648,68,589
730,646,68,590
736,642,68,592
736,642,68,592
736,640,68,593
732,637,69,596
730,637,69,596
732,635,69,597
730,635,69,597
727,635,69,597
727,635,69,597
729,642,1,592
736,631,69,599
729,631,69,599
738,633,69,598
730,628,69,601
730,639,69,594
730,639,69,594
732,637,69,595
734,637,69,596
734,637,69,596
730,637,69,596
732,637,69,596
738,639,69,594
734,637,69,595
738,639,68,594
727,640,68,593
730,642,68,592
729,642,68,592
739,646,68,590
734,644,68,591
732,644,68,591
730,644,68,591
734,646,68,590
739,648,68,589
739,646,69,590
734,646,69,590
734,646,69,590
734,648,69,589
736,646,69,590
734,646,69,590
739,646,69,590
738,540,101,657
754,522,101,668
739,516,101,671
732,514,101,672
734,612,69,612
736,637,69,596
730,563,68,642
725,622,0,605
734,637,69,596
727,649,1,588
734,639,69,594
732,640,69,593
736,637,1,595
736,621,69,606
736,624,69,603
736,628,69,601
739,662,68,580
738,653,0,585
727,624,0,604
734,626,68,602
727,626,68,602
729,626,68,602
734,624,68,603
736,626,68,602
732,633,0,598
736,624,68,604
729,630,68,600
738,637,68,596
730,635,69,597
738,649,69,588
727,628,69,601
739,631,69,599
729,633,1,598
734,626,69,602
730,628,69,601
738,648,69,589
729,624,68,603
736,630,68,600
727,630,0,600
732,628,68,601
727,635,0,597
727,630,68,600
736,633,68,598
734,649,0,588
727,630,68,600
738,662,0,579
725,630,0,600
730,630,68,600
734,630,69,600
736,658,1,582
730,637,1,596
734,628,69,601
727,631,69,599
734,633,69,598
727,630,1,600
730,628,69,601
727,626,69,602
738,660,1,581
734,624,68,604
730,626,68,602
729,626,68,602
729,626,68,602
727,626,68,602
730,642,0,592
730,628,68,601
730,648,0,589
730,631,68,599
730,649,0,588
734,635,68,597
727,628,68,601
736,675,0,571
730,631,68,599
730,649,0,587
732,631,68,599
730,637,1,596
734,633,69,598
729,631,69,599
729,631,69,599
727,633,69,598
727,626,69,602
736,648,69,589
729,626,69,602
730,651,1,586
734,630,69,600
730,628,68,601
727,628,68,601
738,689,0,562
730,631,68,599
727,631,68,599
727,628,68,601
738,685,68,565
732,624,68,604
729,624,68,603
727,622,68,605
729,637,1,595
734,628,69,601
729,626,69,602
730,646,1,590
736,624,69,603
730,622,69,605
727,621,69,606
734,662,1,580
732,617,69,608
727,619,69,607
734,653,1,585
732,612,69,611
727,612,69,612
736,619,69,607
727,612,69,612
736,666,1,577
729,608,68,614
732,649,1,587
734,633,68,598
727,633,68,598
738,676,1,570
734,631,69,599
727,626,69,602
736,633,69,598
732,628,69,601
727,626,1,602
736,630,69,600
730,622,69,605
729,617,68,608
727,617,68,608
732,648,0,589
732,619,68,607
736,628,68,601
736,660,0,581
734,640,0,593
732,624,69,604
727,622,69,605
734,622,69,605
727,621,69,606
730,621,69,606
739,624,69,604
727,621,69,606
730,639,1,594
729,619,68,607
738,667,0,576
729,621,68,606
738,649,68,587
727,624,68,603
736,631,68,599
730,626,69,602
727,630,1,600
734,624,69,603
730,624,69,604
736,628,68,601
732,637,0,595
730,628,68,601
736,651,0,586
730,624,68,603
738,624,68,603
730,626,68,602
738,662,0,579
736,637,68,596
732,635,68,597
729,637,68,596
729,633,68,598
727,631,0,599
734,628,68,601
730,644,0,591
743,516,100,671
729,604,1,616
736,635,69,597
730,637,69,596
727,635,69,597
734,644,1,591
730,630,69,600
727,630,69,600
730,631,69,599
729,637,0,596
736,635,68,597
732,633,68,598
736,662,0,580
730,631,68,599
736,666,0,577
729,637,0,596
730,630,68,600
738,633,68,598
730,626,68,602
730,635,0,597
730,626,68,602
729,624,69,603
734,626,69,602
727,626,69,602
727,635,1,597
729,633,69,598
738,666,1,577
727,626,69,602
734,649,1,588
732,635,69,597
736,649,68,588
727,644,68,591
739,653,68,585
729,644,68,591
739,657,68,583
732,640,68,593
727,640,68,593
734,639,68,594
734,637,69,596
729,637,69,596
739,671,69,574
730,637,69,595
727,639,69,594
734,639,69,594
727,635,1,597
734,635,69,597
730,637,69,596
732,646,1,590
734,637,69,596
727,635,1,597
734,637,68,596
729,631,68,599
730,640,0,593
730,637,68,596
727,637,68,596
727,631,68,599
734,637,68,596
729,635,68,597
727,637,69,596
736,639,69,594
730,637,69,596
730,624,69,604
752,540,100,657
734,532,100,661
732,599,68,619
730,644,68,591
729,622,69,605
736,622,69,605
727,628,69,601
729,633,69,598
730,637,1,595
730,630,69,600
732,640,1,593
730,628,69,601
736,649,69,588
729,635,1,597
729,635,68,597
736,676,0,570
727,635,68,597
734,637,68,596
727,637,68,596
727,639,0,594
730,639,68,594
788,770,1,511
761,648,69,589
757,649,69,587
761,538,101,658
743,527,100,665
739,525,100,666
734,523,100,667
730,595,68,622
736,621,68,606
727,621,68,606
736,624,68,604
736,633,68,598
734,648,0,589
732,637,68,595
734,651,0,586
727,637,68,595
732,637,68,595
736,655,0,584
734,644,69,591
727,639,69,594
736,640,69,593
730,644,69,591
727,639,69,594
736,642,69,592
732,644,69,591
730,644,68,591
732,642,68,592
734,646,68,590
730,646,68,590
734,644,68,591
734,644,68,591
736,646,68,590
734,648,68,589
736,646,68,590
732,646,68,590
730,646,68,590
730,648,68,589
734,648,68,589
732,644,68,591
732,646,69,590
730,648,69,589
730,649,69,588
730,646,69,590
727,642,69,592
727,642,69,592
732,642,69,592
727,640,69,593
739,657,68,583
730,639,68,594
734,651,0,586
729,637,68,596
727,635,68,597
734,633,68,598
739,642,68,592
727,633,68,598
734,637,68,596
727,633,68,598
738,631,68,599
738,664,68,578
727,628,69,601
727,628,69,601
736,631,69,599
727,637,69,596
738,640,69,593
734,642,69,592
736,648,69,589
734,646,69,590
736,646,68,590
734,648,68,589
736,646,68,590
738,648,68,589
736,649,68,588
736,649,68,588
738,649,68,587
736,649,68,588
730,635,68,597
727,633,68,598
727,633,68,598
727,637,0,596
734,637,68,596
730,635,68,597
727,637,68,595
736,637,68,595
736,640,68,593
738,640,69,593
734,642,69,592
732,642,69,592
736,644,69,591
734,642,69,592
736,649,69,588
736,648,69,589
734,646,69,590
736,646,68,590
734,648,68,589
736,646,68,590
738,648,68,589
736,649,68,588
736,649,68,588
738,649,68,587
736,649,68,588
739,648,68,589
743,648,68,589
741,649,68,588
741,651,68,586
741,651,68,586
741,648,69,589
743,648,69,589
743,649,69,588
741,646,69,590
739,646,69,590
739,646,69,590
739,644,69,591
741,642,69,592
739,642,68,592
738,639,68,594
736,640,68,593
736,639,68,594
738,639,68,594
738,637,68,595
736,639,68,594
736,637,68,596
734,635,68,597
734,635,68,597
736,642,68,592
736,646,68,590
736,644,68,591
736,646,68,590
738,648,68,589
739,648,68,589
741,649,68,588
743,648,69,589
743,646,69,590
743,648,69,589
736,640,68,593
734,640,68,593
736,642,68,592
736,646,68,590
736,644,68,591
736,646,68,590
738,648,68,589
739,648,68,589
741,649,68,588
743,648,69,589
743,646,69,590
743,648,69,589
730,550,69,650
736,648,69,589
739,646,69,590
739,646,69,590
741,649,69,587
743,624,100,603
734,532,101,661
732,640,68,593
734,646,68,590
736,646,68,590
739,646,68,590
739,646,68,590
738,646,68,590
739,646,68,590
739,644,68,591
738,640,68,593
736,637,68,595
734,635,69,597
734,631,69,599
734,631,69,599
730,630,69,600
730,630,69,600
730,628,69,601
730,626,69,602
730,626,69,602
727,624,69,603
727,628,69,601
736,662,0,580
732,631,68,599
730,644,0,591
730,635,69,597
727,640,1,593
730,639,69,594
738,649,69,587
727,642,69,592
727,644,69,591
730,646,69,590
727,644,69,591
730,648,68,589
729,648,68,589
734,649,68,588
734,649,68,587
732,648,68,589
734,649,68,588
734,649,68,588
738,651,68,586
739,653,68,585
739,649,68,587
741,648,68,589
739,649,68,588
743,649,69,587
741,649,69,587
738,649,69,588
739,648,69,589
739,642,69,592
734,640,69,593
736,640,69,593
738,644,69,591
739,649,69,588
739,640,69,593
739,635,69,597
738,640,69,593
738,635,68,597
736,635,68,597
734,631,68,599
730,635,68,597
732,633,68,598
734,633,68,598
734,635,68,597
730,633,68,598
734,633,69,598
730,630,69,600
730,633,69,598
727,630,69,600
734,642,1,592
732,646,69,590
727,646,69,590
732,644,69,591
730,648,69,589
732,648,69,589
730,648,69,589
727,646,69,590
732,648,69,589
734,649,68,588
729,649,68,588
730,649,68,588
732,649,68,587
734,651,68,586
734,649,68,587
732,649,68,587
734,651,68,586
736,651,68,586
736,651,68,586
739,653,68,585
739,649,68,587
739,649,69,587
743,649,69,587
741,649,69,588
741,642,69,592
739,639,69,594
739,644,69,591
741,640,69,593
736,639,69,594
736,635,69,597
736,633,69,598
729,633,69,598
732,637,69,595
730,637,68,596
730,637,68,596
727,633,68,598
738,635,68,597
730,635,68,597
730,635,68,597
729,630,68,600
736,642,68,592
729,646,68,590
730,644,68,591
730,648,69,589
730,642,68,592
729,640,68,593
727,644,68,591
730,637,68,596
730,637,68,595
732,644,68,591
734,642,68,592
730,646,68,590
734,642,68,592
730,646,68,590
730,640,68,593
734,644,68,591
734,646,68,590
734,648,68,589
734,649,68,587
734,648,69,589
734,649,69,587
738,646,69,590
739,649,69,587
739,651,69,586
739,653,69,585
739,655,69,584
736,648,69,589
738,648,69,589
736,648,69,589
738,644,68,591
736,640,68,593
736,646,68,590
736,649,68,587
736,649,68,587
738,651,68,586
739,651,68,586
739,648,68,589
738,644,68,591
736,640,68,593
736,639,69,594
734,637,69,596
730,639,69,594
730,640,69,593
730,642,69,592
732,635,69,597
732,631,69,599
730,635,69,597
734,637,68,596
739,635,68,597
732,572,68,637
736,633,68,598
727,635,68,597
734,639,68,594
727,639,68,594
739,649,68,587
730,642,68,592
729,644,68,591
727,644,68,591
729,642,68,592
729,646,68,590
730,644,68,591
730,648,69,589
730,649,69,588
732,646,69,590
730,646,69,590
734,649,69,588
738,646,69,590
732,649,69,588
736,648,69,589
734,649,69,588
730,648,69,589
734,649,68,587
730,642,68,592
729,640,68,593
727,644,68,591
727,644,68,591
727,646,68,590
729,644,68,591
727,642,0,592
736,646,68,590
730,646,68,590
727,642,69,592
729,639,69,594
727,640,69,593
732,639,69,594
730,637,69,595
729,635,69,597
729,635,69,597
730,637,69,596
730,637,69,596
729,635,69,597
727,633,0,598
736,633,68,598
727,631,68,599
736,631,68,599
739,660,68,581
729,631,68,599
736,631,68,599
727,630,68,600
727,630,0,600
730,630,68,600
730,633,1,598
730,630,69,600
730,637,1,596
734,630,69,600
738,646,69,590
729,624,69,603
734,624,68,604
732,639,0,594
730,624,68,603
736,624,68,603
736,657,0,583
727,635,0,597
730,630,68,600
736,655,0,584
727,626,68,602
732,633,68,598
738,649,68,588
725,624,0,604
730,624,68,604
738,662,0,579
730,637,1,596
727,624,69,604
738,646,69,590
727,622,69,605
736,624,68,604
727,622,0,605
734,619,68,607
727,619,68,607
736,667,0,576
729,626,68,602
738,667,68,576
730,639,0,594
729,630,68,600
736,637,68,596
732,646,0,590
730,628,68,601
734,628,68,601
734,644,0,591
725,633,0,598
730,635,68,597
736,660,0,581
730,630,69,600
734,633,69,598
729,631,69,599
729,635,69,597
734,635,69,597
727,639,1,594
734,637,68,596
730,637,68,596
730,637,68,595
729,640,68,593
730,639,68,594
734,640,68,593
732,644,68,591
734,642,68,592
730,646,68,590
730,640,68,593
734,644,68,591
734,646,68,590
734,648,68,589
734,649,68,587
734,648,69,589
734,649,69,587
738,646,69,590
739,649,69,587
739,651,69,586
739,653,69,585
739,655,69,584
736,648,69,589
738,648,69,589
736,648,69,589
738,644,68,591
736,640,68,593
736,646,68,590
736,649,68,587
736,649,68,587
738,651,68,586
739,651,68,586
739,648,68,589
738,644,68,591
736,640,68,593
736,639,69,594
734,637,69,596
730,639,69,594
730,640,69,593
730,642,69,592
727,637,69,595
738,635,69,597
730,630,69,600
738,635,69,597
730,644,69,591
734,644,68,591
739,640,68,593
739,642,68,592
739,646,68,590
739,649,68,588
734,633,69,598
729,637,69,596
738,642,69,592
729,639,69,594
727,637,69,595
729,639,69,594
730,640,69,593
730,640,69,593
730,642,69,592
732,642,68,592
732,642,68,592
734,644,68,591
739,640,68,593
739,642,68,592
739,646,68,590
739,649,68,588
739,648,68,589
741,649,68,587
741,649,68,588
741,649,68,587
738,541,100,656
734,644,69,591
739,649,69,588
741,649,69,588
743,649,69,588
734,540,101,657
736,646,69,590
739,648,69,589
741,648,69,589
741,648,69,589
741,646,69,590
739,640,68,593
739,642,68,592
736,639,68,594
736,637,68,595
736,633,68,598
734,637,68,596
736,635,68,597
736,635,68,597
736,635,68,597
736,633,68,598
734,635,69,597
734,633,69,598
734,631,69,599
732,630,69,600
734,637,68,595
736,639,68,594
738,639,68,594
736,642,68,592
741,646,68,590
739,644,68,591
743,646,68,590
741,646,68,590
741,646,69,590
743,651,69,586
743,543,101,654
736,540,101,657
730,603,69,617
736,649,69,587
741,655,69,584
741,653,69,585
738,543,101,654
750,545,101,653
732,631,68,599
738,648,68,589
739,648,68,589
741,649,68,588
743,649,68,588
741,649,68,588
739,649,68,588
741,649,68,588
739,648,68,589
741,649,68,588
743,648,69,589
736,644,69,591
738,646,69,590
738,642,69,592
738,642,69,592
739,640,69,593
739,637,69,596
739,637,69,596
738,635,69,597
736,637,69,596
738,637,69,595
736,637,69,596
736,637,69,596
734,637,68,595
736,639,68,594
738,639,68,594
736,642,68,592
741,646,68,590
739,644,68,591
743,646,68,590
741,646,68,590
741,646,69,590
743,651,69,586
743,543,101,654
736,540,101,657
730,603,69,617
736,649,69,587
741,655,69,584
741,653,69,585
738,543,101,654
750,545,101,653
732,631,68,599
738,648,68,589
739,648,68,589
741,649,68,588
743,649,68,588
741,649,68,588
739,649,68,588
741,649,68,588
739,648,68,589
741,649,68,588
743,648,69,589
732,549,69,651
736,644,69,591
738,646,69,590
738,642,69,592
738,642,69,592
739,640,69,593
739,637,69,596
739,637,69,596
738,635,69,597
736,637,69,596
738,637,69,595
736,637,69,596
736,637,69,596
736,635,69,597
730,644,68,591
734,649,68,588
736,649,69,588
734,649,69,588
736,649,69,587
738,651,69,586
738,649,69,588
739,648,69,589
736,648,69,589
738,648,69,589
739,649,69,588
739,649,69,588
739,646,69,590
739,649,69,587
739,646,68,590
739,648,68,589
739,648,68,589
741,649,68,588
741,648,68,589
739,646,68,590
739,644,68,591
739,640,68,593
739,640,69,593
741,639,69,594
739,635,69,597
739,639,69,594
739,640,69,593
739,639,69,594
739,640,69,593
739,640,69,593
739,637,69,596
732,633,68,598
730,635,68,597
730,637,69,596
730,639,69,594
732,642,69,592
734,640,69,593
736,644,69,591
734,648,69,589
736,648,69,589
736,649,69,588
736,649,69,587
730,561,68,643
736,585,68,629
730,624,68,603
734,628,68,601
732,628,68,601
734,630,68,600
732,633,68,598
730,635,68,597
730,637,69,596
730,639,69,594
732,642,69,592
734,640,69,593
736,644,69,591
734,648,69,589
736,648,69,589
736,649,69,588
736,649,69,587
738,648,69,589
739,644,68,591
738,648,68,589
739,649,68,588
739,649,68,588
741,649,68,588
741,649,68,588
739,658,68,582
741,653,68,585
739,637,68,595
741,635,68,597
743,640,69,593
741,642,69,592
741,534,101,660
730,621,69,606
734,637,69,596
736,639,69,594
736,635,69,597
736,633,69,598
734,631,69,599
736,630,69,600
736,635,69,597
736,635,69,597
734,637,68,596
736,637,68,595
734,635,68,597
736,635,68,597
732,635,68,597
734,633,68,598
734,633,68,598
730,635,68,597
732,637,69,596
732,637,69,596
732,637,69,596
730,631,69,599
734,624,69,604
727,639,69,594
730,644,68,591
734,644,68,591
736,648,69,589
736,648,69,589
739,648,69,589
739,649,69,588
741,649,69,588
739,653,69,585
739,651,69,586
741,655,69,584
741,655,69,584
741,657,69,583
743,658,69,582
743,655,69,584
734,541,100,655
734,649,68,588
738,651,68,586
739,651,68,586
741,653,68,585
743,653,68,585
743,657,68,583
734,541,100,656
738,649,69,587
741,649,69,588
741,648,69,589
743,646,69,590
741,642,69,592
739,640,69,593
739,642,69,592
741,637,69,595
739,637,69,596
739,633,68,598
739,630,68,600
738,628,69,601
736,631,69,599
734,628,69,601
732,626,69,602
734,624,69,603
730,644,68,591
730,644,68,591
734,644,68,591
736,648,69,589
736,648,69,589
739,648,69,589
739,649,69,588
741,649,69,588
739,653,69,585
739,651,69,586
741,655,69,584
741,655,69,584
741,657,69,583
743,658,69,582
743,655,69,584
734,541,100,655
734,649,68,588
738,651,68,586
739,651,68,586
741,653,68,585
743,653,68,585
743,657,68,583
734,541,100,656
738,649,69,587
741,649,69,588
741,648,69,589
743,646,69,590
741,642,69,592
739,640,69,593
739,642,69,592
741,637,69,595
739,637,69,596
739,633,68,598
739,630,68,600
738,628,69,601
736,631,69,599
734,628,69,601
732,626,69,602
734,624,69,603
732,624,69,604
732,624,69,603
730,624,69,604
730,622,69,605
729,621,69,606
736,653,0,585
727,639,69,594
730,640,69,593
730,644,68,591
736,648,68,589
738,649,69,588
738,649,69,588
741,649,69,588
739,649,69,587
739,651,69,586
739,648,69,589
739,646,69,590
741,646,69,590
739,644,69,591
739,646,69,590
739,646,68,590
739,642,68,592
739,637,68,595
739,631,68,599
738,631,68,599
739,637,68,595
738,639,68,594
738,637,68,595
736,635,68,597
734,633,68,598
734,631,68,599
739,496,101,683
736,502,101,680
730,574,69,635
730,624,69,603
730,639,1,594
727,628,68,601
734,513,100,673
730,594,0,623
736,608,68,614
736,637,69,595
739,639,69,594
734,639,69,594
732,619,69,607
734,631,1,599
734,622,69,605
729,628,0,601
730,624,68,604
738,635,68,597
730,630,68,600
730,646,0,590
736,633,68,598
734,631,68,599
727,628,68,601
745,579,100,632
736,522,100,668
730,581,68,631
729,646,68,590
730,646,68,590
732,644,68,591
736,642,69,592
736,644,69,591
736,639,69,594
738,646,69,590
743,644,69,591
739,532,101,661
734,531,100,662
734,642,68,592
736,639,68,594
738,646,68,590
738,648,68,589
739,649,68,588
739,649,68,588
739,649,68,588
736,649,68,588
739,648,68,589
736,648,68,589
739,649,68,587
739,649,68,588
739,649,68,588
738,649,69,588
741,651,69,586
743,570,101,638
732,644,69,591
736,648,69,589
736,637,69,595
736,635,69,597
736,630,69,600
736,637,69,595
736,637,69,595
738,637,68,596
734,637,68,595
734,637,68,596
732,635,68,597
730,635,68,597
730,633,68,598
730,637,68,595
730,637,68,596
727,639,68,594
729,640,68,593
736,644,68,591
736,644,68,591
730,644,68,591
734,644,68,591
730,644,68,591
734,646,68,590
734,646,68,590
738,648,69,589
739,649,69,587
743,653,69,585
741,649,69,587
741,547,101,652
730,637,69,595
736,646,69,590
738,648,69,589
741,646,68,590
743,646,68,590
743,649,68,588
741,649,68,588
739,541,100,655
730,626,68,602
734,646,68,590
736,648,68,589
739,648,68,589
739,649,68,588
741,649,68,588
743,646,68,590
743,644,69,591
739,642,69,592
741,640,69,593
741,639,69,594
743,637,69,596
741,635,69,597
741,637,69,595
741,644,69,591
741,644,69,591
743,527,101,664
739,658,69,582
730,626,69,602
732,628,69,601
730,628,69,601
730,630,69,600
727,630,69,600
734,633,68,598
734,633,68,598
730,635,68,597
730,637,68,595
730,637,68,595
730,637,68,596
727,639,68,594
729,640,68,593
736,644,68,591
730,644,68,591
734,644,68,591
730,644,68,591
734,646,68,590
734,646,68,590
738,648,69,589
739,649,69,587
743,653,69,585
741,649,69,587
741,547,101,652
730,637,69,595
736,646,69,590
738,648,69,589
741,646,68,590
743,646,68,590
743,649,68,588
741,649,68,588
739,541,100,655
730,626,68,602
734,646,68,590
736,648,68,589
739,648,68,589
739,649,68,588
741,649,68,588
743,646,68,590
743,644,69,591
739,642,69,592
741,640,69,593
741,639,69,594
743,637,69,596
741,635,69,597
741,637,69,595
741,644,69,591
741,644,69,591
743,527,101,664
736,522,101,668
730,583,69,630
729,633,69,598
727,635,69,597
738,653,1,585
729,639,69,594
730,639,69,594
730,639,69,594
730,639,69,594
732,637,69,596
730,642,69,592
734,644,69,591
736,640,68,593
734,646,68,590
736,642,68,592
734,642,68,592
734,648,68,589
734,649,68,588
736,648,68,589
734,649,68,587
736,653,68,585
739,648,68,589
739,651,69,586
739,651,69,586
738,646,69,590
738,644,69,591
738,649,69,588
739,648,69,589
741,644,69,591
741,640,69,593
739,644,69,591
741,642,69,592
741,637,69,595
743,640,69,593
743,640,68,593
739,642,69,592
739,639,68,594
738,637,68,596
736,635,68,597
736,635,68,597
734,637,68,596
736,639,68,594
736,639,69,594
736,640,69,593
736,640,69,593
734,633,69,598
734,631,69,599
734,628,69,601
730,626,69,602
730,639,68,594
734,639,69,594
730,642,69,592
736,646,69,590
734,646,69,590
736,649,68,588
734,637,68,596
734,637,68,596
734,637,68,595
730,635,68,597
727,635,68,597
730,637,68,596
738,671,68,574
730,639,68,594
734,639,69,594
730,642,69,592
727,642,69,592
730,646,69,590
734,646,69,590
734,646,69,590
736,646,69,590
734,646,69,590
736,649,68,588
736,648,68,589
736,648,68,589
738,651,68,586
741,653,68,585
743,653,68,585
732,585,68,629
736,644,68,591
739,651,68,586
743,658,68,582
743,552,100,649
734,536,100,659
734,644,69,591
738,648,69,589
739,649,69,588
741,648,69,589
741,648,69,589
739,649,69,588
739,644,69,591
739,644,69,591
739,644,69,591
739,644,69,591
739,640,69,593
739,639,69,594
736,637,68,596
736,635,68,597
736,637,68,596
736,637,68,595
739,639,68,594
738,639,68,594
738,637,68,596
736,637,68,596
736,633,69,598
734,642,69,592
739,644,68,591
738,626,69,602
738,626,69,602
738,631,68,599
738,633,68,598
738,633,68,598
739,635,68,597
743,637,68,596
739,639,68,594
738,637,68,595
741,639,68,594
739,640,68,593
741,644,68,591
739,644,68,591
739,532,100,661
736,531,100,662
734,534,101,660
730,698,69,557
736,658,69,582
739,649,69,588
741,646,69,590
754,698,1,557
766,743,1,528
757,563,101,642
748,552,101,649
743,547,101,652
738,545,100,653
736,550,100,650
732,550,100,650
736,637,68,596
739,660,68,581
743,662,68,580
734,554,100,648
736,648,69,589
738,642,68,592
736,624,68,603
738,633,69,598
738,637,69,595
736,639,69,594
739,637,69,596
739,633,69,598
739,635,69,597
739,633,68,598
738,635,68,597
736,529,100,663
730,631,68,599
729,637,68,595
738,646,68,590
732,642,68,592
734,644,68,591
734,644,68,591
732,644,68,591
732,646,68,590
734,646,68,590
736,646,68,590
736,648,68,589
736,648,69,589
736,649,69,587
739,651,69,586
743,649,69,588
743,653,69,585
739,545,101,653
736,538,101,658
734,540,101,657
730,599,69,619
734,651,68,586
738,651,68,586
739,653,68,585
741,653,68,585
743,655,68,584
743,657,68,583
738,550,100,650
730,621,68,606
730,648,68,589
736,646,68,590
736,648,68,589
736,646,68,590
736,642,69,592
736,640,69,593
732,637,69,595
730,635,69,597
732,637,69,596
736,642,69,592
732,639,69,594
736,639,69,594
734,639,68,594
734,637,68,595
730,637,68,596
739,649,68,588
741,649,68,588
732,630,68,600
730,631,68,599
738,669,68,575
729,637,69,596
729,637,69,595
734,639,69,594
732,640,69,593
734,642,69,592
734,642,69,592
739,648,68,589
736,646,68,590
736,648,68,589
736,648,68,589
736,649,68,588
741,649,68,588
739,649,68,588
741,649,68,588
743,651,68,586
743,653,68,585
739,545,100,653
736,541,100,655
729,615,68,609
736,651,68,586
754,547,101,652
739,545,101,653
730,630,69,600
738,653,69,585
739,655,69,584
743,653,69,585
741,648,69,589
739,642,69,592
743,649,68,588
741,648,68,589
743,549,100,651
736,541,100,656
732,646,68,590
738,655,68,584
739,655,68,584
739,651,68,586
739,648,68,589
739,644,68,591
738,639,68,594
739,637,68,596
736,637,68,595
738,644,69,591
739,644,69,591
739,642,69,592
738,637,69,596
736,633,69,598
736,633,69,598
734,646,69,590
739,651,68,586
739,653,68,585
745,552,100,649
738,547,100,652
734,545,100,653
734,637,68,596
738,658,68,582
738,660,68,581
741,653,68,585
739,651,68,586
741,653,68,585
741,651,68,586
739,651,69,586
743,651,69,586
743,651,69,586
739,547,101,652
734,642,69,592
741,649,69,588
741,547,101,652
734,639,69,594
739,649,68,588
739,649,68,588
739,648,68,589
743,648,68,589
732,534,100,660
736,637,68,595
739,637,68,596
739,635,68,597
736,637,68,596
727,637,68,596
730,639,68,594
732,640,68,593
732,642,68,592
730,644,68,591
730,646,69,590
750,586,101,627
752,536,101,659
739,536,101,659
732,603,68,617
734,646,69,590
739,649,68,587
741,651,68,586
739,651,68,586
739,653,68,585
745,552,100,649
738,547,100,652
734,545,100,653
734,637,68,596
738,658,68,582
738,660,68,581
741,653,68,585
739,651,68,586
741,653,68,585
741,651,68,586
739,651,69,586
743,651,69,586
743,651,69,586
739,547,101,652
734,642,69,592
741,649,69,588
741,547,101,652
734,639,69,594
739,649,68,588
739,648,68,589
739,649,68,588
739,648,68,589
743,648,68,589
732,534,100,660
736,637,68,595
739,637,68,596
739,635,68,597
736,637,68,596
738,640,68,593
739,640,68,593
738,639,69,594
739,639,69,594
736,649,69,588
727,635,68,597
734,640,68,593
730,640,68,593
739,642,68,592
736,642,68,592
734,644,68,591
734,646,68,590
736,644,68,591
734,644,68,591
738,649,68,588
738,649,68,587
738,648,68,589
738,649,68,587
739,651,69,586
741,651,69,586
743,595,101,622
738,547,101,652
734,642,69,592
734,651,69,586
739,653,69,585
739,655,69,584
739,655,68,584
741,655,68,584
743,653,68,585
734,547,100,652
736,649,68,588
739,657,68,583
739,658,68,582
743,662,68,580
738,552,100,649
734,547,100,652
730,595,68,622
734,653,68,585
738,658,69,582
741,655,69,584
743,649,69,587
743,649,69,588
741,649,69,588
738,648,69,589
741,648,69,589
739,644,69,591
743,639,69,594
741,637,69,595
739,633,68,598
739,640,69,593
743,644,68,591
739,644,68,591
739,639,68,594
736,637,68,596
736,633,68,598
734,630,68,600
736,651,68,586
736,653,68,585
738,655,68,584
738,655,68,584
739,658,68,582
741,653,68,585
741,651,68,586
743,653,69,585
738,550,101,650
732,545,101,653
743,648,69,589
743,545,101,653
734,640,69,593
739,649,69,587
738,651,69,586
736,649,69,588
736,651,69,586
736,651,68,586
736,653,69,585
738,651,68,586
736,649,68,587
739,644,68,591
741,642,68,592
739,639,68,594
743,637,69,595
741,633,69,598
739,639,69,594
739,646,69,590
739,637,69,596
736,633,69,598
734,639,69,594
734,639,69,594
732,639,69,594
727,639,69,594
732,642,69,592
734,653,1,585
730,646,68,590
729,646,68,590
738,676,68,570
729,646,68,590
730,646,68,590
730,649,68,588
734,649,68,588
734,649,68,588
734,649,68,587
736,651,68,586
736,651,68,586
736,653,68,585
739,657,68,583
739,649,68,587
738,649,69,587
736,655,69,584
739,657,69,583
741,657,69,583
743,651,69,586
738,549,101,651
730,597,69,621
734,649,69,588
738,649,68,588
739,651,69,586
743,653,68,585
743,655,68,584
739,552,100,649
734,547,100,652
734,646,68,590
739,649,68,587
743,651,68,586
743,651,68,586
734,545,100,653
734,646,68,590
739,649,69,587
741,648,69,589
743,648,69,589
741,642,69,592
739,639,69,594
739,637,69,596
736,637,69,595
739,637,69,595
739,637,69,596
738,635,69,597
736,633,69,598
738,633,69,598
734,639,68,594
736,639,69,594
736,639,68,594
736,637,68,596
736,649,68,588
756,651,100,586
734,518,100,670
734,622,68,605
734,637,69,595
734,637,69,595
732,633,69,598
730,631,69,599
730,630,69,600
736,649,1,588
732,631,69,599
730,630,69,600
727,630,69,600
738,631,68,599
727,631,68,599
734,631,68,599
727,628,68,601
734,631,68,599
727,633,68,598
732,635,68,597
727,633,0,598
730,635,68,597
738,666,0,577
727,633,68,598
732,633,69,598
734,655,1,584
729,633,69,598
734,633,69,598
732,639,0,594
727,630,0,600
727,624,68,603
738,662,68,579
734,649,0,588
727,631,0,599
729,628,68,601
734,633,68,598
736,637,68,596
732,640,0,593
730,635,68,597
736,653,0,585
727,633,68,598
730,642,0,592
729,635,68,597
734,637,68,595
729,637,68,596
738,667,69,576
725,639,1,594
730,640,69,593
727,642,69,592
738,653,68,585
730,646,68,590
730,646,68,590
730,646,68,590
732,648,68,589
736,649,68,588
734,649,68,588
734,649,68,588
736,649,68,587
736,651,68,586
736,653,68,585
738,655,68,584
738,655,68,584
739,658,68,582
741,653,68,585
741,651,68,586
743,653,69,585
738,550,101,650
732,545,101,653
743,648,69,589
743,545,101,653
734,640,69,593
739,649,69,587
738,651,69,586
736,649,69,588
736,651,69,586
736,651,68,586
736,653,69,585
738,651,68,586
736,649,68,587
736,649,68,587
736,648,68,589
739,648,68,589
739,644,68,591
741,642,68,592
739,639,68,594
743,637,69,595
741,633,69,598
739,639,69,594
739,646,69,590
739,637,69,596
736,633,69,598
734,639,69,594
734,639,69,594
736,649,69,588
736,646,68,590
738,649,68,587
739,649,68,588
734,640,68,593
739,640,68,593
739,640,68,593
739,642,69,592
734,646,69,590
736,646,69,590
736,646,69,590
739,646,69,590
736,648,69,589
736,648,68,589
736,649,69,588
736,646,68,590
738,649,68,587
739,649,68,588
739,651,68,586
741,649,68,587
741,651,68,586
743,651,68,586
747,511,100,674
739,518,100,670
736,520,100,669
732,520,101,669
734,621,69,606
734,642,69,592
730,646,69,590
732,646,69,590
730,626,69,602
736,649,0,588
734,630,68,600
734,633,68,598
730,633,68,598
730,633,68,598
730,635,68,597
730,640,68,593
730,644,68,591
730,644,68,591
730,646,68,590
732,646,68,590
736,648,68,589
734,646,68,590
736,648,68,589
739,649,69,588
738,649,69,587
743,649,69,587
741,651,69,586
743,651,69,586
743,653,69,585
743,547,101,652
732,646,68,590
736,648,68,589
734,646,68,590
736,648,68,589
739,649,69,588
738,649,69,587
743,649,69,587
741,651,69,586
743,651,69,586
743,653,69,585
743,547,101,652
739,545,101,653
734,541,101,655
730,624,69,603
732,646,69,590
736,649,69,588
736,651,69,586
743,653,68,585
736,649,68,588
739,651,68,586
739,653,68,585
739,651,68,586
739,649,68,587
734,543,100,654
736,648,68,589
730,588,68,626
734,648,68,589
736,649,68,587
738,649,68,588
739,649,68,587
736,646,68,590
736,648,69,589
739,648,69,589
741,649,69,588
743,649,68,588
743,649,68,587
743,649,68,587
738,648,68,589
739,649,68,587
739,651,68,586
743,648,68,589
734,545,100,653
730,639,68,594
732,653,69,585
732,651,69,586
732,655,69,584
732,649,69,587
730,649,69,588
732,644,69,591
736,540,100,657
739,646,68,590
741,648,68,589
732,613,68,610
736,649,69,587
739,655,69,584
743,655,69,584
739,549,101,651
736,550,101,650
730,649,68,588
739,649,68,587
743,655,69,584
734,538,100,658
736,651,68,586
766,549,100,651
752,543,100,654
743,541,100,655
738,547,100,652
727,592,68,624
739,653,69,585
741,655,69,584
743,649,69,587
730,597,69,621
736,648,69,589
739,648,68,589
734,538,101,658
730,608,68,614
736,649,68,587
739,653,68,585
743,653,68,585
743,657,68,583
739,541,101,655
739,541,100,656
730,590,68,625
734,649,68,587
734,534,100,660
734,534,100,660
730,610,68,613
736,649,68,587
738,651,68,586
741,653,68,585
745,554,100,648
768,547,100,652
734,626,68,602
741,658,68,582
743,649,69,588
743,649,69,587
739,540,101,657
734,541,101,655
732,585,69,628
736,651,69,586
739,657,69,583
732,642,68,592
734,646,68,590
736,646,69,590
738,649,69,588
739,649,69,588
741,653,69,585
743,658,69,582
739,552,101,649
734,552,101,649
730,635,69,597
739,660,69,581
743,660,69,581
734,552,101,649
739,648,68,589
743,651,68,586
741,540,100,657
734,536,100,659
732,590,68,625
734,651,68,586
739,655,68,584
741,658,68,582
743,658,68,582
739,550,101,650
738,649,68,588
738,651,68,586
736,651,68,586
738,651,68,586
727,613,0,610
736,667,0,576
729,608,68,614
729,613,0,610
736,633,68,598
738,657,0,583
736,613,68,610
727,612,0,612
734,612,68,611
734,639,0,594
727,612,0,611
734,615,68,609
727,615,0,609
736,615,68,609
729,613,68,610
729,624,0,604
730,617,68,608
734,610,68,613
730,612,0,612
729,612,68,612
738,662,0,579
730,648,1,589
727,619,69,607
730,615,69,609
736,637,69,595
738,666,1,577
730,631,1,599
730,628,69,601
729,630,69,600
727,631,68,599
734,631,69,599
729,630,69,600
738,635,69,597
732,630,68,600
727,628,68,601
727,628,68,601
738,662,68,579
730,626,68,602
730,624,68,603
729,624,68,603
727,624,0,604
734,626,68,602
729,621,68,606
729,619,68,607
738,624,68,604
727,615,69,609
736,624,69,603
729,624,69,603
736,721,0,542
738,721,0,542
738,727,0,539
738,723,0,541
736,725,1,540
736,723,1,541
736,723,1,541
739,723,1,541
741,721,1,542
743,723,0,541
745,721,0,542
745,725,0,540
747,727,0,539
748,727,0,538
748,727,1,538
757,714,0,546
757,716,0,545
754,718,0,544
757,718,0,544
757,720,0,543
748,727,0,538
745,718,0,544
745,714,0,547
748,716,0,545
736,635,68,597
730,637,0,595
725,635,68,597
725,633,68,598
727,635,68,597
727,635,68,597
730,639,68,594
734,640,69,593
734,646,69,590
734,644,69,591
732,639,68,594
727,637,68,595
729,633,68,598
727,633,68,598
729,635,68,597
727,633,69,598
730,635,69,597
736,541,101,656
768,741,1,529
768,743,0,528
768,741,0,529
768,741,0,529
768,741,0,530
768,741,0,530
770,738,0,532
770,736,0,533
768,734,0,534
768,734,0,534
770,732,0,535
768,732,0,535
768,730,0,536
768,730,0,536
768,729,0,537
725,723,5,541
725,727,5,539
725,721,5,542
725,714,5,546
738,705,1,552
739,694,0,559
741,684,0,566
739,678,0,569
738,671,0,574
736,666,0,577
736,660,0,581
734,655,1,584
734,649,1,588
734,648,1,589
734,646,1,590
734,640,1,593
734,637,1,596
732,635,1,597
732,633,1,598
730,630,1,600
730,628,1,601
730,624,0,603
729,624,0,604
727,621,0,606
727,619,0,607
725,617,0,608
725,615,0,609
723,613,0,610
721,612,0,611
721,612,0,611
743,709,1,550
743,705,1,552
743,703,1,553
741,702,1,555
739,696,1,558
739,693,0,560
736,689,0,562
736,687,0,563
734,687,0,564
734,685,0,565
734,680,0,568
732,676,1,570
730,675,1,571
730,673,1,573
730,671,1,574
730,669,1,575
727,667,1,576
727,666,1,577
727,664,1,578
725,662,1,579
725,662,1,580
725,660,1,581
723,657,1,583
721,655,0,584
721,653,0,585
723,711,5,549
736,705,1,552
739,702,1,555
739,700,1,556
738,696,1,558
736,693,1,560
736,689,1,562
734,687,1,564
734,685,1,565
732,682,0,567
732,680,0,568
730,676,0,570
729,675,0,571
729,673,0,573
727,671,0,574
727,667,0,576
727,666,0,577
727,664,0,578
725,662,0,579
725,660,1,581
725,658,1,582
725,657,1,583
734,619,0,607
739,653,0,585
730,590,0,625
736,637,0,595
739,671,0,574
741,691,0,561
743,698,0,557
743,696,1,558
743,694,1,559
739,693,1,560
739,694,1,559
738,689,1,562
736,687,1,563
736,684,1,566
734,680,1,568
734,676,1,570
730,675,1,571
729,673,0,573
727,671,0,574
727,669,0,575
725,666,0,577
721,664,0,578
721,662,0,579
720,662,0,580
718,660,0,581
718,658,0,582
718,655,0,584
716,655,1,584
716,653,1,585
738,613,68,610
730,597,0,621
739,657,0,583
745,685,0,565
747,694,0,559
748,702,0,555
748,702,0,555
747,700,0,556
747,700,0,556
747,698,0,557
747,696,1,558
747,694,1,559
747,693,1,560
747,693,1,560
745,691,1,561
745,689,1,562
745,689,1,562
745,693,1,560
743,694,1,559
743,694,1,559
743,691,1,561
741,689,0,562
741,687,0,563
739,687,0,564
739,685,0,565
739,685,0,565
739,685,0,565
738,684,0,566
752,702,1,554
752,702,1,555
752,702,1,555
750,698,1,557
750,700,1,556
748,698,1,557
748,696,1,558
748,696,0,558
747,694,0,559
752,703,1,553
750,702,1,554
750,702,1,554
748,702,1,555
748,700,1,556
748,700,0,556
747,698,0,557
745,698,0,557
745,696,0,558
745,696,0,558
745,694,0,559
745,694,1,559
745,693,1,560
745,691,1,561
743,691,1,561
750,696,0,558
748,694,0,559
748,693,0,560
747,691,0,561
730,586,68,627
732,628,0,601
738,658,0,582
739,691,0,561
739,694,0,559
739,696,1,558
739,696,1,558
739,694,1,559
739,694,1,559
739,694,1,559
739,691,1,561
739,693,0,560
738,691,0,561
736,689,0,562
734,590,68,625
738,639,0,594
729,590,0,625
736,648,0,589
739,676,0,570
741,687,0,563
741,698,1,557
743,700,1,556
743,702,1,554
743,702,1,555
743,700,1,556
741,698,1,557
739,696,1,558
739,694,1,559
739,691,1,561
738,689,1,562
738,687,0,564
736,687,0,564
734,684,0,566
734,684,0,566
734,682,0,567
732,678,0,569
730,676,0,570
730,676,0,570
730,675,0,571
729,673,0,573
729,673,1,573
727,671,1,574
727,669,1,575
734,628,0,601
743,671,0,574
745,696,0,558
745,700,0,556
745,702,0,554
745,700,0,556
745,698,0,557
745,696,0,558
743,694,0,559
743,696,1,558
743,700,1,556
743,700,1,556
743,698,1,557
741,694,1,559
741,693,1,560
739,691,1,561
739,689,1,562
739,687,0,563
738,687,0,564
736,685,0,565
736,685,0,565
734,684,0,566
734,682,0,567
734,680,0,568
734,678,0,569
734,676,0,570
732,675,0,571
732,601,68,618
727,702,5,555
727,720,5,543
739,718,1,544
743,716,1,545
743,716,1,545
745,714,0,547
745,714,0,547
745,712,0,548
745,711,0,549
745,709,0,550
745,709,0,550
745,705,0,552
743,705,0,552
