763,585,69,628
768,608,69,614
723,613,69,610
763,558,69,645
763,790,69,499
763,786,69,501
763,775,69,508
765,768,69,512
770,763,69,516
772,813,69,485
770,799,69,494
766,790,69,499
770,799,69,494
775,768,69,512
775,799,69,494
779,784,69,503
781,795,69,496
779,817,69,482
775,788,69,500
777,793,69,497
777,835,69,471
781,801,69,493
786,833,69,473
786,810,69,487
784,835,69,471
784,820,69,480
781,801,69,493
763,621,69,606
765,624,69,604
772,613,69,610
768,615,69,609
770,678,69,569
765,649,69,588
775,649,69,587
768,621,69,606
768,610,69,613
777,626,69,602
781,631,69,599
781,590,69,625
784,657,69,583
784,622,69,605
770,599,69,620
781,655,69,584
772,588,69,626
775,649,69,587
774,595,69,622
775,615,69,609
801,637,69,595
802,639,69,594
802,664,69,578
792,624,69,603
801,666,69,577
808,662,69,579
808,637,69,595
806,637,69,595
808,642,69,592
810,678,69,569
808,682,69,567
811,662,69,580
810,684,69,566
810,639,69,594
808,642,69,592
784,612,69,612
788,612,69,612
790,635,69,597
790,633,69,598
752,619,69,607
750,655,69,584
792,655,69,584
757,637,69,596
754,667,69,576
792,612,69,611
799,642,69,592
790,595,69,622
766,565,69,641
772,698,69,557
772,649,69,588
770,597,69,621
772,626,69,602
777,628,69,601
775,669,69,575
774,615,69,609
777,617,69,608
781,676,69,570
783,612,69,611
766,765,69,515
766,795,69,496
766,801,69,492
765,802,69,491
766,802,69,491
768,781,69,505
770,792,69,498
770,788,69,500
770,783,69,504
770,766,69,514
770,770,69,511
768,795,69,496
770,772,69,510
770,811,69,486
770,784,69,502
770,797,69,495
768,779,69,506
768,770,69,511
770,777,69,507
772,788,69,500
772,804,69,490
774,817,69,483
775,795,69,496
777,811,69,486
775,819,69,481
777,802,69,491
779,788,69,500
779,781,69,505
779,793,69,497
781,797,69,495
781,820,69,480
783,826,69,477
784,831,69,474
788,811,69,486
788,824,69,478
788,837,69,470
786,811,69,486
788,833,69,473
788,820,69,480
790,824,69,478
790,808,69,488
788,851,69,462
788,840,69,468
786,860,69,456
788,853,69,461
786,831,69,474
788,860,69,456
790,831,69,474
790,837,69,470
792,856,69,459
795,831,69,474
795,862,69,455
797,851,69,462
799,835,69,471
797,876,69,447
797,880,69,445
797,862,69,455
797,846,69,465
793,874,69,448
783,829,1,475
779,846,69,465
779,817,69,483
779,846,69,465
779,817,69,483
779,829,69,475
781,826,69,477
781,835,69,472
781,856,69,459
781,851,69,462
781,855,69,460
781,824,69,478
779,846,69,465
777,849,69,463
779,829,69,475
779,817,69,482
781,842,69,467
783,858,69,458
784,835,69,472
784,853,69,461
786,826,69,477
784,833,69,473
786,835,69,472
784,862,69,455
784,835,69,472
781,837,69,470
781,828,69,476
781,826,69,477
784,858,69,457
784,829,69,475
784,865,69,453
784,835,69,471
784,855,69,460
783,858,69,457
784,838,69,469
786,874,69,448
786,874,69,448
788,838,69,469
788,864,69,454
790,840,69,468
790,869,69,451
790,849,69,463
790,882,69,444
792,864,69,454
792,876,69,447
790,846,69,465
793,858,69,457
795,851,69,462
795,880,69,445
797,880,69,445
799,882,69,444
801,865,69,453
806,885,69,441
808,883,69,443
806,853,69,461
806,891,69,438
804,856,69,459
806,856,69,459
802,880,69,445
804,889,69,439
801,869,69,451
799,885,69,441
797,885,69,441
793,855,69,460
788,617,69,608
790,626,69,602
792,622,69,605
797,662,69,579
806,637,69,596
808,671,69,574
790,621,69,606
788,651,69,586
790,657,69,583
795,644,69,591
795,630,69,600
799,635,69,597
799,626,69,602
802,664,69,578
806,635,69,597
808,666,69,577
808,644,69,591
808,675,69,571
784,646,69,590
788,646,69,590
784,642,69,592
788,633,69,598
788,664,69,578
790,624,69,604
793,669,69,575
799,664,69,578
797,635,69,597
799,639,69,594
799,660,69,581
799,624,69,603
774,651,69,586
801,631,69,599
802,646,69,590
797,649,69,588
802,657,69,583
802,642,69,592
804,639,69,594
806,651,69,586
806,637,69,595
802,639,69,594
788,819,1,481
784,815,69,484
783,788,69,500
781,801,69,492
783,831,69,474
784,797,69,495
786,806,69,489
788,801,69,492
788,801,69,492
786,835,69,472
788,802,69,491
788,831,69,474
788,804,69,490
781,804,69,490
781,801,69,493
781,833,69,473
779,835,69,471
779,822,69,479
781,820,69,480
784,801,69,492
784,799,69,494
786,808,69,488
788,846,69,465
784,824,69,478
784,828,69,476
786,858,69,457
788,858,69,458
788,858,69,458
788,828,69,476
784,840,69,468
786,835,69,471
788,858,69,457
790,835,69,471
790,838,69,469
792,871,69,450
793,846,69,465
793,838,69,469
793,858,69,458
790,862,69,455
793,853,69,461
797,847,69,464
797,880,69,445
795,885,69,441
797,862,69,455
797,873,69,449
797,858,69,457
797,889,69,439
795,885,69,441
799,882,69,444
797,891,69,438
797,878,69,446
799,880,69,445
799,860,69,456
799,883,69,442
797,882,69,444
797,869,69,451
797,889,69,439
797,891,69,438
795,883,69,442
793,882,69,444
795,853,69,461
797,855,69,460
797,865,69,453
795,858,69,457
779,610,69,613
792,621,69,606
799,630,69,600
802,640,69,593
806,651,69,586
804,669,69,575
806,648,69,589
806,646,69,590
808,662,69,579
790,631,69,599
797,631,69,599
806,631,69,599
811,648,69,589
784,617,69,608
790,635,69,597
797,660,69,581
784,657,69,583
793,631,69,599
801,646,69,590
793,811,1,486
790,833,69,473
788,829,69,475
786,817,69,483
786,808,69,488
786,835,69,471
788,817,69,483
790,835,69,471
790,806,69,489
790,799,69,494
790,804,69,490
790,804,69,490
788,828,69,476
784,822,69,479
784,801,69,493
784,817,69,482
784,808,69,488
786,835,69,472
788,802,69,491
786,837,69,470
788,847,69,464
786,858,69,457
784,811,69,486
784,835,69,472
784,831,69,474
786,838,69,469
788,858,69,458
792,838,69,469
793,847,69,464
792,867,69,452
790,840,69,468
792,862,69,455
797,858,69,458
799,500,69,681
799,527,69,665
799,498,69,682
815,673,69,573
810,817,69,482
808,835,69,472
808,802,69,491
806,806,69,489
801,801,69,493
797,838,69,469
797,815,69,484
795,831,69,474
793,826,69,477
793,860,69,456
792,858,69,457
792,864,69,454
790,826,69,477
790,826,69,477
790,862,69,455
788,847,69,464
788,849,69,463
790,860,69,456
790,829,69,475
790,851,69,462
788,826,69,477
788,837,69,470
788,788,69,500
786,806,69,489
784,822,69,479
786,822,69,479
786,817,69,482
788,779,69,506
788,795,69,496
788,783,69,504
790,819,69,481
790,822,69,479
792,824,69,478
790,819,69,481
786,801,69,492
784,790,69,499
784,822,69,479
783,824,69,478
781,824,69,478
781,806,69,489
781,815,69,484
781,817,69,482
784,826,69,477
786,826,69,477
788,817,69,482
788,833,69,473
788,837,69,470
790,838,69,469
790,847,69,464
792,819,69,481
795,837,69,470
797,817,69,483
799,835,69,472
801,844,69,466
801,858,69,458
802,838,69,469
806,828,69,476
806,864,69,454
804,851,69,462
806,844,69,466
808,867,69,452
810,833,69,473
806,844,69,466
808,835,69,471
808,874,69,448
810,862,69,455
808,878,69,446
811,844,69,466
811,869,69,451
808,851,69,462
808,878,69,446
806,837,69,470
808,882,69,444
811,855,69,460
811,880,69,445
810,871,69,450
811,858,69,457
810,885,69,441
808,871,69,450
806,873,69,449
804,880,69,445
802,871,69,450
786,797,1,495
781,793,69,497
781,804,69,490
779,786,69,501
781,793,69,497
781,781,69,505
781,772,69,510
784,804,69,490
784,786,69,501
784,811,69,486
784,786,69,501
788,808,1,488
784,804,69,490
781,784,69,502
781,819,69,481
781,824,69,478
781,792,69,498
783,786,69,501
784,788,69,500
793,822,69,479
801,858,69,457
799,840,69,468
793,837,69,470
790,835,69,471
790,842,69,467
790,844,69,466
790,833,69,473
790,824,69,478
790,822,69,479
784,801,1,492
781,788,69,500
779,786,69,501
779,815,69,484
779,804,69,490
779,792,69,498
779,802,69,491
779,792,69,498
786,824,1,478
784,813,69,485
781,833,69,473
781,842,69,467
781,815,69,484
781,822,69,479
779,829,69,475
779,840,69,468
783,813,1,485
779,819,69,481
775,788,69,500
775,795,69,496
775,783,69,504
775,826,69,477
775,828,69,476
777,806,69,489
779,793,69,497
777,784,69,503
775,779,69,506
775,801,69,493
775,786,69,501
777,826,69,477
779,835,69,471
784,828,1,476
781,853,69,461
779,833,69,473
777,804,69,490
775,869,69,451
775,864,69,454
779,815,69,484
779,810,69,487
745,826,69,477
756,824,69,478
761,792,69,498
763,808,69,488
768,799,69,494
770,824,69,478
784,860,69,456
783,847,69,464
781,833,69,473
781,837,69,470
779,840,69,468
779,819,69,481
783,846,69,465
781,851,69,462
781,849,69,463
779,829,69,475
779,808,69,488
777,802,69,491
777,842,69,467
786,840,69,468
784,797,69,495
783,833,69,473
781,808,69,488
781,842,69,467
779,842,69,467
770,797,69,495
768,730,69,536
770,727,69,538
768,730,69,536
768,761,69,517
770,741,69,529
770,851,69,462
781,799,69,494
779,784,69,503
777,786,69,501
775,788,69,500
779,831,69,474
781,813,69,485
783,829,69,475
784,840,0,468
781,860,69,456
779,862,69,455
781,822,69,479
779,835,69,471
779,846,69,465
779,824,69,478
772,824,69,478
770,817,69,482
770,815,69,484
770,851,69,462
772,855,69,460
774,853,69,461
784,826,1,477
781,837,69,470
779,817,69,482
777,846,69,465
775,847,69,464
775,847,69,464
775,846,69,465
777,813,69,485
784,873,1,449
779,860,69,456
779,856,69,459
775,858,69,458
775,860,69,456
775,865,69,453
775,882,69,444
770,862,69,455
770,741,69,529
770,705,69,552
772,732,69,535
772,739,69,531
772,741,69,529
759,657,69,583
761,622,69,605
766,613,69,610
766,635,69,597
763,541,69,655
765,664,69,578
766,640,69,593
779,531,69,662
779,574,69,635
779,594,69,623
765,480,69,693
790,626,69,602
788,509,69,675
765,795,69,496
768,792,69,498
772,801,69,493
766,799,69,494
770,826,69,477
772,826,69,477
772,788,69,500
774,837,69,470
768,792,69,498
766,784,69,502
770,815,69,484
772,781,69,505
775,775,69,508
779,779,69,506
781,788,69,500
770,793,69,497
770,790,69,499
774,804,69,490
774,813,69,485
763,784,69,502
766,790,69,499
770,817,69,483
772,799,69,494
775,768,69,512
720,547,69,652
718,576,69,634
721,624,69,603
727,601,69,618
725,590,69,625
727,545,69,653
727,635,69,597
730,621,69,606
730,586,69,627
727,599,69,620
730,646,69,590
723,595,69,622
721,590,69,625
721,635,69,597
734,612,69,612
721,579,69,632
721,585,69,628
716,576,69,634
720,577,69,633
741,489,69,687
743,541,69,656
745,541,69,655
752,635,69,597
752,594,69,623
754,547,69,652
754,572,69,637
736,565,69,641
718,601,69,618
714,642,69,592
712,599,69,620
712,646,69,590
711,626,69,602
714,608,69,614
718,637,69,595
721,630,69,600
723,642,69,592
721,628,69,601
721,622,69,605
729,626,69,602
729,649,69,588
730,635,69,597
729,599,69,620
734,657,69,583
736,646,69,590
736,612,69,612
736,664,69,578
739,637,69,595
743,655,69,584
743,667,69,576
743,653,69,585
743,617,69,608
736,639,69,594
734,653,69,585
736,689,69,562
738,621,69,606
743,624,69,603
745,666,69,577
743,678,69,569
743,660,69,581
745,622,69,605
748,534,69,660
750,613,69,610
752,671,69,574
752,637,69,596
754,666,69,577
752,671,69,574
745,565,69,641
745,565,69,641
743,619,69,607
748,631,69,599
754,624,69,603
752,655,69,584
747,673,69,573
745,637,69,595
748,630,69,600
745,563,69,642
774,514,69,672
747,412,69,733
739,405,69,737
739,565,69,641
743,565,69,641
743,606,69,615
745,660,69,581
745,540,69,657
745,502,69,680
748,536,69,659
748,525,69,666
750,595,69,622
748,597,69,621
752,675,69,571
752,621,69,606
748,439,69,717
772,549,69,651
772,595,69,622
772,583,69,630
775,660,69,581
774,604,69,616
772,568,69,639
772,550,69,650
772,617,69,608
748,612,69,611
743,640,69,593
739,657,69,583
739,655,69,584
739,649,69,588
741,567,69,640
741,644,69,591
741,684,69,566
743,678,69,569
748,657,69,583
747,649,69,587
745,666,69,577
745,664,69,578
743,556,69,647
745,649,69,587
747,639,69,594
754,633,69,598
759,615,69,609
765,621,69,606
761,621,69,606
766,648,69,589
757,563,69,642
768,617,69,608
766,617,69,608
757,637,69,596
763,626,69,602
765,637,69,596
768,648,69,589
768,640,69,593
768,662,69,579
768,666,69,577
766,547,69,652
766,631,69,599
765,646,69,590
761,662,69,579
759,624,69,604
759,642,69,592
761,658,69,582
761,624,69,603
761,621,69,606
757,624,69,604
757,601,69,618
754,653,69,585
770,397,69,741
768,421,69,728
772,610,69,613
775,624,69,604
777,581,69,631
777,617,69,608
779,644,69,591
779,644,69,591
779,502,69,680
781,588,69,626
757,619,69,607
754,626,69,602
754,507,69,677
754,558,69,645
752,558,69,645
752,568,69,639
757,574,69,635
754,621,69,606
756,662,69,580
757,621,69,606
763,626,69,602
763,626,69,602
763,624,69,604
763,658,69,582
761,624,69,604
754,603,69,617
756,603,69,617
757,639,69,594
757,649,69,588
754,626,69,602
754,615,69,609
750,666,69,577
747,541,69,655
745,640,69,593
745,599,69,620
743,653,69,585
741,673,69,573
743,637,69,595
743,660,69,581
768,392,69,744
770,462,69,704
772,545,69,653
772,527,69,664
772,599,69,619
770,617,69,608
772,603,69,617
774,644,69,591
775,586,69,627
748,615,69,609
738,612,69,612
738,637,69,595
736,655,69,584
739,622,69,605
738,630,69,600
739,619,69,607
738,487,69,689
739,628,69,601
739,635,69,597
739,630,69,600
741,621,69,606
739,626,69,602
739,637,69,595
739,498,69,682
739,558,69,646
739,628,69,601
743,658,69,582
741,579,69,632
739,633,69,598
736,612,69,612
738,581,69,631
741,610,69,613
739,658,69,582
743,626,69,602
734,595,69,622
736,558,69,645
729,606,69,615
727,631,69,599
730,570,69,638
732,518,69,670
732,545,69,653
732,610,69,613
727,556,69,647
766,648,69,589
768,624,69,603
768,399,69,740
766,415,69,731
766,516,69,671
779,615,69,609
772,628,69,601
777,637,69,595
777,653,69,585
775,599,69,620
775,622,69,605
757,637,69,596
761,642,69,592
763,687,69,563
761,649,69,588
761,606,69,615
766,633,69,598
768,673,69,573
770,631,69,599
772,585,69,628
772,585,69,629
772,595,69,622
775,612,69,611
763,709,69,550
763,644,69,591
765,576,69,634
766,702,69,555
766,682,69,567
765,727,69,539
766,712,69,548
770,703,69,553
770,446,69,713
754,685,69,565
761,685,69,565
763,604,69,616
763,666,69,577
765,666,69,577
775,455,69,708
775,541,69,656
779,662,69,579
759,653,69,585
761,520,69,669
770,466,69,702
770,664,69,578
770,682,69,567
772,646,69,590
774,662,69,579
779,606,69,615
779,664,69,578
783,621,69,606
774,648,69,589
770,676,69,570
772,637,69,595
761,558,69,645
766,691,69,561
770,646,69,590
754,612,69,611
757,655,69,584
765,727,69,539
766,684,69,566
763,568,69,639
761,667,69,576
775,684,69,566
781,694,69,559
784,703,69,553
775,633,69,598
774,552,69,649
775,577,69,633
763,522,69,668
763,556,69,647
765,631,69,599
759,671,69,574
770,667,69,576
772,610,69,613
772,586,69,627
770,471,69,698
770,558,69,645
775,439,69,717
777,541,69,655
786,486,69,690
788,493,69,685
714,646,69,590
712,621,69,606
712,644,69,591
774,428,69,724
774,462,69,704
774,489,69,687
774,586,69,627
777,624,69,603
777,651,69,586
775,691,69,561
774,725,69,540
772,795,69,496
774,828,69,476
774,810,69,487
775,844,69,466
775,829,69,475
775,822,69,479
707,817,69,483
709,835,69,471
712,817,69,482
712,846,69,465
714,826,69,477
716,824,69,478
718,813,69,485
721,846,69,465
716,840,69,468
718,844,69,466
718,817,69,482
716,840,69,468
716,824,69,478
718,855,69,460
718,824,69,478
720,858,69,458
718,853,69,461
718,855,69,460
721,820,69,480
721,835,69,471
721,858,69,458
721,858,69,458
721,829,69,475
721,858,69,458
721,835,69,471
723,844,69,466
725,831,69,474
723,858,69,457
736,862,69,455
725,860,69,456
727,856,69,459
727,860,69,456
725,831,69,474
725,849,69,463
725,837,69,470
727,853,69,461
721,855,69,460
721,869,69,451
721,867,69,452
718,860,69,456
716,867,69,452
712,856,69,459
716,838,69,469
716,835,69,472
716,828,69,476
711,829,69,475
711,820,69,480
711,860,69,456
711,846,69,465
716,858,69,457
718,826,69,477
718,855,69,460
718,858,69,458
720,853,69,461
721,837,69,470
721,853,69,461
721,840,69,468
727,829,69,475
727,860,69,456
725,869,69,451
725,853,69,461
723,862,69,455
725,865,69,453
727,844,69,466
729,837,69,470
730,837,69,470
727,867,69,452
729,867,69,452
730,835,69,471
730,860,69,456
732,844,69,466
727,867,69,452
725,874,69,448
725,837,69,470
727,855,69,460
727,871,69,450
725,842,69,467
727,867,69,452
725,876,69,447
725,851,69,462
721,858,69,458
720,876,69,447
718,871,69,450
712,844,69,466
712,865,69,453
783,835,69,471
779,849,69,463
779,835,69,471
779,817,69,482
779,842,69,467
781,815,69,484
781,835,69,472
781,840,69,468
781,851,69,462
781,851,69,462
781,829,69,475
739,842,69,467
727,810,69,487
725,820,69,480
721,831,69,474
720,806,69,489
720,815,69,484
725,828,69,476
721,858,69,458
723,851,69,462
723,853,69,461
723,826,69,477
723,831,69,474
721,865,69,453
720,851,69,462
720,842,69,467
718,840,69,468
721,831,69,474
727,835,69,472
729,865,69,453
727,835,69,471
727,846,69,465
729,835,69,471
729,849,69,463
734,844,69,466
730,851,69,462
734,876,69,447
734,855,69,460
736,858,69,458
734,847,69,464
732,851,69,462
730,869,69,451
732,876,69,447
734,860,69,456
729,846,69,465
729,860,69,456
730,880,69,445
727,840,69,468
729,871,69,450
727,847,69,464
725,878,69,446
725,876,69,447
723,878,69,446
727,878,69,446
729,883,69,443
716,882,69,444
786,856,1,459
784,858,69,457
781,871,69,450
781,858,69,457
781,851,69,462
781,882,69,444
781,882,69,444
781,876,69,447
781,874,69,448
781,874,69,448
781,876,69,447
781,842,69,467
734,844,69,466
725,842,69,467
721,838,69,469
718,867,69,452
721,835,69,472
720,865,69,453
720,842,69,467
720,833,69,473
721,829,69,475
725,860,69,456
723,867,69,452
725,865,69,453
725,855,69,460
727,846,69,465
727,865,69,453
730,862,69,455
732,855,69,460
734,871,69,450
734,876,69,447
730,849,69,463
734,860,69,456
734,862,69,455
736,882,69,444
741,878,69,446
739,860,69,456
739,882,69,444
739,860,69,456
738,874,69,448
734,882,69,444
736,883,69,443
734,855,69,460
734,874,69,448
734,864,69,454
732,864,69,454
734,878,69,446
739,853,69,461
734,873,69,449
739,865,69,453
739,869,69,451
734,840,69,468
732,844,69,466
734,876,69,447
734,882,69,444
730,883,69,442
727,862,69,455
730,865,69,453
730,887,69,440
788,865,1,453
786,847,69,464
784,860,69,456
783,883,69,442
783,853,69,461
783,883,69,443
783,853,69,461
783,851,69,462
784,838,69,469
783,842,69,467
709,840,69,468
709,858,69,457
712,858,69,458
712,847,69,464
716,860,69,456
716,846,69,465
718,835,69,472
720,858,69,458
720,858,69,457
725,835,69,472
725,874,69,448
725,838,69,469
725,838,69,469
727,878,69,446
727,855,69,460
727,858,69,458
729,840,69,468
729,869,69,451
727,860,69,456
727,856,69,459
730,853,69,461
730,874,69,448
734,867,69,452
736,878,69,446
736,856,69,459
736,860,69,456
739,876,69,447
739,883,69,443
739,858,69,458
739,865,69,453
739,894,69,436
739,860,69,456
736,876,69,447
736,882,69,444
736,885,69,441
736,860,69,456
736,880,69,445
734,856,69,459
734,896,69,435
734,862,69,455
734,882,69,444
732,869,69,451
730,860,69,456
727,874,69,448
725,900,69,433
806,853,69,461
808,858,69,458
808,858,69,457
808,874,69,448
802,883,69,443
799,865,69,453
795,883,69,443
793,867,69,452
793,894,69,436
793,864,69,454
793,842,69,467
793,842,69,467
792,846,69,465
792,840,69,468
793,867,69,452
723,824,69,478
718,835,69,471
716,826,69,477
712,838,69,469
714,846,69,465
714,858,69,458
714,842,69,467
716,858,69,457
716,856,69,459
716,842,69,467
716,829,69,475
718,849,69,463
721,846,69,465
721,840,69,468
721,853,69,461
721,871,69,450
721,840,69,468
721,883,69,442
734,849,69,463
729,873,69,449
734,876,69,447
736,858,69,457
736,874,69,448
734,891,69,438
739,851,69,462
738,858,69,458
738,878,69,446
739,853,69,461
743,862,69,455
741,864,69,454
745,856,69,459
739,883,69,442
741,880,69,445
743,894,69,436
741,862,69,455
741,891,69,438
747,864,69,454
747,883,69,442
752,883,69,443
752,876,69,447
752,896,69,435
750,874,69,448
748,905,69,430
750,889,69,439
748,909,69,428
748,867,69,452
739,903,69,431
739,874,69,448
806,901,69,432
806,892,69,437
808,901,69,432
808,900,69,433
802,891,69,438
799,889,69,439
797,878,69,446
795,894,69,436
793,867,69,452
792,869,69,451
792,901,69,432
792,873,69,449
790,864,69,454
790,880,69,445
790,871,69,450
788,865,69,453
739,882,69,444
725,891,69,438
720,864,69,454
714,856,69,459
716,883,69,443
714,880,69,445
716,878,69,446
716,851,69,462
718,847,69,464
718,849,69,463
718,865,69,453
718,873,69,449
721,882,69,444
723,858,69,458
723,882,69,444
727,878,69,446
727,856,69,459
729,876,69,447
730,853,69,461
730,874,69,448
734,862,69,455
734,889,69,439
734,864,69,454
734,885,69,441
734,889,69,439
734,882,69,444
734,871,69,450
732,860,69,456
734,885,69,441
734,876,69,447
734,864,69,454
736,876,69,447
736,894,69,436
736,894,69,436
736,887,69,440
736,867,69,452
736,892,69,437
738,865,69,453
739,891,69,438
739,864,69,454
739,891,69,438
738,878,69,446
736,883,69,443
734,867,69,452
736,882,69,444
736,889,69,439
734,901,69,432
730,869,69,451
725,887,69,440
727,867,69,452
790,865,69,453
790,889,69,439
790,892,69,437
790,874,69,448
790,871,69,450
790,873,69,449
790,880,69,445
790,873,69,449
790,869,69,451
788,865,69,453
788,889,69,439
741,876,69,447
721,858,69,457
721,873,69,449
723,891,69,438
718,873,69,449
716,858,69,457
716,885,69,441
716,869,69,451
720,847,69,464
721,864,69,454
721,871,69,450
723,853,69,461
725,883,69,442
729,874,69,448
729,873,69,449
725,869,69,451
727,846,69,465
727,874,69,448
727,853,69,461
730,847,69,464
730,883,69,442
734,849,69,463
730,851,69,462
730,883,69,443
730,873,69,449
732,869,69,451
734,864,69,454
734,883,69,443
736,864,69,454
738,892,69,437
738,887,69,440
739,862,69,455
739,892,69,437
739,889,69,439
738,883,69,443
741,865,69,453
739,867,69,452
743,860,69,456
741,882,69,444
739,873,69,449
739,874,69,448
739,883,69,443
739,878,69,446
741,898,69,434
739,887,69,440
738,865,69,453
736,882,69,444
734,894,69,436
730,865,69,453
734,880,69,445
727,889,69,439
784,851,1,462
784,865,69,453
786,853,69,461
786,867,69,452
736,829,69,475
721,860,69,456
716,860,69,456
721,864,69,454
711,871,69,450
712,864,69,454
712,838,69,469
712,874,69,448
714,876,69,447
716,837,69,470
716,869,69,451
721,846,69,465
720,865,69,453
725,856,69,459
725,851,69,462
721,851,69,462
730,842,69,467
725,864,69,454
727,878,69,446
727,880,69,445
725,865,69,453
721,869,69,451
725,882,69,444
727,851,69,462
725,856,69,459
727,860,69,456
730,885,69,441
732,874,69,448
732,878,69,446
730,867,69,452
729,878,69,446
725,880,69,445
781,840,69,468
781,844,69,466
779,842,69,467
779,842,69,467
779,844,69,466
779,874,69,448
779,849,69,463
781,876,69,447
783,878,69,446
781,844,69,466
783,880,69,445
736,847,69,464
721,869,69,451
721,864,69,454
716,835,69,471
712,869,69,451
709,838,69,469
712,842,69,467
712,849,69,463
716,867,69,452
718,867,69,452
721,874,69,448
720,846,69,465
720,847,69,464
718,874,69,448
721,858,69,458
721,869,69,451
725,867,69,452
723,876,69,447
725,844,69,466
725,842,69,467
727,856,69,459
729,869,69,451
730,876,69,447
730,867,69,452
730,874,69,448
727,873,69,449
725,883,69,442
725,883,69,442
725,864,69,454
727,873,69,449
727,853,69,461
729,871,69,450
730,855,69,460
727,874,69,448
727,867,69,452
725,873,69,449
723,860,69,456
721,885,69,441
720,873,69,449
721,853,69,461
721,853,69,461
725,891,69,438
725,853,69,461
784,862,69,455
784,858,69,458
783,874,69,448
781,869,69,451
781,864,69,454
781,867,69,452
779,842,69,467
781,869,69,451
781,858,69,458
781,878,69,446
781,882,69,444
727,860,69,456
723,847,69,464
721,844,69,466
720,851,69,462
723,871,69,450
721,837,69,470
721,840,69,468
725,824,69,478
723,817,69,482
721,826,69,477
716,842,69,467
712,855,69,460
712,862,69,455
712,835,69,472
714,867,69,452
714,833,69,473
716,862,69,455
720,853,69,461
718,867,69,452
721,833,69,473
725,871,69,450
725,838,69,469
721,835,69,471
723,873,69,449
716,846,69,465
711,856,69,459
711,880,69,445
711,878,69,446
714,878,69,446
718,849,69,463
714,837,69,470
711,840,69,468
711,880,69,445
723,869,69,451
721,847,69,464
775,867,69,452
775,867,69,452
775,865,69,453
775,847,69,464
775,876,69,447
775,838,69,469
777,840,69,468
777,824,69,478
779,835,69,472
711,822,69,479
712,829,69,475
712,804,69,490
712,817,69,483
714,831,69,474
718,819,69,481
720,833,69,473
718,856,69,459
716,858,69,457
720,856,69,459
718,835,69,472
714,835,69,472
712,846,69,465
714,837,69,470
718,847,69,464
727,846,69,465
725,871,69,450
727,831,69,474
725,860,69,456
727,876,69,447
730,851,69,462
725,846,69,465
723,862,69,455
725,873,69,449
732,842,69,467
727,876,69,447
725,878,69,446
727,873,69,449
725,878,69,446
729,846,69,465
727,878,69,446
721,847,69,464
727,882,69,444
725,840,69,468
718,878,69,446
775,837,69,470
775,869,69,451
774,858,69,458
775,862,69,455
775,864,69,454
775,847,69,464
775,869,69,451
775,869,69,451
757,559,69,644
757,622,69,605
761,624,69,603
765,610,69,613
750,586,69,627
754,556,69,647
761,621,69,606
693,603,69,617
694,628,69,601
752,711,69,549
761,626,69,602
765,439,69,717
765,572,69,636
765,624,69,604
775,594,69,623
777,617,69,608
752,572,69,637
754,570,69,638
754,612,69,612
759,628,69,601
754,585,69,628
756,594,69,623
757,599,69,619
761,637,69,596
757,496,69,683
757,603,69,617
757,568,69,639
750,543,69,654
754,513,69,673
754,568,69,639
756,523,69,667
703,610,69,613
705,606,69,615
714,651,69,586
716,693,69,560
714,572,69,636
716,552,69,649
714,541,69,656
714,540,69,657
716,745,69,527
714,714,69,547
714,693,69,560
716,655,69,584
766,477,69,695
725,529,69,663
716,550,69,650
716,572,69,636
727,545,69,653
718,667,69,576
754,550,69,650
754,606,69,615
754,579,69,632
745,585,69,628
752,561,69,643
754,554,69,648
754,585,69,628
757,568,69,639
757,567,69,640
741,563,69,642
709,574,69,635
687,612,69,611
718,619,69,607
711,648,69,589
716,536,69,659
693,396,69,742
712,529,69,663
