738,669,68,575
732,666,0,577
727,691,0,561
738,761,0,517
720,633,0,598
712,702,0,554
714,725,0,540
720,738,1,532
727,748,1,525
727,673,0,573
734,702,0,554
734,711,1,549
734,779,0,506
734,775,1,508
730,797,0,495
732,786,1,501
736,624,1,603
727,599,1,620
712,748,1,525
682,464,69,703
666,444,69,714
676,567,21,640
729,682,0,567
734,612,69,612
736,696,1,558
727,660,0,581
730,595,68,622
736,703,0,553
736,739,0,531
734,712,0,548
730,675,68,571
720,585,68,628
716,612,0,612
727,579,69,632
736,612,68,612
736,676,0,570
730,649,0,588
725,579,0,632
734,594,68,623
739,689,68,562
734,648,0,589
734,516,69,671
739,511,68,674
720,570,69,638
721,570,68,638
721,685,69,565
709,581,69,631
721,612,68,612
711,628,0,601
714,588,68,626
711,626,0,602
712,570,68,638
714,601,1,618
718,599,68,620
712,617,1,608
709,579,68,632
709,619,0,607
718,612,68,612
714,588,69,626
712,590,69,625
711,588,69,626
709,585,69,628
712,585,69,629
712,586,69,627
714,585,69,628
714,588,69,626
712,583,68,630
712,585,68,628
718,667,0,576
712,592,68,624
712,585,68,628
711,581,68,631
711,576,68,634
716,660,0,581
712,579,69,632
723,581,68,631
720,581,68,631
727,585,68,629
721,579,69,632
714,581,69,631
712,583,69,630
709,577,69,633
709,585,1,628
712,579,69,632
721,651,68,586
709,574,68,635
721,662,68,580
709,612,0,612
712,581,68,631
721,624,68,603
712,630,0,600
712,572,68,637
721,599,68,619
721,653,68,585
711,572,68,637
723,648,68,589
709,572,68,637
721,669,68,575
709,622,0,605
716,577,69,633
721,653,69,585
709,622,1,605
712,576,69,634
721,658,69,582
716,563,68,642
716,570,68,638
716,570,68,638
721,574,69,635
721,574,69,635
720,576,69,634
729,577,69,633
723,577,69,633
716,581,69,631
716,583,69,630
712,577,69,633
711,579,68,632
712,581,68,631
720,662,0,580
714,583,68,630
709,576,68,634
718,586,68,627
709,576,68,634
721,658,68,582
712,572,69,636
721,658,69,582
718,581,68,631
723,583,68,630
725,585,69,629
727,585,69,629
727,588,69,626
738,594,69,623
732,588,69,626
727,590,69,625
723,594,68,623
720,588,68,626
718,592,68,624
714,586,68,627
716,592,68,624
716,590,68,625
718,592,68,624
721,615,68,609
718,586,68,627
714,585,68,629
709,579,69,632
711,617,1,608
714,617,1,608
712,550,69,650
721,570,69,638
711,559,68,644
711,572,68,636
711,568,68,639
712,572,68,637
716,577,68,633
714,577,68,633
709,581,68,631
716,637,0,596
721,595,68,622
714,590,68,625
711,594,68,623
709,594,68,623
721,673,68,573
716,601,69,618
716,597,69,621
711,597,69,621
711,597,69,621
712,597,69,621
712,599,69,619
712,599,68,619
714,601,69,618
714,599,68,619
714,601,68,618
714,599,68,619
714,599,68,619
716,597,68,621
712,592,68,624
711,588,68,626
709,585,68,629
723,633,69,598
725,603,69,617
721,601,68,618
730,559,69,644
712,565,69,641
725,610,69,613
716,577,68,633
714,583,68,630
712,585,68,628
716,590,68,625
714,590,68,625
712,594,68,623
712,597,68,621
711,599,68,620
711,603,68,617
714,604,68,616
712,604,69,616
712,604,69,616
716,606,69,615
716,606,69,615
716,610,69,613
718,608,69,614
718,610,69,613
716,608,69,614
718,606,69,615
718,603,68,617
725,603,69,617
721,601,68,618
727,599,68,620
725,597,68,621
725,595,68,622
721,590,68,625
721,586,68,627
720,583,69,630
718,592,68,624
727,594,68,623
709,572,69,636
712,574,69,635
712,579,69,632
716,585,68,628
718,588,68,626
718,592,68,624
727,594,68,623
729,597,68,621
723,599,68,619
721,599,68,620
725,601,68,618
720,599,68,619
721,601,68,618
730,601,69,618
734,603,69,617
730,601,69,618
729,603,69,617
734,601,69,618
736,601,69,618
734,601,69,618
730,597,69,621
727,594,69,623
727,590,68,625
727,590,69,625
730,586,68,627
730,583,68,630
730,579,68,632
729,576,68,634
727,574,68,635
743,572,69,637
734,563,69,642
739,567,69,640
738,565,68,641
752,595,68,622
739,577,68,633
741,576,68,634
741,579,68,632
729,579,68,632
725,579,68,632
721,583,68,630
721,585,68,629
720,586,68,627
718,588,69,626
718,588,69,626
716,585,69,628
714,585,69,629
712,585,69,629
712,585,69,629
712,585,69,629
714,583,69,630
712,579,69,632
711,577,69,633
709,576,68,634
723,660,68,581
711,576,68,634
716,639,0,594
712,574,68,635
725,603,68,617
712,547,68,652
723,601,68,618
707,597,0,621
712,565,68,641
721,662,68,580
709,604,0,616
712,567,68,640
723,628,68,601
709,599,1,619
712,572,69,637
712,621,1,606
711,567,69,640
725,619,69,607
720,541,69,656
716,563,69,642
716,561,69,643
712,561,68,643
712,563,68,642
709,565,68,641
718,574,68,635
709,570,68,638
718,579,68,632
709,570,68,638
716,577,68,633
709,594,0,623
716,574,68,635
709,568,69,639
718,583,69,630
709,567,69,640
716,576,69,634
709,567,69,640
718,576,69,634
709,603,1,617
716,558,69,645
721,631,68,599
712,561,68,643
707,559,0,644
714,570,68,638
712,608,0,614
718,572,68,637
712,565,68,641
716,619,0,607
712,567,68,640
711,561,68,643
712,563,69,642
720,631,1,599
709,567,69,640
720,585,69,629
712,622,1,605
709,513,68,673
729,531,68,662
727,550,69,650
736,572,69,637
734,581,68,631
725,567,69,640
718,563,68,642
712,565,68,641
709,563,68,642
709,563,68,642
718,633,0,598
711,568,68,639
721,619,68,607
709,570,68,638
718,586,69,627
714,635,1,597
712,572,69,637
723,642,69,592
716,608,0,614
707,577,0,633
712,558,69,645
721,606,69,615
712,613,1,610
709,556,69,647
718,581,69,631
720,648,1,589
707,604,1,616
714,572,69,637
721,669,68,575
709,619,0,607
712,574,68,635
721,673,68,573
707,599,0,620
716,583,68,630
712,635,0,597
714,572,68,637
718,648,1,589
716,572,69,636
709,565,69,641
709,558,0,646
718,565,68,641
709,559,68,644
721,577,69,633
711,568,69,639
721,639,69,594
716,568,69,639
716,574,69,635
712,572,69,637
714,570,69,638
711,572,69,637
712,617,0,608
716,577,68,633
712,576,68,634
711,576,68,634
712,576,68,634
712,574,68,635
711,572,68,636
709,572,68,637
709,570,69,638
709,568,69,639
712,624,1,603
723,626,68,602
709,545,68,653
721,565,68,641
711,550,68,650
712,550,68,650
718,640,68,593
720,579,68,632
711,572,68,637
709,572,0,636
716,576,68,634
709,568,68,639
718,579,69,632
707,599,1,619
725,572,68,637
712,568,69,639
712,570,69,638
720,583,69,630
721,585,69,628
720,581,68,631
716,583,68,630
712,581,68,631
711,585,68,629
709,577,68,633
711,621,0,606
718,585,68,628
712,585,68,629
711,577,69,633
711,577,69,633
716,635,1,597
712,572,69,637
716,633,1,598
714,585,68,628
714,586,68,627
721,603,69,617
721,608,69,614
721,610,69,613
721,613,68,610
720,610,68,613
718,606,68,615
718,608,68,614
718,603,68,617
718,597,68,621
716,599,68,620
716,599,68,620
714,595,68,622
712,595,68,622
712,588,69,626
709,579,69,632
723,662,69,579
712,577,69,633
712,624,1,603
714,576,69,634
730,612,69,612
727,610,68,613
729,610,68,613
727,612,68,611
727,610,68,613
727,599,68,619
729,601,68,618
725,592,68,624
723,590,68,625
723,585,68,628
721,586,68,627
721,585,69,629
718,581,69,631
716,579,69,632
714,576,69,634
716,576,69,634
714,572,69,636
716,585,68,629
716,590,68,625
718,585,68,628
721,590,69,625
721,592,69,624
709,558,68,646
709,558,68,646
721,621,69,606
709,563,69,642
709,563,69,642
709,565,68,641
723,630,68,600
714,570,68,638
712,563,68,642
711,563,68,642
709,561,68,643
721,585,68,629
727,588,68,626
739,608,68,614
734,601,69,618
732,601,69,618
732,604,69,616
732,606,69,615
734,606,69,615
734,610,69,613
732,608,69,614
732,606,69,615
729,610,68,613
727,610,68,613
727,608,68,614
727,604,68,616
727,606,68,615
725,601,68,618
723,595,68,622
721,594,68,623
721,594,69,623
721,592,69,624
718,585,69,628
716,583,69,630
732,613,68,610
734,615,68,609
734,617,69,608
745,637,69,596
734,615,69,609
730,617,69,608
730,619,69,607
730,615,69,609
732,613,69,610
730,615,68,609
727,612,68,611
727,610,68,613
725,610,68,613
721,599,68,619
721,599,68,619
721,597,68,621
720,599,68,619
718,597,68,621
716,594,69,623
716,588,69,626
714,585,69,628
712,581,69,631
711,576,69,634
727,613,68,610
730,612,68,611
734,613,69,610
732,612,69,611
730,613,69,610
730,610,69,613
730,608,69,614
729,606,69,615
729,606,68,615
725,604,68,616
721,603,68,617
721,601,68,618
721,599,68,619
718,599,68,620
718,595,68,622
718,594,68,623
716,590,68,625
712,585,68,628
712,585,69,629
709,577,69,633
721,669,69,575
709,579,68,632
712,581,68,631
711,585,68,629
709,585,69,628
711,588,69,626
709,588,69,626
718,590,69,625
712,586,69,627
711,588,69,626
711,585,68,629
709,585,68,628
709,585,68,629
709,583,68,630
709,585,68,629
725,619,68,607
714,585,68,628
709,581,68,631
709,577,68,633
707,612,0,612
716,583,69,630
736,601,68,618
732,603,68,617
732,608,68,614
734,608,68,614
745,653,68,585
734,608,68,614
729,610,68,613
727,608,69,614
727,608,69,614
727,612,69,611
727,612,69,611
725,610,69,613
725,610,69,613
725,608,68,614
723,606,68,615
723,599,68,620
721,594,68,623
725,597,68,621
727,597,68,621
727,595,68,622
729,592,68,624
727,588,68,626
727,585,68,629
727,581,69,631
730,574,69,635
727,570,69,638
725,565,69,641
734,613,68,610
732,619,68,607
732,619,68,607
748,637,68,595
741,626,68,602
741,626,68,602
741,628,68,601
739,628,68,601
736,631,69,599
736,633,69,598
734,633,69,598
734,633,69,598
732,630,69,600
730,628,69,601
730,626,69,602
732,624,69,603
730,622,68,605
729,619,68,607
727,615,68,609
727,612,68,611
725,603,68,617
721,599,68,619
721,599,68,620
720,594,68,623
718,588,69,626
716,583,69,630
712,576,69,634
711,567,69,640
707,586,1,627
718,599,69,619
723,610,69,613
721,612,69,612
723,613,68,610
723,619,68,607
723,622,68,605
725,624,68,604
725,624,68,603
725,628,68,601
729,628,68,601
727,628,68,601
727,624,69,603
727,630,69,600
730,626,69,602
729,624,69,603
727,621,69,606
727,615,69,609
725,608,69,614
723,610,69,613
721,608,69,614
720,603,69,617
718,597,68,621
716,594,68,623
714,588,68,626
712,579,68,632
712,577,68,633
714,585,68,629
716,594,68,623
718,597,69,621
721,599,69,619
721,601,69,618
721,603,69,617
721,604,69,616
721,608,69,614
721,612,68,612
727,612,68,612
730,612,68,612
734,612,68,611
738,617,68,608
736,613,68,610
732,615,68,609
732,617,68,608
732,617,68,608
729,613,68,610
727,615,69,609
727,615,69,609
725,613,69,610
725,612,69,612
723,612,69,612
721,604,69,616
721,604,69,616
720,601,69,618
718,595,69,622
716,595,69,622
716,594,68,623
714,590,68,625
714,586,68,627
712,585,68,628
711,581,68,631
709,577,68,633
709,608,1,614
718,572,69,637
721,574,68,635
725,574,69,635
730,590,68,625
721,581,68,631
718,581,68,631
718,583,68,630
716,583,68,630
718,585,68,628
718,586,68,627
718,586,68,627
718,586,68,627
720,586,68,627
720,586,69,627
718,586,69,627
718,585,69,628
721,583,69,630
720,581,69,631
720,581,69,631
718,577,68,633
718,576,68,634
716,574,68,635
712,570,68,638
712,567,68,640
711,565,68,641
716,585,68,628
714,592,68,624
718,594,68,623
718,594,69,623
718,588,69,626
716,585,69,628
714,583,69,630
712,583,69,630
711,576,69,634
709,574,68,635
718,648,0,589
727,601,69,618
721,576,68,634
718,572,68,637
716,574,68,635
712,577,68,633
716,579,68,632
718,581,68,631
716,581,68,631
714,577,68,633
714,581,68,631
712,583,68,630
711,579,68,632
709,576,69,634
721,664,69,578
712,579,69,632
712,576,69,634
709,572,69,636
720,644,69,591
712,576,68,634
711,572,68,637
718,594,68,623
716,586,68,627
716,590,68,625
714,588,68,626
716,588,68,626
716,590,68,625
712,588,68,626
712,585,68,629
712,583,68,630
712,585,69,629
712,585,69,629
711,583,69,630
709,581,69,631
721,664,69,578
712,577,69,633
721,662,69,579
709,572,69,636
727,610,68,613
727,610,68,613
725,608,68,614
725,608,68,614
725,610,68,613
725,610,68,613
723,608,68,614
723,610,68,613
721,606,68,615
721,608,68,614
721,604,69,616
721,603,69,617
721,601,69,618
721,601,69,618
721,601,69,618
721,599,69,619
718,597,69,621
720,595,69,622
718,590,69,625
716,588,68,626
716,583,68,630
716,577,68,633
714,576,68,634
730,649,69,588
732,658,69,582
734,655,68,584
736,664,68,578
738,662,68,580
738,662,68,580
739,664,68,578
739,662,68,580
739,658,68,582
739,658,68,582
739,649,69,587
739,651,69,586
739,648,69,589
738,642,69,592
736,637,69,596
734,633,69,598
734,628,69,601
732,624,69,604
730,621,69,606
729,612,69,611
725,603,68,617
721,595,68,622
720,585,68,629
716,599,68,620
718,606,68,615
720,612,68,612
721,619,68,607
725,624,68,603
725,630,68,600
727,635,68,597
727,640,69,593
730,640,69,593
734,649,69,588
739,651,69,586
743,648,69,589
745,653,69,585
745,655,68,584
743,649,68,587
743,651,68,586
745,651,68,586
745,644,68,591
748,651,68,586
752,640,68,593
752,646,68,590
748,637,68,595
747,637,68,595
743,635,69,597
741,635,69,597
739,631,69,599
736,624,69,603
734,621,69,606
734,619,69,607
734,613,69,610
730,608,69,614
729,603,68,617
727,595,68,622
725,588,68,626
721,585,68,629
711,558,68,646
730,610,68,613
727,613,69,610
734,608,68,614
734,610,68,613
730,610,68,613
727,613,69,610
730,621,69,606
730,624,69,603
730,628,69,601
730,628,69,601
736,628,69,601
736,631,68,599
736,630,68,600
734,628,68,601
732,624,68,603
730,626,68,602
730,624,68,603
730,622,68,605
730,619,68,607
730,619,68,607
730,617,68,608
727,617,69,608
729,610,69,613
727,604,69,616
725,599,69,620
723,594,69,623
721,585,69,628
718,581,68,631
716,577,68,633
729,590,68,625
727,595,68,622
727,597,68,621
727,597,69,621
725,597,69,621
727,601,69,618
727,601,69,618
729,604,69,616
729,604,69,616
732,610,68,613
732,613,68,610
730,610,68,613
730,612,68,612
734,610,68,613
734,610,68,613
732,612,68,612
730,606,68,615
730,601,68,618
730,601,68,618
729,597,69,621
727,595,69,622
727,595,69,622
725,590,69,625
725,585,69,628
725,583,69,630
721,576,69,634
727,588,68,626
727,590,68,625
725,594,69,623
729,595,69,622
725,595,69,622
727,599,69,619
725,599,69,620
723,595,69,622
721,599,68,620
721,599,68,620
720,599,68,620
718,599,68,619
718,597,68,621
720,599,68,619
718,597,68,621
718,595,68,622
718,594,68,623
720,590,68,625
716,585,69,629
714,583,69,630
712,579,69,632
709,574,69,635
723,633,69,598
709,570,69,638
720,583,68,630
718,579,68,632
716,585,68,629
716,585,69,629
712,585,69,629
714,585,69,629
712,585,69,628
711,585,69,629
711,585,69,629
711,585,68,629
712,585,68,629
709,581,68,631
725,635,68,597
716,583,68,630
714,581,68,631
712,576,68,634
712,576,68,634
712,574,68,635
711,572,68,637
721,653,69,585
712,568,69,639
709,563,69,642
716,577,68,633
716,577,69,633
727,585,69,628
725,581,69,631
718,583,69,630
714,577,69,633
712,577,69,633
711,577,69,633
709,574,69,635
709,610,0,613
714,583,68,630
709,576,68,634
723,613,68,610
709,574,68,635
716,585,68,629
712,624,0,603
712,572,68,637
709,570,1,638
707,597,0,621
716,588,69,626
711,581,69,631
712,585,69,629
709,576,69,634
720,640,0,593
714,577,68,633
709,572,68,636
723,622,68,605
709,572,68,636
721,597,68,621
709,567,68,640
716,590,68,625
716,597,68,621
720,592,69,624
723,590,69,625
721,595,69,622
721,594,69,623
721,592,69,624
720,594,69,623
718,597,69,621
716,590,69,625
714,585,68,628
714,583,68,630
712,577,68,633
711,576,68,634
709,576,68,634
711,613,0,610
720,577,68,633
720,576,68,634
721,588,68,626
720,590,68,625
721,585,68,628
723,577,68,633
723,583,68,630
725,586,69,627
725,585,69,629
725,588,69,626
727,585,69,629
727,585,69,628
725,576,69,634
723,581,69,631
721,574,69,635
716,572,68,636
712,572,68,637
709,599,0,620
712,572,68,636
718,639,0,594
707,581,0,631
709,558,69,646
712,610,1,613
720,570,68,638
718,568,68,639
721,576,68,634
725,574,68,635
721,579,68,632
718,577,68,633
718,585,68,629
718,585,68,628
720,595,68,622
718,594,69,623
718,585,69,628
716,586,69,627
716,590,69,625
716,581,69,631
712,581,69,631
712,574,68,635
709,603,0,617
718,581,68,631
734,612,69,611
734,601,69,618
730,604,68,616
739,621,68,606
734,606,68,615
729,608,68,614
727,613,68,610
729,612,68,611
729,610,68,613
727,604,68,616
725,604,68,616
723,599,69,619
723,599,69,619
721,597,69,621
721,597,69,621
721,595,69,622
721,594,69,623
721,590,68,625
718,586,68,627
716,585,68,629
716,579,68,632
714,577,68,633
712,574,68,635
752,612,68,612
747,608,68,614
747,608,68,614
743,608,68,614
745,604,68,616
757,644,68,591
752,612,68,612
748,608,68,614
747,604,68,616
747,603,68,617
745,606,69,615
745,601,69,618
745,601,69,618
747,599,69,619
745,595,69,622
747,590,69,625
743,585,69,629
739,577,69,633
739,574,69,635
738,577,69,633
738,574,69,635
734,570,68,638
716,592,69,624
714,594,69,623
712,590,68,625
714,592,68,624
714,594,68,623
716,595,68,622
714,594,68,623
714,594,68,623
714,586,68,627
716,588,68,626
714,588,69,626
714,588,69,626
716,597,69,621
714,588,69,626
716,583,69,630
712,572,69,636
711,570,69,638
709,568,69,639
709,567,69,640
721,585,69,628
709,563,68,642
721,586,68,627
716,547,68,652
709,541,68,656
712,585,69,629
712,579,69,632
712,581,68,631
716,585,68,628
716,585,68,629
714,588,68,626
714,588,68,626
718,590,68,625
718,592,68,624
716,586,68,627
718,586,68,627
721,585,68,628
718,585,69,628
716,585,69,628
716,585,69,629
714,570,69,638
712,568,69,639
716,574,68,635
712,579,68,632
712,604,68,616
711,604,68,616
712,604,68,616
711,610,68,613
709,608,68,614
711,612,68,612
709,612,68,612
709,612,68,612
709,608,69,614
721,624,69,604
712,610,69,613
709,608,69,614
709,604,69,616
721,689,69,562
712,601,69,618
709,635,1,597
718,604,68,616
709,594,68,623
725,624,69,603
725,626,68,602
723,622,68,605
720,622,68,605
718,622,68,605
718,621,68,606
716,621,68,606
714,619,68,607
714,619,68,607
712,613,69,610
712,612,69,611
714,606,69,615
712,622,68,605
714,626,68,602
716,624,68,603
716,624,68,603
712,624,68,604
712,622,68,605
712,624,68,604
714,622,68,605
738,637,69,595
734,635,69,597
734,637,69,596
736,639,68,594
736,637,68,595
734,637,68,596
732,637,68,595
730,637,68,596
730,637,68,596
730,635,68,597
730,635,68,597
732,633,68,598
729,630,68,600
727,626,69,602
725,624,69,604
721,619,69,607
734,644,69,591
734,644,69,591
730,639,69,594
730,639,68,594
727,640,68,593
727,640,68,593
730,644,68,591
730,640,68,593
730,639,68,594
730,637,68,595
732,637,68,596
730,631,68,599
727,630,68,600
725,628,69,601
725,622,69,605
721,619,69,607
725,631,68,599
729,637,68,596
732,637,69,596
729,630,69,600
727,626,69,602
725,628,69,601
727,624,69,603
725,626,69,602
725,630,68,600
723,624,68,603
725,621,68,606
725,619,68,607
725,621,68,606
721,619,68,607
721,619,68,607
725,619,68,607
725,626,68,602
734,626,69,602
729,633,68,598
730,631,68,599
736,658,68,582
739,675,69,572
739,680,69,568
738,673,69,573
734,658,68,582
732,651,68,586
730,653,68,585
730,653,68,585
729,651,68,586
727,651,68,586
729,651,68,586
729,657,68,583
729,658,68,582
729,657,68,583
729,653,69,585
734,669,68,575
736,675,69,572
736,678,68,569
738,678,68,569
738,684,68,566
739,687,68,563
743,693,68,560
756,703,69,553
754,702,68,554
759,707,68,551
757,700,68,556
756,703,69,553
754,700,69,556
752,693,69,560
752,694,69,559
752,694,69,559
752,698,69,557
752,698,68,557
752,696,68,558
752,700,68,556
752,696,68,558
750,689,68,562
754,691,68,561
752,687,68,564
750,684,68,566
748,684,68,566
748,680,68,568
747,675,68,571
745,669,69,575
743,664,69,578
741,658,69,582
736,678,68,569
736,675,68,571
736,673,68,573
736,673,69,573
736,669,69,575
734,662,69,579
734,662,69,580
734,666,69,577
734,669,69,575
734,669,68,575
734,671,68,574
734,671,68,574
734,669,68,575
734,666,68,577
734,662,68,579
734,662,68,579
734,660,68,581
732,657,68,583
730,653,68,585
730,649,68,588
727,644,69,591
739,673,68,573
739,666,69,577
734,660,68,581
734,658,68,582
741,675,68,572
739,673,68,573
739,666,69,577
736,666,69,577
736,666,69,577
736,667,69,576
736,669,69,575
736,667,69,576
736,671,68,574
736,666,68,577
734,660,68,581
734,658,68,582
732,653,68,585
732,653,68,585
730,653,68,585
730,648,68,589
729,648,68,589
729,646,68,590
727,639,69,594
729,648,69,589
736,662,68,580
730,651,68,586
727,655,68,584
729,658,68,582
729,658,68,582
730,662,68,579
730,662,68,580
730,664,68,578
730,664,68,578
730,667,68,576
734,667,69,576
730,651,69,586
730,649,69,588
730,651,68,586
729,651,68,586
730,651,68,586
732,649,68,588
734,646,68,590
730,642,68,592
727,637,68,595
721,651,68,586
721,655,68,584
723,657,68,583
727,658,69,582
727,655,69,584
730,658,69,582
730,658,69,582
730,660,69,581
732,657,69,583
734,658,69,582
730,657,69,583
729,651,69,586
729,649,69,587
729,649,68,588
727,646,68,590
725,640,68,593
730,669,68,575
730,666,68,577
730,669,68,575
730,669,69,575
732,667,69,576
734,669,69,575
736,667,69,576
734,666,69,577
734,662,69,580
734,662,69,580
734,662,69,580
734,662,68,580
730,658,68,582
730,655,68,584
730,653,68,585
729,649,68,587
745,696,68,558
747,693,68,560
747,693,69,560
747,694,69,559
748,696,69,558
748,689,69,562
748,689,69,562
747,687,69,563
747,684,69,566
745,685,69,565
745,678,68,569
743,675,68,572
741,671,68,574
739,664,68,578
736,658,68,582
736,633,68,598
738,639,68,594
747,675,68,571
748,675,69,572
752,675,69,571
754,682,69,567
757,684,69,566
765,691,69,561
765,687,69,563
766,689,68,562
766,687,68,563
766,696,68,558
768,698,68,557
770,703,68,553
772,705,68,552
770,707,68,551
770,703,68,553
765,702,68,554
765,687,69,563
766,689,68,562
766,687,68,563
766,696,68,558
768,698,68,557
770,703,68,553
772,705,68,552
770,707,68,551
770,703,68,553
765,702,68,554
763,700,68,556
761,698,69,557
757,696,69,558
757,691,69,561
756,691,68,561
754,689,68,562
754,689,69,562
752,684,69,566
752,678,69,569
750,675,69,571
748,671,69,574
747,667,69,576
745,662,69,580
743,657,69,583
734,658,68,582
734,658,68,582
754,675,68,572
757,675,69,572
759,676,69,570
759,684,69,566
761,685,69,565
763,684,69,566
754,675,68,572
757,675,69,572
759,676,69,570
759,684,69,566
761,685,69,565
763,684,69,566
763,684,69,566
763,689,68,562
763,689,68,562
759,687,68,563
754,685,68,565
754,689,68,562
752,687,68,563
752,684,68,566
750,678,68,569
748,684,68,566
748,678,68,569
748,675,68,571
748,673,69,573
745,669,69,575
745,666,69,577
743,662,69,580
741,658,69,582
739,655,69,584
738,649,68,587
734,642,68,592
730,644,68,591
732,649,68,588
732,653,68,585
732,662,68,580
759,678,68,569
770,673,68,573
770,675,68,572
772,684,68,566
774,689,68,562
775,689,68,562
792,703,69,553
783,698,69,557
779,687,69,563
777,689,69,562
784,885,69,441
784,694,69,559
781,685,68,565
775,685,68,565
788,718,68,544
775,691,68,561
766,689,68,562
759,703,69,553
761,705,69,552
765,718,69,544
761,712,69,548
757,707,69,551
757,709,69,550
757,709,69,550
757,703,69,553
748,696,68,558
756,696,68,558
739,646,68,590
734,646,68,590
741,657,68,583
741,660,68,581
761,685,68,565
766,691,69,561
766,684,69,566
763,687,69,563
761,694,69,559
761,687,69,563
768,685,69,565
765,680,68,568
763,687,68,564
761,691,68,561
770,707,68,551
759,689,68,562
757,693,68,560
757,691,68,561
756,696,68,558
756,700,68,556
757,703,68,553
759,703,69,553
761,698,69,557
759,698,69,557
761,702,69,554
761,700,69,556
752,675,68,572
750,675,68,572
748,676,68,570
752,678,68,569
756,682,68,567
743,678,68,569
743,667,69,576
745,666,69,577
738,626,68,602
748,644,68,591
743,639,68,594
739,651,68,586
745,651,69,586
739,651,68,586
743,675,68,571
745,678,68,569
730,615,68,609
732,657,69,583
714,617,69,608
712,615,68,609
730,630,69,600
725,635,5,597
729,653,68,585
725,567,0,640
738,682,0,567
729,649,0,588
736,608,68,614
729,604,69,616
739,774,68,509
738,797,5,495
725,635,0,597
732,619,68,607
736,671,68,574
736,671,68,574
730,655,68,584
730,651,68,586
730,655,68,584
730,651,68,586
712,613,68,610
709,615,68,609
