748,441,69,716
745,439,69,718
736,433,69,721
730,414,69,732
745,563,69,642
734,419,69,729
741,441,69,716
743,493,69,685
743,585,69,629
738,583,1,630
734,574,1,635
973,518,69,670
975,527,69,665
977,527,69,665
970,527,69,665
957,527,69,665
945,523,69,667
928,516,69,671
871,495,69,684
865,489,69,687
842,468,69,700
833,473,69,697
835,478,69,694
840,473,69,697
837,484,69,691
784,459,69,706
923,504,69,679
905,502,69,680
883,489,69,687
871,487,69,689
835,475,69,696
838,486,69,690
835,491,69,686
828,473,69,697
826,473,69,697
819,466,69,702
734,405,69,737
729,493,1,685
736,410,69,734
730,534,1,660
734,405,69,737
743,460,69,705
743,577,69,633
743,576,69,634
743,563,69,642
741,588,69,626
730,552,1,649
725,534,1,660
927,491,69,686
921,489,69,687
860,453,69,709
826,439,69,718
808,430,69,723
793,430,69,723
786,432,69,722
783,432,69,722
779,433,69,721
779,439,69,718
768,428,69,724
761,419,69,729
750,412,69,733
747,419,69,729
745,414,69,732
739,410,69,734
736,412,69,733
739,432,69,722
745,435,69,720
739,414,69,732
734,405,69,737
745,437,69,719
734,412,69,733
729,397,69,741
734,405,69,737
741,424,69,726
741,525,69,666
739,527,1,664
739,523,1,667
736,514,1,672
736,509,1,676
730,509,1,675
727,504,1,679
721,489,1,688
727,415,1,731
739,482,69,692
736,545,1,653
721,511,1,674
802,428,69,724
826,423,69,727
846,446,69,713
865,468,69,701
882,473,69,697
898,477,69,695
910,482,69,692
910,471,69,698
928,480,69,693
932,475,69,696
927,469,69,699
923,468,69,700
912,462,69,704
898,457,69,707
883,450,69,711
860,439,69,717
838,433,69,721
819,426,69,725
804,419,69,729
784,412,69,733
775,406,69,736
772,406,69,736
763,405,69,737
759,401,69,739
752,397,69,741
750,396,69,742
745,396,69,742
745,394,69,743
745,396,69,742
743,394,69,743
741,392,69,744
734,390,69,745
730,390,69,745
743,405,69,737
739,390,69,745
736,388,69,746
732,387,69,747
739,549,1,651
734,390,69,745
745,489,69,688
743,554,69,648
727,511,1,674
727,383,1,749
736,403,69,738
739,478,69,694
739,592,1,624
730,568,1,639
721,495,1,684
732,617,1,608
734,675,1,571
732,703,1,553
729,702,1,554
727,702,1,555
721,702,1,555
858,423,69,727
864,426,69,725
871,433,69,721
874,432,69,722
874,428,69,724
867,430,69,723
855,424,69,726
835,414,69,732
802,399,69,740
770,383,69,749
763,390,69,745
745,379,69,751
727,392,1,744
727,381,1,750
734,403,69,738
741,480,69,693
734,604,1,616
721,498,1,682
734,655,1,584
739,721,1,542
727,603,1,617
734,435,69,720
736,649,1,587
725,558,1,645
734,408,69,735
734,649,1,588
720,538,1,658
734,687,1,564
739,734,1,534
739,743,1,528
721,543,1,654
738,682,1,567
721,541,1,656
738,666,1,577
729,721,1,542
725,730,1,536
720,734,1,534
714,730,1,536
709,727,1,539
707,723,1,541
703,718,1,544
700,716,1,545
703,716,1,545
700,718,1,544
698,714,1,546
694,712,1,548
689,707,1,551
700,718,1,544
698,714,1,546
694,712,1,548
689,707,1,551
685,702,1,554
698,714,1,546
694,712,1,548
689,707,1,551
685,702,1,554
680,696,1,558
675,689,1,562
673,689,1,562
736,423,69,727
741,442,69,715
743,487,69,689
741,583,69,630
739,568,1,639
734,559,1,644
727,541,1,655
725,487,1,689
729,406,69,736
730,414,69,732
739,478,69,694
741,613,69,610
736,579,1,632
730,572,1,637
725,547,1,652
721,525,1,666
732,424,69,726
738,617,1,608
729,574,1,635
721,527,1,665
741,633,69,598
732,603,1,617
727,426,1,725
734,626,1,602
817,437,69,719
797,428,69,724
793,432,69,722
763,428,69,724
770,430,69,723
768,439,69,717
765,421,69,728
757,419,69,729
763,423,69,727
766,430,69,723
765,428,69,724
757,417,69,730
765,419,69,729
759,423,69,727
837,450,69,711
824,442,69,715
802,441,69,716
793,428,69,724
788,439,69,718
781,437,69,719
774,433,69,721
772,441,69,716
766,435,69,720
763,433,69,721
766,442,69,715
766,444,69,714
765,446,69,713
768,444,69,714
766,437,69,719
761,428,69,724
761,435,69,720
761,432,69,722
757,428,69,724
756,424,69,726
754,415,69,731
748,410,69,734
743,406,69,736
736,403,69,738
730,399,69,740
745,428,69,724
738,525,1,666
723,478,1,694
729,403,69,738
734,406,69,736
739,437,69,719
743,468,69,700
741,568,69,639
905,473,69,697
892,469,69,699
871,460,69,705
844,457,69,707
820,448,69,712
801,441,69,716
784,439,69,718
772,433,69,721
765,433,69,721
763,432,69,722
756,433,69,721
754,435,69,720
752,432,69,722
748,433,69,721
747,437,69,719
747,435,69,720
748,442,69,715
748,446,69,713
745,439,69,717
743,437,69,719
741,441,69,716
739,441,69,716
741,441,69,716
736,435,69,720
734,426,69,725
730,511,1,674
730,415,69,731
739,433,69,721
745,464,69,703
743,491,69,686
741,547,69,652
736,523,1,667
727,493,1,685
727,473,1,697
725,459,1,706
732,415,69,731
936,507,69,677
914,496,69,683
889,489,69,687
793,468,69,700
802,477,69,695
799,471,69,698
799,473,69,697
792,468,69,701
790,468,69,701
784,466,69,702
779,466,69,702
790,466,69,702
786,464,69,703
775,457,69,707
770,457,69,707
766,453,69,709
763,446,69,713
757,439,69,717
763,439,69,718
761,433,69,721
750,424,69,726
748,415,69,731
736,406,69,736
736,403,69,738
941,502,69,680
964,514,69,672
981,529,69,663
997,540,69,657
1009,543,69,654
1009,543,69,654
1013,543,69,654
1011,541,69,655
1013,541,69,655
1009,540,69,657
991,536,69,659
979,527,69,665
963,520,69,669
934,509,69,675
918,498,69,682
736,529,1,663
730,379,69,751
739,396,69,742
739,577,1,633
734,549,1,651
727,518,1,670
725,439,1,718
739,468,69,701
739,608,1,614
734,556,1,647
727,541,1,656
723,500,1,681
736,660,1,581
721,531,1,662
741,622,69,605
730,588,1,626
739,612,69,612
727,603,1,617
734,689,1,562
736,730,1,536
736,736,1,533
734,738,1,532
730,738,1,532
730,738,1,532
730,741,1,530
734,741,1,530
676,1168,21,294
676,788,1,500
714,921,1,421
667,961,21,398
680,804,1,490
709,909,1,428
685,1265,1,253
673,793,1,497
698,858,1,458
694,853,1,461
712,955,1,401
694,1224,1,270
673,779,1,506
702,874,1,448
711,1085,1,333
680,768,1,512
700,1171,1,292
682,774,1,509
720,997,1,378
673,750,1,524
705,873,1,449
676,1139,21,307
680,783,1,504
711,928,1,416
676,1168,21,294
676,788,1,500
714,921,1,421
667,961,21,398
680,804,1,490
709,909,1,428
685,1265,1,253
673,793,1,497
698,858,1,458
838,572,69,636
824,590,69,625
813,603,69,617
797,613,69,610
790,615,69,609
781,599,69,620
775,588,69,626
770,599,69,620
763,604,69,616
761,604,69,616
757,590,69,625
754,597,69,621
754,599,69,620
752,599,69,619
752,603,69,617
752,592,69,624
748,601,69,618
745,603,69,617
741,597,69,621
738,590,69,625
734,583,69,630
729,576,69,634
736,687,1,564
738,732,1,535
734,750,1,524
734,741,1,529
730,750,1,524
727,747,1,526
725,747,1,526
723,741,1,529
891,466,69,702
874,459,69,706
853,453,69,709
833,444,69,714
815,439,69,717
797,439,69,718
786,432,69,722
774,432,69,722
766,424,69,726
759,424,69,726
759,428,69,724
756,424,69,726
750,430,69,723
750,424,69,726
743,437,69,719
739,426,69,725
736,433,69,721
730,433,69,721
729,428,69,724
739,444,69,714
727,505,1,678
736,435,69,720
743,595,69,622
727,552,1,649
730,430,69,723
736,433,69,721
743,459,69,706
727,516,1,671
725,468,1,700
729,415,69,731
736,442,69,715
741,612,69,611
730,417,69,730
734,603,1,617
720,541,1,655
981,513,69,673
970,507,69,677
957,507,69,677
943,498,69,682
777,459,69,706
775,462,69,704
770,448,69,712
770,459,69,706
766,455,69,708
765,455,69,708
757,453,69,709
754,442,69,715
752,446,69,713
750,442,69,715
747,439,69,717
745,433,69,721
739,426,69,725
736,415,69,731
730,412,69,733
745,439,69,717
734,558,1,646
727,540,1,657
725,527,1,665
700,691,1,561
698,689,1,562
693,696,1,558
678,709,1,550
675,694,1,559
673,687,1,563
671,682,1,567
716,941,1,409
682,741,1,529
675,702,1,555
671,685,1,565
698,828,1,476
671,716,1,545
712,932,1,414
676,741,1,530
716,1033,1,359
680,761,1,517
711,1044,1,354
698,702,1,554
694,702,1,554
694,703,1,553
689,700,1,556
685,696,1,558
682,694,1,559
680,691,1,561
675,687,1,564
716,1011,1,371
685,757,1,519
678,709,1,550
675,694,1,559
673,687,1,563
671,682,1,567
716,941,1,409
682,741,1,529
675,702,1,555
671,685,1,565
698,828,1,476
671,716,1,545
712,932,1,414
676,741,1,530
716,1033,1,359
680,761,1,517
711,1044,1,354
676,766,1,514
714,919,1,422
691,709,1,550
691,705,1,552
687,702,1,554
684,700,1,556
682,693,1,560
680,689,1,562
680,691,1,561
678,693,1,560
680,691,1,561
676,687,1,563
673,687,1,563
732,507,69,677
730,514,69,672
736,532,69,661
736,540,69,657
734,550,69,650
734,556,69,647
736,567,69,640
739,567,69,640
729,572,69,636
734,669,1,575
739,720,1,543
736,736,1,533
730,736,1,533
729,736,1,533
723,734,1,534
725,730,1,536
720,729,1,537
716,727,1,538
711,727,1,539
709,725,1,540
703,720,1,543
694,712,1,548
691,709,1,550
691,705,1,552
687,702,1,554
684,700,1,556
682,693,1,560
680,689,1,562
680,691,1,561
678,693,1,560
680,691,1,561
676,687,1,563
673,687,1,563
691,709,1,550
691,705,1,552
687,702,1,554
684,700,1,556
682,693,1,560
680,689,1,562
680,691,1,561
678,693,1,560
680,691,1,561
676,687,1,563
673,687,1,563
673,687,1,564
671,684,1,566
711,727,1,539
700,714,1,546
698,714,1,546
691,711,1,549
689,703,1,553
691,703,1,553
685,702,1,555
682,698,1,557
680,694,1,559
678,693,1,560
676,689,1,562
673,685,1,565
673,684,1,566
671,680,1,568
705,824,1,478
680,714,1,546
669,768,21,512
770,439,69,717
763,457,69,707
766,486,69,690
761,491,69,686
754,509,69,675
745,516,69,671
743,525,69,666
743,536,69,659
734,540,69,657
727,651,1,586
734,716,1,545
738,738,1,532
734,741,1,529
725,738,1,532
720,734,1,534
716,732,1,535
711,727,1,539
700,714,1,546
698,714,1,546
691,711,1,549
689,703,1,553
691,703,1,553
685,702,1,555
682,698,1,557
680,694,1,559
678,693,1,560
676,689,1,562
673,685,1,565
673,684,1,566
671,680,1,568
705,824,1,478
680,714,1,546
669,768,21,512
700,714,1,546
698,714,1,546
691,711,1,549
689,703,1,553
691,703,1,553
685,702,1,555
682,698,1,557
680,694,1,559
678,693,1,560
676,689,1,562
673,685,1,565
673,684,1,566
671,680,1,568
705,824,1,478
680,714,1,546
669,768,21,512
698,817,1,483
669,703,21,553
898,477,69,695
885,469,69,699
874,460,69,705
862,442,69,715
847,439,69,717
838,459,69,706
835,471,69,698
829,489,69,688
826,525,69,666
817,552,69,649
811,574,69,635
804,588,69,626
799,590,69,625
795,592,69,624
788,599,69,619
784,610,69,613
784,606,69,615
779,612,69,611
779,608,69,614
774,599,69,619
772,603,69,617
770,590,69,625
766,581,69,631
763,583,69,630
759,576,69,634
757,572,69,637
754,561,69,643
750,552,69,649
745,541,69,656
741,522,69,668
689,691,1,561
720,725,1,540
714,720,1,543
709,716,1,545
705,716,1,545
700,707,1,551
694,700,1,556
691,694,1,559
689,691,1,561
685,696,1,558
685,694,1,559
829,419,69,729
855,439,69,718
883,453,69,709
905,468,69,701
925,478,69,694
941,489,69,688
952,496,69,683
961,504,69,679
968,504,69,679
970,507,69,677
972,509,69,675
966,504,69,679
957,504,69,679
943,500,69,681
923,491,69,686
900,482,69,692
871,477,69,695
790,453,69,709
734,428,69,724
745,462,69,704
739,581,1,631
725,538,1,658
727,430,1,723
729,405,69,737
732,414,69,732
739,484,69,691
795,460,69,705
788,460,69,705
788,466,69,702
779,448,69,712
781,457,69,707
775,448,69,712
772,441,69,716
772,457,69,707
772,457,69,707
765,439,69,718
765,453,69,709
772,459,69,706
779,453,69,709
775,446,69,713
772,439,69,718
775,433,69,721
770,426,69,725
775,432,69,722
765,421,69,728
757,412,69,733
747,403,69,738
736,394,69,743
727,459,1,706
936,489,69,687
937,498,69,682
930,496,69,683
889,468,69,701
851,448,69,712
844,448,69,712
844,462,69,704
826,444,69,714
829,451,69,710
810,428,69,724
792,417,69,730
763,403,69,738
757,399,69,740
754,414,69,732
763,417,69,730
770,435,69,720
770,433,69,721
766,424,69,726
761,432,69,722
754,435,69,720
748,426,69,725
745,428,69,724
745,426,69,725
747,424,69,726
743,426,69,725
743,430,69,723
745,430,69,723
739,428,69,724
736,406,69,736
730,417,69,730
729,412,69,733
736,415,69,731
745,491,69,686
743,538,69,658
729,493,1,685
729,410,69,734
732,415,69,731
736,424,69,726
829,441,69,716
826,448,69,712
829,450,69,711
831,459,69,706
826,462,69,704
806,471,69,698
806,466,69,702
797,451,69,710
892,459,69,706
741,480,69,693
732,739,1,531
729,739,1,531
725,736,1,533
721,732,1,535
716,727,1,538
712,725,1,540
711,723,1,541
712,725,1,540
711,723,1,541
707,718,1,544
702,714,1,546
696,711,1,549
693,707,1,551
739,441,69,716
743,538,69,658
727,504,1,679
730,428,69,724
739,455,69,708
727,507,1,677
727,426,1,725
730,430,69,723
734,441,69,716
743,507,69,677
743,547,69,652
736,531,1,662
729,518,1,670
723,500,1,681
757,450,69,711
754,441,69,716
748,432,69,722
970,516,69,671
972,520,69,669
991,532,69,661
990,532,69,661
977,525,69,666
941,509,69,676
934,509,69,675
914,498,69,682
900,493,69,685
892,489,69,687
889,491,69,686
883,498,69,682
880,500,69,681
876,502,69,680
873,502,69,680
867,502,69,680
873,505,69,678
865,504,69,679
864,502,69,680
860,504,69,679
806,460,69,705
793,446,69,713
781,437,69,719
768,432,69,722
966,505,69,678
968,509,69,676
961,502,69,680
954,504,69,679
941,496,69,683
932,495,69,684
923,489,69,687
910,489,69,687
898,486,69,690
876,477,69,695
855,469,69,699
835,464,69,703
817,459,69,706
806,455,69,708
795,444,69,714
793,442,69,715
792,444,69,714
790,439,69,717
788,439,69,718
784,437,69,719
783,435,69,720
777,435,69,720
770,423,69,727
763,423,69,727
759,424,69,726
757,423,69,727
754,424,69,726
756,439,69,718
759,437,69,719
757,428,69,724
752,423,69,727
743,406,69,736
734,401,69,739
729,487,1,689
727,475,1,696
729,397,69,741
732,403,69,738
734,405,69,737
734,412,69,733
739,441,69,716
741,516,69,671
738,541,1,656
730,527,1,665
921,466,69,702
923,468,69,700
921,466,69,702
928,469,69,699
916,464,69,703
905,462,69,704
889,459,69,706
878,455,69,708
867,453,69,709
847,448,69,712
817,442,69,715
797,433,69,721
779,432,69,722
766,424,69,726
757,423,69,727
754,424,69,726
747,423,69,727
743,423,69,727
738,423,69,727
736,424,69,726
734,423,69,727
729,419,69,729
741,437,69,719
739,527,1,664
730,430,69,723
741,442,69,715
732,511,1,674
730,426,69,725
741,441,69,716
741,538,69,658
734,516,1,671
729,505,1,678
725,498,1,682
725,478,1,694
727,433,1,721
736,711,1,549
730,718,1,544
729,723,1,541
721,725,1,540
716,720,1,543
712,720,1,543
709,716,1,545
707,716,1,545
703,716,1,545
653,626,1,602
655,653,1,585
655,664,1,578
655,666,1,577
658,671,1,574
660,671,1,574
662,671,1,574
662,675,1,572
666,676,1,570
667,678,1,569
673,687,1,564
676,685,1,565
684,687,1,564
693,696,1,558
702,702,1,555
718,703,1,553
743,685,69,565
739,387,69,747
729,457,1,707
754,394,69,743
739,379,69,751
750,385,69,748
754,388,69,746
747,385,69,748
739,390,69,745
732,387,69,747
730,383,69,749
729,388,69,746
738,457,1,707
734,498,1,682
730,509,1,675
725,507,1,677
723,500,1,681
727,466,1,702
727,428,1,724
736,455,69,708
736,561,1,643
730,534,1,660
727,522,1,668
725,507,1,677
730,439,69,717
734,448,69,712
734,534,1,660
729,527,1,665
727,514,1,672
727,477,1,695
730,428,69,724
736,441,69,716
739,468,69,700
741,545,69,653
739,558,1,646
734,543,1,654
725,525,1,666
732,446,69,713
734,572,1,636
739,649,1,588
725,540,1,657
793,435,69,720
799,410,69,734
826,417,69,730
851,433,69,721
878,448,69,712
900,464,69,703
916,477,69,695
923,480,69,693
932,489,69,688
934,491,69,686
932,495,69,684
932,496,69,683
918,495,69,684
914,498,69,682
797,462,69,704
775,439,69,718
774,433,69,721
770,430,69,723
772,424,69,726
759,417,69,730
745,408,69,735
743,410,69,734
734,401,69,739
952,487,69,689
943,484,69,691
939,486,69,690
932,480,69,693
909,468,69,700
889,462,69,704
869,453,69,709
851,442,69,715
831,439,69,718
811,424,69,726
797,423,69,727
793,424,69,726
788,421,69,728
779,421,69,728
775,421,69,728
772,421,69,728
770,421,69,728
766,421,69,728
763,421,69,728
761,419,69,729
763,417,69,730
754,410,69,734
748,397,69,741
747,397,69,741
745,390,69,745
743,396,69,742
745,387,69,747
736,388,69,746
743,394,69,743
736,388,69,746
734,385,69,748
738,406,69,736
747,450,69,711
741,487,69,689
743,477,69,695
743,478,69,694
741,576,69,634
736,597,1,621
745,424,69,726
750,421,69,728
748,415,69,731
743,412,69,733
968,523,69,667
950,516,69,671
937,513,69,673
923,504,69,679
855,487,69,689
851,486,69,690
849,489,69,688
849,489,69,687
829,471,69,698
824,482,69,692
824,478,69,694
820,478,69,694
822,484,69,691
835,489,69,688
835,478,69,694
828,477,69,695
824,478,69,694
824,477,69,695
820,482,69,692
822,480,69,693
820,477,69,695
795,453,69,709
783,444,69,714
779,435,69,720
765,426,69,725
761,424,69,726
752,415,69,731
743,406,69,736
955,489,69,687
912,473,69,697
891,466,69,702
869,460,69,705
853,453,69,709
833,446,69,713
815,442,69,715
797,439,69,717
784,437,69,719
729,486,1,690
732,403,69,738
739,518,1,670
736,516,1,671
734,419,69,729
739,507,69,677
910,498,69,682
905,500,69,681
898,498,69,682
880,486,69,690
862,477,69,695
849,477,69,695
846,487,69,689
846,482,69,692
842,486,69,690
847,487,69,689
855,495,69,684
759,432,69,722
750,432,69,722
748,430,69,723
952,500,69,681
968,511,69,674
979,520,69,669
977,522,69,668
730,399,69,740
727,457,1,707
730,403,69,738
743,439,69,717
736,507,1,677
732,504,1,679
730,505,1,678
730,505,1,678
725,500,1,681
723,495,1,684
734,432,69,722
738,435,69,720
736,545,1,653
961,522,69,668
874,509,69,676
871,500,69,681
864,509,69,676
860,504,69,679
851,502,69,680
847,495,69,684
842,489,69,687
745,405,69,737
734,399,69,740
743,437,69,719
865,453,69,709
1000,536,69,659
1006,541,69,656
853,505,69,678
849,504,69,679
846,505,69,678
842,507,69,677
835,502,69,680
831,496,69,683
826,498,69,682
824,500,69,681
810,486,69,690
810,487,69,689
811,491,69,686
811,489,69,687
808,487,69,689
806,471,69,698
810,480,69,693
806,464,69,703
797,455,69,708
788,450,69,711
779,442,69,715
770,444,69,714
754,430,69,723
743,428,69,724
736,417,69,730
743,482,69,692
880,473,69,697
891,484,69,691
880,478,69,694
766,442,69,715
759,437,69,719
754,432,69,722
747,423,69,727
739,419,69,729
856,455,69,708
883,469,69,699
916,489,69,688
941,502,69,680
943,509,69,675
948,511,69,674
959,511,69,674
959,513,69,673
964,511,69,674
968,514,69,672
964,514,69,672
966,513,69,673
963,514,69,672
952,511,69,674
941,509,69,676
919,502,69,680
905,496,69,683
889,495,69,684
873,486,69,690
855,486,69,690
838,480,69,693
802,475,69,696
779,464,69,703
772,455,69,708
763,441,69,716
703,691,1,561
727,703,1,553
752,727,1,539
775,743,1,528
808,495,69,684
824,446,69,713
851,450,69,711
878,466,69,702
901,480,69,693
921,496,69,683
937,507,69,677
952,513,69,673
950,513,69,673
948,509,69,675
959,520,69,669
912,495,69,684
727,703,1,553
734,718,1,544
739,727,1,539
757,741,1,530
770,754,1,522
806,622,69,605
826,468,69,700
856,469,69,699
887,486,69,690
919,498,69,682
946,513,69,673
964,522,69,668
739,702,1,555
797,752,1,523
806,399,69,740
828,417,69,730
860,442,69,715
892,468,69,700
921,491,69,686
946,511,69,674
970,529,69,663
990,541,69,656
1006,550,69,650
1024,561,69,643
790,439,69,718
919,480,69,693
928,484,69,691
930,486,69,690
925,480,69,693
919,477,69,695
914,475,69,696
916,478,69,694
907,473,69,697
889,468,69,700
878,468,69,701
862,460,69,705
847,457,69,707
831,451,69,710
817,446,69,713
802,442,69,715
793,441,69,716
788,444,69,714
783,448,69,712
781,448,69,712
777,448,69,712
752,435,69,720
750,433,69,721
748,430,69,723
743,423,69,727
738,417,69,730
736,415,69,731
729,403,69,738
727,397,69,741
718,390,69,745
720,397,69,741
855,435,69,720
876,450,69,711
889,457,69,707
898,459,69,706
909,462,69,704
923,468,69,700
928,473,69,697
930,471,69,698
932,473,69,697
928,473,69,697
928,473,69,697
916,468,69,700
905,468,69,701
892,462,69,704
878,457,69,707
860,453,69,709
842,444,69,714
828,446,69,713
808,439,69,718
793,439,69,718
784,439,69,717
779,439,69,718
774,439,69,718
766,437,69,719
766,435,69,720
763,433,69,721
759,437,69,719
757,439,69,718
754,439,69,717
756,441,69,716
752,442,69,715
752,441,69,716
748,430,69,723
747,421,69,728
750,424,69,726
752,417,69,730
748,415,69,731
743,406,69,736
739,410,69,734
754,423,69,727
739,410,69,734
734,399,69,740
727,397,69,741
718,390,69,745
729,504,1,679
718,388,69,746
725,399,69,740
730,421,69,728
730,493,69,685
822,415,69,731
844,433,69,721
874,451,69,710
903,469,69,699
928,484,69,691
950,500,69,681
968,509,69,675
982,518,69,670
988,522,69,668
991,525,69,666
1004,532,69,661
1002,534,69,660
1006,536,69,659
997,538,69,658
817,412,69,733
842,430,69,723
874,451,69,710
905,471,69,698
932,484,69,691
957,500,69,681
979,514,69,672
999,531,69,662
1011,538,69,658
1024,547,69,652
1029,552,69,649
1031,552,69,649
1031,559,69,644
1031,558,69,645
1024,559,69,644
1013,558,69,645
959,541,69,655
772,439,69,718
763,435,69,720
748,633,1,598
799,642,1,592
806,408,69,735
833,426,69,725
867,448,69,712
898,471,69,698
923,491,69,686
952,509,69,676
975,527,69,665
991,534,69,660
1011,547,69,652
1024,554,69,648
1040,567,69,640
1045,572,69,637
1051,572,69,636
772,437,69,719
765,424,69,726
754,412,69,733
734,658,1,582
757,657,1,583
788,667,1,576
788,680,1,568
775,693,1,560
768,727,1,539
763,739,1,531
761,741,1,530
784,759,1,518
811,460,69,705
858,457,69,707
891,468,69,701
916,477,69,695
930,489,69,688
937,491,69,686
946,498,69,682
950,504,69,679
950,507,69,677
943,507,69,677
932,500,69,681
761,421,69,728
757,417,69,730
752,412,69,733
743,403,69,738
730,388,69,746
723,383,69,749
732,468,69,700
702,594,1,623
709,595,1,622
723,597,1,621
772,601,1,618
808,457,69,707
826,433,69,721
853,446,69,713
880,464,69,703
907,478,69,694
927,493,69,685
945,504,69,679
961,514,69,672
973,522,69,668
981,525,69,666
977,522,69,668
977,523,69,667
977,522,69,668
973,520,69,669
957,513,69,673
937,509,69,676
923,504,69,679
824,475,69,696
808,455,69,708
790,437,69,719
775,419,69,729
759,388,69,746
730,381,69,750
727,505,1,678
723,522,1,668
720,509,1,676
716,491,1,686
718,394,1,743
723,403,69,738
729,419,69,729
730,464,69,703
727,527,1,665
721,505,1,678
720,399,69,740
729,417,69,730
718,403,69,738
734,446,69,713
718,475,1,696
721,408,69,735
732,464,69,703
729,522,1,668
721,507,1,677
716,487,1,689
714,486,1,690
716,401,1,739
725,419,69,729
730,514,69,672
723,531,1,662
1000,540,69,657
1013,547,69,652
1013,545,69,653
1018,549,69,651
1020,550,69,650
1020,552,69,649
1011,549,69,651
997,543,69,654
982,543,69,654
966,541,69,656
954,540,69,657
936,534,69,660
923,527,69,664
910,527,69,664
905,525,69,666
910,527,69,664
907,527,69,664
903,527,69,664
896,529,69,663
891,529,69,663
889,531,69,662
894,529,69,663
896,532,69,661
900,536,69,659
892,534,69,660
892,531,69,662
880,532,69,661
880,531,69,662
876,531,69,662
871,525,69,666
865,525,69,666
865,520,69,669
860,520,69,669
855,514,69,672
842,507,69,677
847,509,69,675
844,505,69,678
844,502,69,680
835,493,69,685
824,487,69,689
817,480,69,693
806,471,69,698
802,466,69,702
797,460,69,705
718,648,1,589
727,646,1,590
759,642,1,592
806,559,69,644
804,410,69,734
835,435,69,720
869,460,69,705
898,482,69,692
925,500,69,681
952,518,69,670
982,534,69,660
1004,549,69,651
1024,561,69,643
1040,572,69,636
1049,576,69,634
1058,581,69,631
756,698,1,557
786,693,1,560
797,417,69,730
811,424,69,726
844,446,69,713
874,468,69,701
903,487,69,689
932,505,69,678
959,520,69,669
982,536,69,659
1004,550,69,650
1020,559,69,644
1036,572,69,637
1051,579,69,632
1058,585,69,629
1065,590,69,625
1069,594,69,623
1072,595,69,622
1069,595,69,622
1063,594,69,623
1053,590,69,625
1036,583,69,630
1022,576,69,634
993,572,69,637
982,568,69,639
964,558,69,645
946,556,69,647
932,554,69,648
923,550,69,650
916,554,69,648
912,543,69,654
905,545,69,653
898,541,69,655
892,547,69,652
887,547,69,652
883,538,69,658
883,532,69,661
874,540,69,657
873,540,69,657
865,538,69,658
862,532,69,661
865,527,69,664
862,531,69,662
860,538,69,658
853,529,69,663
849,529,69,663
849,531,69,662
842,523,69,667
840,518,69,670
835,514,69,672
833,511,69,674
829,509,69,676
824,502,69,680
819,493,69,685
815,487,69,689
802,473,69,697
795,450,69,711
781,433,69,721
743,657,1,583
770,658,1,582
804,455,69,708
799,406,69,736
819,419,69,729
847,439,69,718
874,459,69,706
901,477,69,695
934,496,69,683
964,511,69,674
970,520,69,669
966,513,69,673
963,509,69,676
961,505,69,678
963,504,69,679
955,505,69,678
948,504,69,679
939,504,69,679
937,500,69,681
928,498,69,682
914,496,69,683
901,491,69,686
883,484,69,691
862,473,69,697
727,405,69,737
721,401,69,739
730,703,1,553
738,709,1,550
739,714,1,546
745,721,1,542
748,723,1,541
754,727,1,539
754,729,1,537
757,732,1,535
757,734,1,534
757,736,1,533
759,738,1,532
761,739,1,531
732,403,69,738
734,460,69,705
727,516,1,671
723,390,69,745
738,397,69,741
750,405,69,737
761,410,69,734
761,412,69,733
765,415,69,731
772,421,69,728
748,433,69,721
729,408,69,735
725,581,1,631
761,581,1,631
806,545,69,653
806,424,69,726
828,428,69,724
853,446,69,713
885,468,69,701
919,486,69,690
948,507,69,677
968,520,69,669
802,460,69,705
730,648,1,589
750,648,1,589
784,651,1,586
797,408,69,735
806,408,69,735
829,426,69,725
865,448,69,712
898,473,69,697
936,498,69,682
957,516,69,671
982,538,69,658
1004,556,69,647
1020,561,69,643
1042,576,69,634
1053,586,69,627
1060,592,69,624
1063,594,69,623
1065,595,69,622
1065,595,69,622
1058,595,69,622
806,468,69,700
804,468,69,701
806,466,69,702
797,462,69,704
792,457,69,707
1000,556,69,647
1018,567,69,640
1031,574,69,635
1040,581,69,631
1049,585,69,628
1054,594,69,623
1051,592,69,624
1045,592,69,624
1040,594,69,623
1031,595,69,622
1015,595,69,622
1006,594,69,623
988,585,69,629
973,577,69,633
961,568,69,639
946,570,69,638
943,574,69,635
937,567,69,640
937,570,69,638
934,576,69,634
939,585,69,629
934,585,69,629
928,572,69,636
914,565,69,641
905,558,69,646
901,567,69,640
905,563,69,642
903,568,69,639
898,559,69,644
891,543,69,654
887,527,69,664
878,513,69,673
865,511,69,674
865,509,69,675
867,504,69,679
862,495,69,684
856,493,69,685
851,570,69,638
838,486,69,690
835,480,69,693
838,480,69,693
819,471,69,698
811,475,69,696
808,468,69,700
801,464,69,703
797,444,69,714
754,684,1,566
775,684,1,566
799,684,1,566
799,417,69,730
826,432,69,722
858,450,69,711
889,469,69,699
921,489,69,687
955,509,69,675
982,527,69,664
1004,541,69,656
1018,556,69,647
1038,567,69,640
1051,572,69,637
1060,583,69,630
1060,583,69,630
1067,585,69,628
1072,590,69,625
1071,597,69,621
1071,597,69,621
1069,604,69,616
1051,599,69,620
964,567,69,640
950,567,69,640
936,567,69,640
844,498,69,682
829,487,69,689
815,468,69,701
793,441,69,716
1047,583,69,630
1056,586,69,627
1069,595,69,622
1072,601,69,618
1080,606,69,615
1080,608,69,614
1074,601,69,618
1074,608,69,614
1063,606,69,615
1049,601,69,618
1040,599,69,619
1018,586,69,627
997,581,69,631
977,572,69,636
775,725,1,540
802,711,69,549
793,426,69,725
811,430,69,723
838,448,69,712
869,464,69,703
903,489,69,688
936,509,69,675
968,527,69,665
993,541,69,655
1013,556,69,647
1033,568,69,639
1047,583,69,630
1056,586,69,627
1069,595,69,622
1072,601,69,618
1080,606,69,615
1080,608,69,614
1074,601,69,618
1074,608,69,614
1063,606,69,615
1049,601,69,618
1040,599,69,619
1018,586,69,627
997,581,69,631
977,572,69,636
963,559,69,644
946,550,69,650
943,558,69,645
943,567,69,640
937,565,69,641
943,567,69,640
928,565,69,641
930,563,69,642
918,559,69,644
910,558,69,646
898,545,69,653
894,552,69,649
889,554,69,648
887,550,69,650
891,541,69,655
882,541,69,656
887,532,69,661
903,541,69,655
905,541,69,656
894,534,69,660
885,532,69,661
883,527,69,665
874,518,69,670
851,505,69,678
842,496,69,683
835,487,69,689
826,478,69,694
820,475,69,696
815,469,69,699
806,464,69,703
797,453,69,709
790,448,69,712
1051,579,69,632
1063,586,69,627
1069,594,69,623
1071,597,69,621
1072,595,69,622
1029,574,69,635
1045,590,69,625
968,538,69,658
770,703,1,553
797,700,1,556
797,415,69,731
817,430,69,723
851,451,69,710
883,473,69,697
918,496,69,683
950,518,69,670
979,534,69,660
1008,552,69,649
1022,561,69,643
1036,572,69,637
1051,579,69,632
1063,586,69,627
1069,594,69,623
1071,597,69,621
1072,595,69,622
1031,568,69,639
1029,574,69,635
1045,590,69,625
1009,561,69,643
968,538,69,658
941,525,69,666
923,520,69,669
901,523,69,667
923,520,69,669
919,520,69,669
916,527,69,665
910,520,69,669
907,518,69,670
901,523,69,667
907,527,69,665
896,513,69,673
883,487,69,689
874,489,69,688
865,487,69,689
865,487,69,689
862,478,69,694
851,473,69,697
847,471,69,698
844,475,69,696
840,468,69,700
833,471,69,698
831,471,69,698
833,487,69,689
826,473,69,697
819,466,69,702
817,475,69,696
815,469,69,699
804,459,69,706
799,453,69,709
810,450,69,711
797,442,69,715
793,439,69,717
775,424,69,726
761,410,69,734
750,640,1,593
763,640,1,593
799,642,1,592
797,432,69,722
829,441,69,716
829,439,69,717
799,424,69,726
820,437,69,719
815,435,69,720
799,430,69,723
795,430,69,723
793,430,69,723
808,439,69,718
867,471,69,698
914,498,69,682
946,516,69,671
961,527,69,664
795,430,69,723
793,430,69,723
808,439,69,718
867,471,69,698
914,498,69,682
946,516,69,671
961,527,69,664
982,538,69,658
990,547,69,652
991,552,69,649
986,556,69,647
970,558,69,646
963,554,69,648
878,504,69,679
869,496,69,683
856,484,69,691
856,478,69,694
842,464,69,703
826,459,69,706
813,448,69,712
801,442,69,715
802,441,69,716
806,455,69,708
810,455,69,708
808,460,69,705
813,464,69,703
810,464,69,703
804,455,69,708
804,462,69,704
799,459,69,706
795,459,69,706
790,450,69,711
788,442,69,715
775,435,69,720
766,426,69,725
763,423,69,727
759,419,69,729
775,435,69,720
766,426,69,725
763,423,69,727
759,419,69,729
754,667,1,576
768,666,1,577
783,662,1,579
788,662,1,579
797,493,69,685
804,495,69,684
799,426,69,725
815,428,69,724
835,435,69,720
865,450,69,711
894,468,69,700
919,489,69,687
932,496,69,683
946,507,69,677
968,523,69,667
932,496,69,683
946,507,69,677
968,523,69,667
991,540,69,657
1004,549,69,651
1017,558,69,645
1024,563,69,642
1020,565,69,641
1017,570,69,638
1009,579,69,632
1000,572,69,637
820,466,69,702
808,460,69,705
797,451,69,710
793,448,69,712
779,439,69,717
770,428,69,724
766,430,69,723
761,423,69,727
754,415,69,731
745,401,69,739
739,392,69,744
793,448,69,712
779,439,69,717
770,428,69,724
766,430,69,723
761,423,69,727
754,415,69,731
745,401,69,739
739,392,69,744
723,599,1,620
745,599,1,619
779,603,1,617
802,439,69,717
968,518,69,670
1008,541,69,655
1017,549,69,651
1033,563,69,642
1040,565,69,641
1042,568,69,639
1042,568,69,639
1042,572,69,636
1040,576,69,634
1031,572,69,636
1018,572,69,636
756,421,69,728
752,421,69,728
752,421,69,728
745,410,69,734
820,491,69,686
819,487,69,689
811,469,69,699
804,462,69,704
799,453,69,709
790,446,69,713
781,433,69,721
772,424,69,726
763,414,69,732
754,408,69,735
756,421,69,728
752,421,69,728
752,421,69,728
745,410,69,734
1036,567,69,640
1036,565,69,641
1036,568,69,639
1038,574,69,635
1024,570,69,638
997,558,69,645
991,568,69,639
982,572,69,637
970,563,69,642
955,567,69,640
930,541,69,656
918,540,69,657
910,538,69,658
901,513,69,673
844,509,69,675
999,541,69,656
1015,554,69,648
1027,558,69,645
1036,567,69,640
1036,565,69,641
1036,568,69,639
1038,574,69,635
1024,570,69,638
997,558,69,645
991,568,69,639
982,572,69,637
970,563,69,642
955,567,69,640
941,549,69,651
930,541,69,656
918,540,69,657
910,538,69,658
901,513,69,673
887,514,69,672
887,534,69,660
885,532,69,661
882,541,69,655
882,540,69,657
874,534,69,660
871,541,69,656
882,552,69,649
874,545,69,653
880,540,69,657
871,541,69,656
869,543,69,654
862,538,69,658
855,531,69,662
855,527,69,664
847,525,69,666
844,520,69,669
844,509,69,675
835,500,69,681
829,491,69,686
824,482,69,692
824,482,69,692
815,473,69,697
806,466,69,702
808,466,69,702
799,462,69,704
790,460,69,705
792,457,69,707
795,457,69,707
788,457,69,707
786,455,69,708
757,709,1,550
781,716,1,545
799,457,69,707
806,428,69,724
829,441,69,716
842,446,69,713
878,466,69,702
903,482,69,692
937,504,69,679
966,520,69,669
988,536,69,659
1006,549,69,651
1024,558,69,645
1038,567,69,640
1049,574,69,635
1058,583,69,630
1067,588,69,626
1072,595,69,622
1071,597,69,621
1063,595,69,622
1054,599,69,620
1031,592,69,624
847,468,69,700
833,466,69,702
824,460,69,705
804,441,69,716
792,437,69,719
790,437,69,719
786,437,69,719
784,437,69,719
783,435,69,720
775,430,69,723
775,428,69,724
766,421,69,728
765,419,69,729
763,419,69,729
765,419,69,729
763,419,69,729
759,417,69,730
743,646,1,590
752,651,1,586
761,657,1,583
768,662,1,579
781,666,1,577
788,437,69,719
817,450,69,711
808,428,69,724
786,513,1,673
784,505,1,678
831,451,69,710
846,450,69,711
871,464,69,703
921,495,69,684
871,464,69,703
921,495,69,684
959,520,69,669
986,540,69,657
1006,547,69,652
1015,554,69,648
1022,558,69,645
1018,561,69,643
1011,563,69,642
1004,563,69,642
865,489,69,687
847,475,69,696
840,455,69,708
817,439,69,718
748,405,69,737
745,405,69,737
738,403,69,738
734,408,69,735
734,403,69,738
732,403,69,738
729,399,69,740
729,397,69,741
721,396,69,742
761,410,69,734
756,412,69,733
748,405,69,737
745,405,69,737
738,403,69,738
730,403,69,738
732,399,69,740
730,401,69,739
730,406,69,736
736,412,69,733
734,408,69,735
734,403,69,738
732,403,69,738
729,399,69,740
729,397,69,741
721,396,69,742
752,649,1,588
772,648,1,589
801,646,69,590
793,433,69,721
806,426,69,725
824,435,69,720
847,448,69,712
874,464,69,703
941,505,69,678
959,518,69,670
979,531,69,662
991,541,69,656
997,545,69,653
973,529,69,663
952,518,69,670
964,531,69,662
977,541,69,656
986,549,69,651
986,558,69,645
973,554,69,648
964,550,69,650
849,498,69,682
846,502,69,680
802,444,69,714
792,437,69,719
786,432,69,722
777,430,69,723
765,419,69,729
761,417,69,730
761,417,69,730
761,651,1,586
779,649,1,588
801,604,69,616
795,545,1,653
797,423,69,727
819,428,69,724
847,442,69,715
878,460,69,705
905,475,69,696
882,464,69,703
883,466,69,702
887,469,69,699
927,495,69,684
961,516,69,671
887,469,69,699
927,495,69,684
961,516,69,671
982,529,69,663
995,538,69,658
1000,547,69,652
1002,552,69,649
1002,552,69,649
988,552,69,649
977,547,69,652
961,547,69,652
948,543,69,654
936,541,69,656
910,534,69,660
847,491,69,686
851,487,69,689
851,475,69,696
835,468,69,701
826,462,69,704
820,457,69,707
804,448,69,712
797,442,69,715
788,439,69,717
783,439,69,718
775,432,69,722
770,432,69,722
766,424,69,726
761,419,69,729
756,415,69,731
770,432,69,722
766,424,69,726
761,419,69,729
756,415,69,731
761,689,1,562
788,685,1,565
801,453,69,709
817,433,69,721
846,446,69,713
874,464,69,703
903,486,69,690
930,502,69,680
964,518,69,670
991,532,69,661
1008,541,69,655
1033,561,69,643
1044,565,69,641
1045,568,69,639
1051,572,69,637
1053,572,69,636
1045,572,69,637
1036,570,69,638
1024,568,69,639
1006,559,69,644
973,547,69,652
856,491,69,686
838,468,69,701
819,450,69,711
806,439,69,717
804,444,69,714
793,439,69,717
793,453,69,709
797,455,69,708
799,462,69,704
799,462,69,704
799,455,69,708
797,462,69,704
802,464,69,703
799,460,69,705
795,455,69,708
793,448,69,712
784,448,69,712
775,439,69,717
772,433,69,721
770,432,69,722
763,423,69,727
757,417,69,730
748,410,69,734
743,405,69,737
739,403,69,738
727,388,69,746
721,383,69,749
730,419,69,729
748,410,69,734
743,405,69,737
739,403,69,738
727,388,69,746
721,383,69,749
730,419,69,729
716,406,1,736
730,640,1,593
738,640,1,593
745,639,1,594
748,640,1,593
756,642,1,592
775,640,1,593
797,513,69,673
788,585,1,628
790,628,1,601
792,649,1,587
802,633,69,598
808,444,69,714
835,444,69,714
833,444,69,714
849,455,69,708
842,455,69,708
826,444,69,714
838,450,69,711
826,448,69,712
826,455,69,708
829,460,69,705
810,448,69,712
835,444,69,714
833,444,69,714
849,455,69,708
842,455,69,708
826,444,69,714
838,450,69,711
826,448,69,712
826,455,69,708
829,460,69,705
810,448,69,712
799,444,69,714
808,460,69,705
802,459,69,706
802,460,69,705
806,464,69,703
804,462,69,704
799,460,69,705
799,455,69,708
801,450,69,711
799,451,69,710
804,453,69,709
802,457,69,707
799,448,69,712
797,444,69,714
797,446,69,713
793,439,69,717
790,435,69,720
788,439,69,718
790,444,69,714
793,451,69,710
792,450,69,711
793,459,69,706
790,455,69,708
779,442,69,715
766,442,69,715
761,437,69,719
750,419,69,729
747,417,69,730
745,406,69,736
743,403,69,738
739,403,69,738
739,405,69,737
732,396,69,742
732,396,69,742
723,394,69,743
718,387,69,747
723,401,69,739
734,435,69,720
721,396,69,742
720,394,69,743
720,489,1,687
718,394,1,743
723,401,69,739
734,435,69,720
721,396,69,742
720,394,69,743
720,489,1,687
718,394,1,743
781,439,69,718
756,412,69,733
745,408,69,735
743,410,69,734
743,414,69,732
754,428,69,724
770,435,69,720
777,435,69,720
781,439,69,718
788,441,69,716
792,448,69,712
792,451,69,710
793,460,69,705
788,459,69,706
786,464,69,703
783,459,69,706
779,464,69,703
781,469,69,699
781,471,69,698
781,468,69,700
781,478,69,694
783,478,69,694
784,477,69,695
788,482,69,692
793,489,69,688
793,478,69,694
799,493,69,685
793,468,69,701
779,451,69,710
772,439,69,717
766,435,69,720
765,428,69,724
757,424,69,726
754,426,69,725
747,417,69,730
741,405,69,737
730,396,69,742
721,387,69,747
732,439,69,718
720,491,1,686
718,509,1,676
716,509,1,675
712,502,1,680
716,403,1,738
698,610,1,613
711,610,1,613
716,610,1,613
720,612,1,612
723,612,1,611
729,613,1,610
736,617,1,608
761,621,1,606
824,493,69,685
817,435,69,720
783,518,1,670
797,574,1,635
763,417,69,730
739,388,69,746
750,390,69,745
763,406,69,736
799,426,69,725
811,439,69,718
802,444,69,714
806,437,69,719
790,432,69,722
779,430,69,723
721,408,69,735
718,507,1,677
716,531,1,662
725,480,69,693
727,568,1,639
720,552,1,649
712,523,1,667
730,538,69,658
721,558,1,645
721,464,69,703
763,417,69,730
739,388,69,746
750,390,69,745
763,406,69,736
799,426,69,725
811,439,69,718
802,444,69,714
806,437,69,719
790,432,69,722
779,430,69,723
784,439,69,718
806,459,69,706
813,468,69,700
810,468,69,701
808,469,69,699
799,466,69,702
793,475,69,696
781,466,69,702
768,464,69,703
763,462,69,704
757,462,69,704
756,462,69,704
756,469,69,699
754,469,69,699
757,462,69,704
757,471,69,698
759,466,69,702
759,460,69,705
763,457,69,707
761,460,69,705
761,455,69,708
752,435,69,720
743,423,69,727
739,417,69,730
739,421,69,728
739,423,69,727
736,417,69,730
730,410,69,734
727,410,69,734
721,408,69,735
718,507,1,677
716,531,1,662
725,480,69,693
727,568,1,639
720,552,1,649
712,523,1,667
730,538,69,658
721,558,1,645
721,464,69,703
711,651,1,586
720,649,1,587
725,649,1,587
729,649,1,587
763,651,1,586
793,651,1,586
815,466,69,702
835,451,69,710
860,462,69,704
889,471,69,698
914,486,69,690
932,496,69,683
946,504,69,679
957,514,69,672
966,527,69,665
973,527,69,665
973,532,69,661
977,532,69,661
964,527,69,664
950,527,69,664
934,529,69,663
914,516,69,671
896,509,69,675
880,505,69,678
869,502,69,680
855,496,69,683
838,489,69,688
829,486,69,690
817,486,69,690
810,484,69,691
802,480,69,693
797,482,69,692
793,486,69,690
790,477,69,695
788,478,69,694
784,473,69,697
784,477,69,695
781,471,69,698
786,471,69,698
781,473,69,697
777,469,69,699
774,468,69,701
772,471,69,698
768,462,69,704
763,451,69,710
757,439,69,718
752,435,69,720
748,428,69,724
748,430,69,723
743,421,69,728
741,419,69,729
739,414,69,732
734,410,69,734
727,405,69,737
723,406,69,736
721,405,69,737
721,502,1,680
721,405,69,737
732,487,69,689
718,397,69,741
721,405,69,737
732,487,69,689
718,397,69,741
694,585,1,629
712,585,1,628
739,586,1,627
779,590,1,625
802,464,69,703
815,432,69,722
835,439,69,717
860,453,69,709
891,469,69,699
916,486,69,690
937,498,69,682
954,511,69,674
734,397,69,741
730,396,69,742
718,388,69,746
970,520,69,669
982,527,69,665
991,536,69,659
993,538,69,658
993,540,69,657
988,536,69,659
981,536,69,659
970,532,69,661
959,525,69,666
939,520,69,669
923,516,69,671
907,509,69,675
887,507,69,677
871,500,69,681
860,498,69,682
847,493,69,685
844,489,69,687
838,496,69,683
833,493,69,685
831,496,69,683
833,502,69,680
837,500,69,681
835,502,69,680
826,495,69,684
820,496,69,683
815,489,69,688
811,482,69,692
811,469,69,699
806,462,69,704
797,455,69,708
793,455,69,708
793,468,69,701
797,473,69,697
799,475,69,696
797,473,69,697
790,451,69,710
781,439,69,717
774,435,69,720
766,428,69,724
761,423,69,727
752,417,69,730
750,414,69,732
748,412,69,733
745,408,69,735
738,401,69,739
734,397,69,741
730,396,69,742
718,388,69,746
730,414,69,732
707,606,1,615
725,608,1,614
748,604,1,616
788,606,1,615
801,439,69,717
815,426,69,725
840,439,69,717
862,455,69,708
916,486,69,690
975,520,69,669
993,531,69,662
1006,541,69,656
1015,547,69,652
1020,554,69,648
1020,549,69,651
1020,556,69,647
1017,556,69,647
1006,558,69,645
988,554,69,648
968,549,69,651
950,543,69,654
932,540,69,657
914,536,69,659
905,536,69,659
894,531,69,662
887,529,69,663
878,529,69,663
871,523,69,667
815,471,69,698
806,466,69,702
802,451,69,710
721,385,69,748
730,415,69,731
730,451,69,710
730,482,69,692
729,518,69,670
727,511,1,674
766,408,69,735
761,408,69,735
754,408,69,735
745,396,69,742
738,392,69,744
721,385,69,748
730,415,69,731
730,451,69,710
730,482,69,692
729,518,69,670
727,511,1,674
725,604,1,616
756,603,1,617
795,606,1,615
799,435,69,720
793,412,69,733
808,417,69,730
819,426,69,725
840,439,69,718
842,437,69,719
883,460,69,705
939,498,69,682
961,513,69,673
982,527,69,664
997,538,69,658
1004,545,69,653
1009,547,69,652
1013,547,69,652
1011,552,69,649
1006,550,69,650
993,547,69,652
977,541,69,655
959,541,69,656
941,531,69,662
921,536,69,659
907,534,69,660
892,523,69,667
889,527,69,664
878,525,69,666
833,495,69,684
824,487,69,689
820,480,69,693
817,477,69,695
813,464,69,703
804,466,69,702
795,459,69,706
788,448,69,712
777,439,69,717
768,428,69,724
761,421,69,728
756,417,69,730
748,410,69,734
743,405,69,737
734,401,69,739
727,394,69,743
727,394,69,743
727,394,69,743
718,603,1,617
725,603,1,617
743,603,1,617
793,603,1,617
802,430,69,723
819,426,69,725
847,441,69,716
869,455,69,708
887,464,69,703
903,473,69,697
943,498,69,682
995,534,69,660
1009,545,69,653
1017,547,69,652
1018,550,69,650
1031,559,69,644
1033,563,69,642
1024,563,69,642
1011,559,69,644
1000,559,69,644
977,541,69,655
946,529,69,663
923,525,69,666
925,534,69,660
919,536,69,659
914,532,69,661
901,525,69,666
896,529,69,663
887,527,69,665
889,529,69,663
846,477,69,695
847,477,69,695
847,475,69,696
844,471,69,698
833,469,69,699
829,475,69,696
828,473,69,697
828,468,69,700
824,468,69,701
817,462,69,704
756,408,69,735
747,405,69,737
745,405,69,737
743,403,69,738
743,399,69,740
802,446,69,713
790,441,69,716
784,433,69,721
784,432,69,722
775,424,69,726
766,417,69,730
756,408,69,735
747,405,69,737
745,405,69,737
743,403,69,738
743,399,69,740
738,399,69,740
1026,558,69,646
1033,563,69,642
1038,568,69,639
1036,568,69,639
1024,563,69,642
1013,563,69,642
1000,561,69,643
988,558,69,645
973,556,69,647
959,543,69,654
943,540,69,657
928,525,69,666
919,531,69,662
918,525,69,666
910,527,69,665
914,531,69,662
910,525,69,666
910,538,69,658
901,527,69,664
891,516,69,671
885,536,69,659
991,534,69,660
997,538,69,658
1006,541,69,655
1013,550,69,650
1026,558,69,646
1033,563,69,642
1038,568,69,639
1036,568,69,639
1024,563,69,642
1013,563,69,642
1000,561,69,643
988,558,69,645
973,556,69,647
959,543,69,654
943,540,69,657
928,525,69,666
919,531,69,662
918,525,69,666
910,527,69,665
914,531,69,662
910,525,69,666
910,538,69,658
901,527,69,664
891,516,69,671
885,536,69,659
887,527,69,665
878,525,69,666
880,529,69,663
876,525,69,666
871,523,69,667
869,525,69,666
865,518,69,670
853,514,69,672
855,509,69,676
853,511,69,674
860,513,69,673
853,505,69,678
853,504,69,679
856,495,69,684
844,493,69,685
829,484,69,691
820,482,69,692
811,471,69,698
806,462,69,704
793,450,69,711
853,514,69,672
855,509,69,676
853,511,69,674
860,513,69,673
853,505,69,678
853,504,69,679
856,495,69,684
844,493,69,685
829,484,69,691
820,482,69,692
811,471,69,698
806,462,69,704
793,450,69,711
793,450,69,711
793,444,69,714
792,439,69,717
754,662,1,580
761,658,1,582
775,658,1,582
804,462,69,704
815,424,69,726
840,437,69,719
869,455,69,708
896,471,69,698
927,491,69,686
957,507,69,677
1040,561,69,643
775,421,69,728
761,421,69,728
756,414,69,732
752,412,69,733
750,421,69,728
745,410,69,734
743,403,69,738
743,399,69,740
736,397,69,741
739,399,69,740
739,399,69,740
732,396,69,742
730,394,69,743
730,392,69,744
754,640,1,593
772,637,1,595
808,489,69,687
822,442,69,715
853,455,69,708
878,471,69,698
905,489,69,688
932,507,69,677
964,525,69,666
986,538,69,658
1000,549,69,651
748,423,69,727
732,403,69,738
729,399,69,740
718,388,69,746
743,633,1,598
768,633,1,598
808,502,69,680
817,441,69,716
838,444,69,714
860,459,69,706
882,471,69,698
905,489,69,687
934,507,69,677
961,520,69,669
770,675,1,571
790,671,1,574
802,441,69,716
824,439,69,718
851,453,69,709
876,471,69,698
905,489,69,688
928,504,69,679
952,516,69,671
977,532,69,661
1000,549,69,651
1018,558,69,646
1033,565,69,641
1042,570,69,638
1049,576,69,634
1053,583,69,630
1053,583,69,630
1054,579,69,632
1051,585,69,629
1036,581,69,631
1026,576,69,634
1008,567,69,640
986,563,69,642
966,558,69,646
939,549,69,651
921,543,69,654
907,540,69,657
901,536,69,659
894,531,69,662
894,534,69,660
889,540,69,657
882,534,69,660
874,531,69,662
865,529,69,663
864,532,69,661
864,531,69,662
855,529,69,663
855,527,69,664
856,527,69,664
847,525,69,666
842,520,69,669
840,522,69,668
840,518,69,670
838,514,69,672
838,514,69,672
835,513,69,673
835,509,69,676
833,509,69,676
829,502,69,680
757,675,1,572
779,673,1,573
804,453,69,709
820,430,69,723
851,450,69,711
882,469,69,699
918,493,69,685
1033,567,69,640
1049,572,69,636
1058,581,69,631
941,547,69,652
921,541,69,655
909,541,69,655
905,541,69,655
896,536,69,659
889,538,69,658
882,536,69,659
874,536,69,659
873,534,69,660
871,531,69,662
867,525,69,666
869,527,69,665
862,532,69,661
862,532,69,661
865,536,69,659
855,532,69,661
858,532,69,661
858,536,69,659
851,529,69,663
849,525,69,666
844,520,69,669
752,660,1,581
772,662,1,580
806,459,69,706
819,430,69,723
851,451,69,710
882,471,69,698
912,491,69,686
1045,574,69,635
1058,583,69,630
1065,590,69,625
1069,597,69,621
1067,595,69,622
1069,599,69,620
1060,599,69,619
1047,592,69,624
1031,583,69,630
1011,579,69,632
999,576,69,634
979,567,69,640
955,559,69,644
892,540,69,657
754,421,69,728
918,550,69,650
912,547,69,652
898,538,69,658
896,540,69,657
889,541,69,656
889,541,69,656
880,545,69,653
873,538,69,658
873,540,69,657
871,540,69,657
865,534,69,660
867,538,69,658
862,540,69,657
855,531,69,662
856,531,69,662
855,531,69,662
853,518,69,670
846,500,69,681
835,489,69,687
761,678,1,569
775,676,1,570
806,455,69,708
820,439,69,717
853,459,69,706
882,477,69,695
914,498,69,682
1022,561,69,643
1031,568,69,639
961,570,69,638
948,563,69,642
937,563,69,642
925,559,69,644
918,556,69,647
909,552,69,649
898,547,69,652
892,552,69,649
885,541,69,655
883,549,69,651
883,547,69,652
880,541,69,655
876,529,69,663
869,531,69,662
757,421,69,728
754,414,69,732
748,653,1,585
763,655,1,584
806,541,69,655
811,437,69,719
840,446,69,713
865,466,69,702
894,486,69,690
925,505,69,678
955,523,69,667
979,534,69,660
1002,550,69,650
1017,561,69,643
1027,572,69,637
1042,577,69,633
1049,581,69,631
1051,585,69,629
1060,588,69,626
802,460,69,705
797,453,69,709
795,451,69,710
790,448,69,712
775,727,1,538
783,736,1,533
792,747,1,526
793,435,69,720
817,435,69,720
853,455,69,708
856,459,69,706
730,399,69,740
727,612,1,611
730,615,1,609
748,615,1,609
779,622,1,605
781,633,1,598
799,642,1,592
790,541,1,655
829,457,69,707
880,473,69,697
923,498,69,682
950,514,69,672
970,527,69,664
986,541,69,655
997,549,69,651
1000,547,69,652
1009,556,69,647
1015,554,69,648
766,430,69,723
741,403,69,738
729,399,69,740
723,392,69,744
739,628,1,601
752,631,1,599
792,631,1,599
808,457,69,707
790,419,69,729
817,437,69,719
977,540,69,657
815,464,69,703
806,448,69,712
792,446,69,713
781,432,69,722
768,419,69,729
759,415,69,731
748,405,69,737
743,403,69,738
739,405,69,737
734,403,69,738
730,397,69,741
727,397,69,741
721,390,69,745
721,394,69,743
721,397,69,741
721,396,69,742
720,394,69,743
725,502,1,680
718,397,1,741
721,403,69,738
727,415,69,731
732,446,69,713
727,516,1,671
720,507,1,677
716,489,1,687
720,405,69,737
730,432,69,722
730,531,69,662
721,511,1,674
716,498,1,682
730,651,1,586
739,660,1,581
750,667,1,576
775,653,1,585
781,649,1,588
790,473,69,697
820,477,69,695
849,468,69,700
869,473,69,697
930,509,69,676
973,536,69,659
961,525,69,666
801,441,69,716
774,424,69,726
754,408,69,735
743,405,69,737
732,394,69,743
727,392,69,744
721,502,1,680
718,390,69,745
730,421,69,728
734,466,69,702
723,514,1,672
720,511,1,674
716,507,1,677
716,504,1,679
716,426,1,725
1006,563,69,642
1024,574,69,635
1033,577,69,633
1045,583,69,630
1049,585,69,629
1042,581,69,631
1047,583,69,630
1045,586,69,627
1031,577,69,633
1020,570,69,638
1002,565,69,641
984,558,69,646
961,552,69,649
946,554,69,648
925,547,69,652
914,540,69,657
905,540,69,657
898,534,69,660
892,541,69,656
887,545,69,653
887,545,69,653
883,532,69,661
878,525,69,666
873,516,69,671
873,523,69,667
871,513,69,673
858,498,69,682
853,491,69,686
847,496,69,683
849,502,69,680
851,509,69,675
849,520,69,669
847,518,69,670
842,514,69,672
842,514,69,672
840,509,69,675
842,496,69,683
831,484,69,691
824,469,69,699
815,468,69,701
806,466,69,702
801,460,69,705
741,624,1,604
748,624,1,603
792,630,1,600
808,459,69,706
833,451,69,710
862,464,69,703
891,486,69,690
916,502,69,680
946,518,69,670
973,532,69,661
991,545,69,653
1006,556,69,647
1020,567,69,640
1027,570,69,638
792,450,69,711
757,417,69,730
752,415,69,731
734,646,1,590
738,646,1,590
743,646,1,590
849,475,69,696
883,487,69,689
914,502,69,680
945,520,69,669
966,532,69,661
979,540,69,657
991,545,69,653
997,554,69,648
734,406,69,736
730,403,69,738
730,403,69,738
727,396,69,742
723,397,69,741
718,390,69,745
723,405,69,737
730,430,69,723
748,658,1,582
756,660,1,581
797,655,1,584
806,448,69,712
835,451,69,710
867,469,69,699
896,489,69,687
923,504,69,679
943,520,69,669
774,432,69,722
766,423,69,727
745,651,1,586
752,660,1,581
756,664,1,578
795,660,1,581
801,442,69,715
833,450,69,711
869,469,69,699
889,486,69,690
887,480,69,693
900,489,69,687
936,509,69,675
752,419,69,729
747,412,69,733
739,401,69,739
736,401,69,739
718,388,69,746
730,415,69,731
721,390,69,745
725,622,1,605
736,630,1,600
775,621,1,606
799,464,69,703
819,441,69,716
775,433,69,721
766,428,69,724
761,423,69,727
761,421,69,728
754,414,69,732
745,408,69,735
739,405,69,737
748,712,1,548
748,712,1,548
750,711,1,549
754,712,1,548
759,712,1,548
763,718,1,544
763,723,1,541
765,727,1,539
775,729,1,537
799,741,1,530
811,459,69,706
811,441,69,716
808,437,69,719
838,457,69,707
860,468,69,701
846,455,69,708
840,450,69,711
874,473,69,697
887,480,69,693
727,417,69,730
725,424,69,726
730,446,69,713
730,509,69,676
727,527,1,665
957,518,69,670
973,527,69,664
988,538,69,658
1000,541,69,656
1006,541,69,655
1009,547,69,652
1006,543,69,654
997,547,69,652
990,543,69,654
973,540,69,657
950,532,69,661
932,525,69,666
910,514,69,672
889,509,69,675
874,500,69,681
864,496,69,683
855,498,69,682
847,500,69,681
842,498,69,682
838,496,69,683
831,498,69,682
829,504,69,679
828,502,69,680
826,500,69,681
824,502,69,680
824,496,69,683
826,498,69,682
829,502,69,680
824,502,69,680
820,500,69,681
819,500,69,681
824,498,69,682
815,486,69,690
806,471,69,698
806,464,69,703
799,464,69,703
802,469,69,699
763,424,69,726
757,689,1,562
763,707,1,551
775,709,1,550
802,468,69,701
797,426,69,725
826,439,69,717
862,462,69,704
896,484,69,691
923,502,69,680
954,518,69,670
975,532,69,661
991,547,69,652
1009,558,69,646
1024,567,69,640
1036,576,69,634
1045,581,69,631
1053,585,69,629
1054,583,69,630
1051,585,69,629
1044,585,69,629
1024,576,69,634
1013,574,69,635
993,570,69,638
973,563,69,642
955,558,69,645
939,554,69,648
923,549,69,651
914,554,69,648
914,558,69,646
912,541,69,656
909,545,69,653
901,527,69,664
898,522,69,668
887,518,69,670
883,514,69,672
880,511,69,674
878,518,69,670
853,489,69,688
844,480,69,693
837,480,69,693
838,486,69,690
815,469,69,699
806,466,69,702
799,457,69,707
797,451,69,710
788,444,69,714
784,441,69,716
779,439,69,718
777,437,69,719
770,433,69,721
766,432,69,722
763,426,69,725
781,729,1,537
784,739,1,531
788,747,1,526
788,754,1,521
790,761,1,517
790,763,1,516
937,513,69,673
945,523,69,667
945,527,69,665
937,527,69,665
928,527,69,665
914,527,69,664
903,527,69,664
885,525,69,666
878,518,69,670
871,522,69,668
865,518,69,670
865,514,69,672
856,516,69,671
853,520,69,669
853,513,69,673
847,504,69,679
842,498,69,682
849,496,69,683
842,487,69,689
837,477,69,695
763,421,69,728
759,419,69,729
729,622,1,605
743,624,1,604
761,624,1,603
797,628,1,601
790,432,69,722
808,428,69,724
833,441,69,716
862,460,69,705
891,478,69,694
925,495,69,684
952,511,69,674
970,525,69,666
984,534,69,660
750,403,69,738
743,401,69,739
721,630,1,600
727,626,1,602
739,624,1,603
754,624,1,604
788,624,1,604
788,417,69,730
801,410,69,734
826,426,69,725
853,444,69,714
878,460,69,705
907,477,69,695
937,493,69,685
955,505,69,678
966,513,69,673
982,525,69,666
991,534,69,660
759,421,69,728
756,417,69,730
748,410,69,734
743,406,69,736
739,403,69,738
716,597,1,621
720,597,1,621
730,597,1,621
748,599,1,619
784,608,1,614
793,433,69,721
802,417,69,730
829,430,69,723
856,450,69,711
880,468,69,700
896,482,69,692
914,491,69,686
937,500,69,681
946,509,69,676
961,516,69,671
916,487,69,689
898,480,69,693
768,421,69,728
745,406,69,736
736,399,69,740
729,394,69,743
718,387,1,747
723,397,69,741
732,437,69,719
727,513,1,673
716,482,1,692
743,655,1,584
747,657,1,583
750,651,1,586
763,649,1,588
806,477,69,695
824,444,69,714
856,457,69,707
892,477,69,695
923,496,69,683
955,514,69,672
979,531,69,662
734,450,69,711
718,504,1,679
716,495,1,684
718,394,69,743
943,509,69,676
959,516,69,671
973,523,69,667
979,529,69,663
984,532,69,661
979,534,69,660
977,532,69,661
970,532,69,661
959,527,69,665
937,523,69,667
919,511,69,674
903,507,69,677
883,498,69,682
869,493,69,685
853,489,69,688
840,486,69,690
829,482,69,692
826,480,69,693
822,486,69,690
817,480,69,693
813,478,69,694
808,477,69,695
806,480,69,693
804,478,69,694
799,480,69,693
799,480,69,693
799,482,69,692
795,478,69,694
792,475,69,696
793,475,69,696
790,475,69,696
790,471,69,698
784,459,69,706
775,444,69,714
775,439,69,717
774,439,69,718
772,437,69,719
768,433,69,721
756,412,69,733
745,405,69,737
738,397,69,741
761,612,1,611
761,619,1,607
759,624,1,603
763,633,1,598
775,640,1,593
819,482,69,692
790,421,69,728
806,459,69,706
799,428,69,724
802,424,69,726
855,457,69,707
865,464,69,703
883,473,69,697
883,475,69,696
856,460,69,705
860,464,69,703
894,487,69,689
833,478,69,694
826,469,69,699
822,448,69,712
783,403,69,738
754,394,69,743
734,387,69,747
725,394,69,743
730,399,69,740
736,406,69,736
736,412,69,733
736,414,69,732
734,414,69,732
734,403,69,738
730,396,69,742
721,392,69,744
721,475,1,696
721,392,69,744
729,419,69,729
730,439,69,718
732,455,69,708
730,525,69,666
721,511,1,674
718,507,1,677
718,513,1,673
716,504,1,679
712,486,1,690
720,423,69,727
700,606,1,615
703,633,1,598
716,649,1,588
739,639,1,594
770,633,1,598
801,559,69,644
790,540,1,657
813,448,69,712
824,441,69,716
840,451,69,710
869,466,69,702
892,477,69,695
907,489,69,688
909,487,69,689
898,482,69,692
909,491,69,686
921,500,69,681
772,433,69,721
763,423,69,727
754,417,69,730
745,410,69,734
738,403,69,738
727,394,69,743
711,617,1,608
716,624,1,604
721,655,1,584
734,646,1,590
748,628,1,601
775,628,1,601
799,493,69,685
806,468,69,700
799,421,69,728
815,426,69,725
838,439,69,718
862,450,69,711
883,464,69,703
903,478,69,694
748,406,69,736
736,401,69,739
730,396,69,742
725,390,69,745
721,392,69,744
732,428,69,724
725,399,69,740
711,613,1,610
716,613,1,610
718,613,1,610
725,608,1,614
736,606,1,615
739,610,1,613
752,612,1,611
786,619,1,607
799,459,69,706
802,433,69,721
817,437,69,719
835,442,69,715
860,453,69,709
880,464,69,703
896,469,69,699
907,478,69,694
720,399,69,740
723,408,69,735
730,428,69,724
730,527,69,665
725,516,1,671
721,513,1,673
718,505,1,678
867,450,69,711
887,464,69,703
905,477,69,695
919,489,69,687
919,504,69,679
925,509,69,676
918,507,69,677
905,502,69,680
892,496,69,683
876,493,69,685
865,493,69,685
853,489,69,688
811,466,69,702
793,448,69,712
772,435,69,720
763,430,69,723
756,421,69,728
752,417,69,730
752,435,69,720
752,441,69,716
734,414,69,732
730,405,69,737
727,403,69,738
720,392,69,744
725,406,69,736
730,435,69,720
730,478,69,694
729,527,1,664
725,525,1,666
725,520,1,669
721,518,1,670
718,507,1,677
716,498,1,682
712,489,1,688
720,412,69,733
729,541,1,656
721,522,1,668
709,491,1,686
727,457,69,707
723,531,1,662
711,498,1,682
729,563,69,642
720,525,1,666
712,471,1,698
725,550,1,650
696,585,1,629
698,594,1,623
707,586,1,627
725,581,1,631
757,581,1,631
797,590,1,625
793,532,1,661
801,428,69,724
811,426,69,725
829,435,69,720
851,446,69,713
873,457,69,707
883,468,69,700
892,478,69,694
901,484,69,691
910,489,69,688
914,493,69,685
916,493,69,685
916,491,69,686
912,493,69,685
745,426,69,725
743,419,69,729
734,410,69,734
718,388,69,746
725,399,69,740
729,419,69,729
730,507,69,677
723,507,1,677
718,493,1,685
716,487,1,689
712,459,1,706
718,396,1,742
720,399,69,740
883,460,69,705
896,464,69,703
909,468,69,701
919,471,69,698
925,477,69,695
928,480,69,693
925,480,69,693
919,477,69,695
914,478,69,694
896,471,69,698
874,464,69,703
858,455,69,708
842,453,69,709
820,451,69,710
806,444,69,714
793,441,69,716
784,439,69,717
779,441,69,716
774,439,69,717
770,442,69,715
720,401,69,739
734,446,69,713
716,480,1,693
718,394,69,743
721,401,69,739
721,401,69,739
727,419,69,729
730,504,69,679
725,608,1,614
729,615,1,609
734,624,1,604
738,635,1,597
711,482,1,692
730,439,69,718
739,453,69,709
779,412,69,733
806,423,69,727
806,423,69,727
817,428,69,724
855,455,69,708
871,471,69,698
838,448,69,712
799,424,69,726
774,414,69,732
772,423,69,727
774,428,69,724
770,414,69,732
761,406,69,736
757,405,69,737
754,405,69,737
750,405,69,737
747,408,69,735
750,417,69,730
748,417,69,730
739,408,69,735
736,405,69,737
739,406,69,736
741,410,69,734
739,410,69,734
736,406,69,736
730,399,69,740
727,396,69,742
723,392,69,744
716,401,1,739
721,397,69,741
730,504,69,679
720,390,69,745
723,491,1,686
716,489,1,688
718,397,1,741
721,406,69,736
727,424,69,726
730,453,69,709
730,516,69,671
727,536,1,659
721,523,1,667
714,509,1,676
718,412,69,733
729,552,1,649
721,529,1,663
793,594,1,623
790,529,1,663
806,435,69,720
820,433,69,721
844,442,69,715
869,455,69,708
892,468,69,700
910,480,69,693
925,491,69,686
939,504,69,679
948,511,69,674
961,520,69,669
966,523,69,667
752,421,69,728
745,414,69,732
736,405,69,737
730,399,69,740
721,392,69,744
727,495,1,684
718,388,69,746
727,399,69,740
714,622,1,605
718,651,1,586
723,660,1,581
745,662,1,580
788,630,1,600
790,428,69,724
799,417,69,730
824,430,69,723
853,450,69,711
891,471,69,698
824,509,69,676
817,507,69,677
819,505,69,678
813,489,69,687
808,484,69,691
804,478,69,694
797,468,69,701
793,462,69,704
788,459,69,706
784,453,69,709
786,450,69,711
775,439,69,717
770,433,69,721
765,430,69,723
757,424,69,726
754,421,69,728
745,414,69,732
741,412,69,733
734,406,69,736
721,626,1,602
725,633,1,598
736,635,1,597
768,626,1,602
802,477,69,695
802,417,69,730
829,426,69,725
858,446,69,713
891,469,69,699
919,489,69,688
946,504,69,679
977,525,69,666
993,540,69,657
995,541,69,656
997,547,69,652
991,541,69,655
986,538,69,658
982,540,69,657
977,534,69,660
964,529,69,663
952,527,69,665
937,518,69,670
919,514,69,672
905,509,69,676
885,507,69,677
871,500,69,681
856,498,69,682
851,498,69,682
844,498,69,682
786,448,69,712
779,444,69,714
775,439,69,717
766,432,69,722
757,426,69,725
752,421,69,728
748,417,69,730
747,417,69,730
741,415,69,731
736,408,69,735
788,622,1,605
792,406,69,736
808,405,69,737
837,426,69,725
865,448,69,712
894,468,69,701
925,487,69,689
952,504,69,679
964,514,69,672
977,527,69,665
988,536,69,659
997,541,69,655
1000,541,69,655
761,426,69,725
756,417,69,730
743,410,69,734
734,399,69,740
725,390,69,745
716,444,1,714
721,388,69,746
729,419,69,729
729,433,69,721
730,471,69,698
918,486,69,690
946,504,69,679
964,516,69,671
975,525,69,666
982,532,69,661
991,543,69,654
991,543,69,654
995,545,69,653
997,547,69,652
993,547,69,652
984,543,69,654
972,545,69,653
943,520,69,669
914,513,69,673
901,509,69,676
896,518,69,670
894,520,69,669
885,516,69,671
876,523,69,667
869,522,69,668
865,520,69,669
856,502,69,680
847,498,69,682
842,489,69,688
842,500,69,681
835,489,69,688
833,500,69,681
826,480,69,693
822,482,69,692
824,475,69,696
826,471,69,698
826,468,69,700
817,468,69,701
817,471,69,698
811,464,69,703
804,460,69,705
801,466,69,702
799,468,69,700
793,457,69,707
786,448,69,712
775,432,69,722
765,428,69,724
754,417,69,730
748,405,69,737
736,401,69,739
739,403,69,738
1027,568,69,639
1051,585,69,628
1058,588,69,626
1053,585,69,628
986,540,69,657
961,527,69,665
982,547,69,652
970,538,69,658
959,536,69,659
952,538,69,658
932,525,69,666
910,511,69,674
905,520,69,669
894,522,69,668
883,513,69,673
876,514,69,672
871,518,69,670
874,527,69,664
874,527,69,665
862,509,69,675
856,507,69,677
853,516,69,671
847,502,69,680
837,491,69,686
828,486,69,690
826,478,69,694
833,475,69,696
826,471,69,698
824,466,69,702
770,426,69,725
763,423,69,727
754,415,69,731
750,412,69,733
747,410,69,734
745,410,69,734
741,403,69,738
730,394,69,743
727,392,69,744
720,388,69,746
748,662,1,580
754,664,1,578
756,664,1,578
757,671,1,574
759,675,1,572
761,687,1,564
761,691,1,561
763,698,1,557
774,705,1,552
806,585,69,628
795,433,69,721
802,451,69,710
783,423,69,727
766,414,69,732
766,415,69,731
815,439,69,717
815,442,69,715
817,444,69,714
851,462,69,704
889,486,69,690
759,432,69,722
752,423,69,727
747,415,69,731
738,410,69,734
729,401,69,739
721,390,69,745
720,482,1,692
741,597,1,621
786,599,1,619
804,433,69,721
826,430,69,723
856,446,69,713
887,468,69,701
914,487,69,689
941,504,69,679
968,516,69,671
986,529,69,663
995,538,69,658
1004,543,69,654
1000,543,69,654
997,543,69,654
999,543,69,654
1004,547,69,652
792,446,69,713
765,426,69,725
757,423,69,727
750,417,69,730
739,410,69,734
739,684,1,566
743,703,1,553
745,703,1,553
759,714,1,546
781,718,1,544
788,718,1,544
781,531,1,662
801,599,69,619
806,505,69,678
797,574,1,635
846,441,69,716
847,433,69,721
829,428,69,724
878,462,69,704
923,489,69,687
925,493,69,685
950,513,69,673
950,511,69,674
928,498,69,682
916,495,69,684
896,484,69,691
738,417,69,730
729,408,69,735
725,399,69,740
716,433,1,721
718,387,69,747
721,392,69,744
721,399,69,740
721,397,69,741
723,405,69,737
727,428,69,724
831,421,69,728
862,442,69,715
887,460,69,705
907,473,69,697
925,486,69,690
945,496,69,683
959,509,69,675
972,520,69,669
981,527,69,665
979,525,69,666
982,532,69,661
986,536,69,659
984,536,69,659
979,540,69,657
968,534,69,660
948,531,69,662
806,468,69,701
801,460,69,705
788,444,69,714
784,446,69,713
775,439,69,717
770,430,69,723
766,424,69,726
757,417,69,730
748,405,69,737
734,392,69,744
725,385,69,748
720,478,1,694
720,383,69,749
725,399,69,740
729,412,69,733
729,426,69,725
730,469,69,699
730,698,1,557
734,702,1,554
736,709,1,550
738,709,1,550
738,707,1,551
738,711,1,549
738,703,1,553
736,702,1,554
732,703,1,553
734,707,1,551
772,714,1,547
824,451,69,710
846,441,69,716
853,444,69,714
871,457,69,707
840,433,69,721
797,403,69,738
784,403,69,738
772,396,69,742
777,403,69,738
801,421,69,728
802,428,69,724
808,430,69,723
802,433,69,721
790,424,69,726
772,419,69,729
732,432,69,722
718,405,69,737
720,406,69,736
725,412,69,733
730,439,69,717
732,496,69,683
725,520,1,669
720,514,1,672
718,505,1,678
712,487,1,689
721,410,69,734
729,549,1,651
721,527,1,665
712,498,1,682
716,406,1,736
730,518,69,670
721,527,1,664
712,455,1,708
725,565,1,641
685,536,1,659
712,538,1,658
763,549,1,651
799,464,69,703
795,403,69,738
819,414,69,732
844,430,69,723
876,444,69,714
900,460,69,705
918,469,69,699
930,478,69,694
934,482,69,692
936,489,69,687
941,489,69,688
939,489,69,688
934,491,69,686
923,486,69,690
901,480,69,693
883,473,69,697
811,446,69,713
743,430,69,723
739,421,69,728
738,421,69,728
734,415,69,731
721,403,69,738
734,435,69,720
725,513,1,673
721,502,1,680
718,500,1,681
714,491,1,686
712,478,1,694
716,421,1,728
723,424,69,726
727,538,1,658
712,507,1,677
729,581,1,631
714,514,1,672
923,478,69,694
941,491,69,686
955,500,69,681
963,505,69,678
970,511,69,674
973,516,69,671
970,513,69,673
955,509,69,675
943,498,69,682
925,495,69,684
905,487,69,689
799,459,69,706
793,459,69,706
792,459,69,706
784,459,69,706
783,460,69,705
779,457,69,707
772,457,69,707
768,453,69,709
768,455,69,708
757,446,69,713
752,442,69,715
752,439,69,717
747,433,69,721
743,430,69,723
739,424,69,726
741,421,69,728
730,414,69,732
725,405,69,737
721,514,1,672
718,390,69,745
718,387,69,747
720,394,69,743
718,392,69,744
725,412,69,733
730,534,69,660
723,547,1,652
954,507,69,677
968,516,69,671
977,523,69,667
986,532,69,661
991,536,69,659
995,538,69,658
993,540,69,657
986,536,69,659
973,532,69,661
952,527,69,665
937,518,69,670
921,514,69,672
901,513,69,673
883,502,69,680
873,502,69,680
837,495,69,684
838,493,69,685
831,495,69,684
831,478,69,694
826,477,69,695
817,468,69,700
815,469,69,699
810,466,69,702
725,390,69,745
730,495,69,684
727,678,1,569
736,711,1,549
739,727,1,539
741,734,1,534
745,736,1,533
747,739,1,531
752,741,1,529
788,754,1,521
790,419,69,729
790,417,69,730
831,439,69,718
873,460,69,705
846,448,69,712
869,462,69,704
901,482,69,692
910,487,69,689
945,514,69,672
970,531,69,662
936,507,69,677
896,489,69,688
880,484,69,691
867,477,69,695
855,473,69,697
851,473,69,697
847,477,69,695
855,482,69,692
853,484,69,691
855,482,69,692
844,480,69,693
811,464,69,703
808,457,69,707
804,444,69,714
792,441,69,716
786,439,69,718
783,433,69,721
777,430,69,723
770,423,69,727
763,419,69,729
761,419,69,729
763,414,69,732
757,412,69,733
750,405,69,737
734,394,69,743
725,387,69,747
732,442,69,715
727,507,1,677
723,500,1,681
694,646,1,590
694,664,1,578
691,664,1,578
691,657,1,583
691,653,1,585
691,646,1,590
691,655,1,584
694,658,1,582
696,669,1,575
696,666,1,577
696,667,1,576
700,666,1,577
700,673,1,573
700,666,1,577
702,657,1,583
700,669,1,575
700,675,1,572
698,666,1,577
700,666,1,577
698,660,1,581
694,664,1,578
691,664,1,578
691,657,1,583
691,653,1,585
691,646,1,590
691,655,1,584
694,658,1,582
696,669,1,575
696,666,1,577
696,667,1,576
700,666,1,577
700,673,1,573
700,666,1,577
702,657,1,583
700,669,1,575
700,675,1,572
698,666,1,577
700,666,1,577
698,660,1,581
698,669,1,575
707,671,1,574
711,676,1,570
712,680,1,568
712,676,1,570
694,669,1,575
694,666,1,577
691,666,1,577
689,669,1,575
689,662,1,579
689,662,1,580
685,655,1,584
685,651,1,586
718,648,1,589
718,662,1,580
720,666,1,577
718,666,1,577
718,662,1,580
718,657,1,583
716,649,1,587
709,640,1,593
707,631,1,599
705,626,1,602
702,639,1,594
698,649,1,588
694,648,1,589
694,646,1,590
694,664,1,578
691,664,1,578
691,657,1,583
691,653,1,585
691,646,1,590
691,655,1,584
694,658,1,582
696,669,1,575
696,666,1,577
696,667,1,576
700,666,1,577
700,673,1,573
700,666,1,577
702,657,1,583
700,669,1,575
700,675,1,572
698,666,1,577
700,666,1,577
698,660,1,581
698,669,1,575
696,664,1,578
698,669,1,575
698,667,1,576
700,675,1,572
705,673,1,573
707,673,1,573
705,671,1,574
707,671,1,574
711,676,1,570
712,680,1,568
712,676,1,570
711,680,1,568
707,675,1,571
703,676,1,570
702,680,1,568
698,675,1,572
694,676,1,570
694,669,1,575
694,666,1,577
691,666,1,577
689,669,1,575
689,662,1,579
689,662,1,580
685,655,1,584
685,651,1,586
694,669,1,575
694,666,1,577
691,666,1,577
689,669,1,575
689,662,1,579
689,662,1,580
685,655,1,584
685,651,1,586
684,657,1,583
682,658,1,582
682,662,1,579
682,657,1,583
680,660,1,581
703,687,1,563
736,577,69,633
747,406,69,736
766,408,69,735
743,385,69,748
738,383,69,749
734,378,69,752
729,387,69,747
727,387,69,747
729,374,69,754
736,360,69,762
741,352,69,766
747,423,69,727
752,520,69,669
745,572,69,636
739,586,69,627
743,599,69,620
741,604,69,616
741,608,69,614
743,615,69,609
745,610,69,613
743,613,69,610
743,612,69,611
745,613,69,610
743,603,69,617
739,603,69,617
738,595,69,622
736,595,69,622
736,588,69,626
734,583,69,630
730,577,69,633
729,570,69,638
727,559,69,644
723,543,69,654
720,527,69,665
718,590,1,625
725,689,1,562
721,714,1,546
721,720,1,543
718,720,1,543
716,716,1,545
711,720,1,543
709,712,1,548
707,711,1,549
703,711,1,549
700,702,1,554
842,442,69,715
721,417,69,730
730,451,69,710
730,534,69,660
711,642,1,592
729,626,1,602
716,527,1,664
723,597,1,621
720,626,1,602
716,635,1,597
711,642,1,592
709,639,1,594
703,628,1,601
700,630,1,600
698,615,1,609
698,615,1,609
696,612,1,612
711,642,1,592
709,639,1,594
703,628,1,601
700,630,1,600
698,615,1,609
696,612,1,612
694,603,1,617
691,599,1,619
691,595,1,622
880,471,69,698
855,462,69,704
833,457,69,707
808,450,69,711
788,439,69,717
775,435,69,720
720,405,69,737
709,480,1,693
725,574,1,635
727,637,1,596
727,662,1,580
729,669,1,575
721,673,1,573
961,516,69,671
943,509,69,675
923,500,69,681
792,466,69,702
788,464,69,703
783,464,69,703
781,459,69,706
721,365,69,759
727,390,69,745
730,444,69,714
705,628,1,601
702,628,1,601
700,610,1,613
696,594,1,623
693,583,1,630
840,450,69,711
819,444,69,714
804,439,69,718
790,441,69,716
716,500,1,681
709,471,1,698
727,504,69,679
869,475,69,696
777,450,69,711
775,450,69,711
772,455,69,708
772,450,69,711
770,451,69,710
765,448,69,712
763,448,69,712
763,450,69,711
763,442,69,715
757,439,69,717
820,457,69,707
815,459,69,706
810,457,69,707
804,455,69,708
797,455,69,708
788,450,69,711
781,451,69,710
779,455,69,708
743,435,69,720
739,430,69,723
871,471,69,698
865,471,69,698
851,469,69,699
833,468,69,701
817,462,69,704
806,460,69,705
793,457,69,707
788,453,69,709
781,450,69,711
775,453,69,709
774,451,69,710
772,451,69,710
770,453,69,709
765,448,69,712
759,446,69,713
761,444,69,714
747,430,69,723
748,424,69,726
732,421,69,728
730,423,69,727
743,448,69,712
734,509,5,676
727,480,5,693
732,426,69,725
743,502,69,680
734,522,5,668
727,500,5,681
725,491,5,686
730,415,69,731
811,457,69,707
808,459,69,706
806,462,69,704
808,462,69,704
802,460,69,705
804,460,69,705
797,462,69,704
795,464,69,703
788,460,69,705
788,448,69,712
738,399,69,740
734,505,5,678
730,410,69,734
703,644,5,591
702,639,5,594
774,633,69,598
768,630,69,600
738,415,69,731
741,410,69,734
745,403,69,738
752,469,69,699
757,538,69,658
745,603,69,617
745,604,69,616
743,603,69,617
727,518,5,670
817,446,69,713
801,446,69,713
788,441,69,716
775,433,69,721
772,433,69,721
768,437,69,719
766,444,69,714
765,439,69,717
756,430,69,723
748,433,69,721
747,433,69,721
741,432,69,722
736,430,69,723
736,433,69,721
738,430,69,723
734,516,5,671
757,405,69,737
750,403,69,738
745,412,69,733
743,414,69,732
745,406,69,736
745,415,69,731
739,408,69,735
734,399,69,740
754,399,69,740
739,397,69,741
736,401,69,739
732,412,69,733
734,468,5,700
781,435,69,720
775,437,69,719
741,437,69,719
736,437,69,719
739,433,69,721
736,430,69,723
734,428,69,724
729,419,69,729
790,444,69,714
693,712,5,548
691,711,5,549
689,709,5,550
680,702,5,555
678,698,5,557
676,696,5,558
673,691,5,561
669,687,5,564
669,684,5,566
667,682,5,567
669,684,5,566
664,678,5,569
660,675,5,572
660,671,5,574
696,858,5,458
671,716,5,545
664,687,5,564
662,676,5,570
664,673,5,573
671,693,5,560
669,689,5,562
671,687,5,563
667,684,5,566
666,682,5,567
660,678,5,569
680,829,5,475
662,711,5,549
693,880,5,445
660,766,21,514
664,781,5,505
682,835,5,471
700,1026,5,363
662,741,5,530
684,856,5,459
703,961,5,398
691,1125,5,314
666,1099,21,326
673,1233,5,266
658,1071,21,340
666,684,5,566
664,684,5,566
685,705,5,552
682,702,5,554
680,698,5,557
673,694,5,559
671,687,5,564
664,684,5,566
662,676,5,570
660,675,5,571
700,851,5,462
667,718,5,544
662,689,5,562
694,844,5,466
662,712,5,548
698,869,5,451
662,721,5,542
703,714,5,546
702,712,5,548
694,709,5,550
691,702,5,554
747,545,69,653
729,541,5,655
730,432,69,722
736,435,69,720
694,707,5,551
691,702,5,554
689,702,5,555
689,698,5,557
684,693,5,560
682,691,5,561
676,687,5,564
676,684,5,566
675,684,5,566
671,676,5,570
667,673,5,573
664,667,5,576
662,666,5,577
662,664,5,578
700,712,5,548
694,703,5,553
689,700,5,556
685,694,5,559
734,415,69,731
730,414,69,732
730,468,5,700
741,423,69,727
829,423,69,727
712,691,5,561
703,678,5,569
700,671,5,574
694,664,5,578
689,655,5,584
685,651,5,586
682,649,5,588
675,649,5,587
682,691,5,561
682,687,5,563
678,687,5,564
676,685,5,565
675,678,5,569
703,930,5,415
662,730,5,536
694,883,5,442
662,937,21,411
671,784,5,502
705,968,5,394
662,736,5,533
714,725,5,540
709,720,5,543
702,702,5,554
693,703,5,553
687,700,5,556
682,694,5,559
678,687,5,563
694,705,5,552
687,696,5,558
680,689,5,562
676,685,5,565
673,684,5,566
687,705,5,552
685,700,5,556
680,696,5,558
698,712,5,548
693,703,5,553
687,691,5,561
