718,520,68,669
714,511,68,674
723,741,5,529
725,529,69,663
721,745,5,527
725,531,69,662
718,525,68,666
730,669,68,575
721,541,68,656
725,662,0,579
725,541,68,656
721,532,68,661
721,531,68,662
730,599,68,619
721,536,68,659
720,536,68,659
718,531,68,662
718,644,0,591
725,547,69,652
721,531,69,662
718,527,69,665
720,721,5,542
727,532,69,661
721,525,69,666
718,518,68,670
727,660,0,581
721,525,68,666
718,518,68,670
729,567,68,640
720,511,68,674
725,644,0,591
718,594,0,623
730,538,68,658
721,507,68,677
718,511,68,674
723,547,69,652
721,532,69,661
721,525,69,666
721,525,69,666
721,525,68,666
720,525,69,666
718,601,0,618
730,549,68,651
725,523,68,667
729,525,68,666
716,525,0,666
729,540,68,657
718,523,68,667
725,646,0,590
727,527,68,664
721,619,0,607
723,532,69,661
718,637,5,595
727,531,69,662
718,603,5,617
727,527,69,664
727,741,5,530
721,513,69,673
723,732,5,535
720,507,68,677
730,658,68,582
720,603,0,617
723,507,68,677
729,640,0,593
720,696,5,558
721,496,69,683
730,612,68,611
723,469,68,699
721,498,68,682
720,493,68,685
718,495,68,684
730,556,68,647
723,509,68,675
718,505,68,678
718,505,68,678
720,509,68,675
723,516,69,671
721,520,69,669
718,518,69,670
723,525,69,666
720,520,68,669
723,687,5,564
727,538,68,658
721,540,68,657
721,529,68,663
718,619,0,607
727,556,68,647
723,529,68,663
721,522,68,668
720,527,68,665
720,612,0,611
730,532,68,661
723,522,69,668
720,518,69,670
718,511,69,674
725,673,5,573
725,522,69,668
718,514,69,672
725,682,0,567
725,520,69,669
718,507,68,677
729,671,0,574
720,504,68,679
729,649,0,587
718,495,68,684
729,640,0,593
721,595,0,622
727,507,68,677
716,597,0,621
729,520,68,669
721,507,68,677
720,631,5,599
730,527,69,665
721,511,69,674
721,667,5,576
727,527,69,665
718,518,69,670
718,509,68,675
716,509,69,676
721,662,0,580
727,540,68,657
720,523,68,667
718,522,68,668
727,682,0,567
723,514,68,672
718,507,68,677
725,637,0,596
727,513,69,673
721,504,69,679
720,505,69,678
718,612,5,612
730,640,69,593
721,498,69,682
721,667,5,576
727,505,69,678
718,601,5,618
730,541,69,655
725,655,5,584
727,507,69,677
716,559,5,644
729,694,0,559
730,660,68,581
721,502,68,680
718,597,0,621
730,514,68,672
720,500,68,681
723,622,5,605
729,516,69,671
720,495,69,684
721,495,68,684
725,648,0,589
725,509,69,675
718,502,69,680
725,678,5,569
727,514,69,672
720,505,69,678
718,613,5,610
730,543,68,654
718,511,68,674
718,599,0,619
730,540,68,657
720,496,68,683
718,597,0,621
729,687,0,563
723,504,68,679
716,505,0,678
727,505,68,678
721,500,68,681
720,495,69,684
723,669,5,575
729,523,69,667
723,511,69,674
720,498,69,682
721,639,5,594
730,545,68,653
721,509,68,675
718,597,0,621
729,702,68,554
721,498,68,682
727,680,0,568
725,500,68,681
718,498,68,682
732,486,68,690
718,473,68,697
725,628,5,601
725,487,69,689
720,626,5,602
730,570,69,638
716,489,0,687
725,646,0,590
725,482,68,692
730,590,68,625
720,505,68,678
721,622,0,605
727,518,68,670
720,507,68,677
718,507,68,677
727,671,5,574
727,522,69,668
720,509,69,676
718,505,69,678
727,703,5,553
727,525,69,666
721,511,69,674
718,507,69,677
725,703,5,553
727,520,68,669
718,511,68,674
727,675,0,571
725,509,68,676
718,504,68,679
723,642,0,592
718,498,68,682
725,687,5,564
718,498,68,682
730,541,68,656
721,502,68,680
716,599,0,619
730,505,68,678
716,529,5,663
732,527,69,665
727,511,69,674
729,505,69,678
723,504,69,679
718,502,69,680
720,615,0,609
730,525,68,666
721,496,68,683
718,498,68,682
727,667,0,576
725,500,68,681
727,673,0,573
730,514,68,672
716,567,0,640
