730,507,69,677
738,529,69,663
730,516,69,671
727,514,69,672
727,520,69,669
727,522,69,668
727,522,69,668
730,527,69,665
730,527,69,665
729,529,69,663
729,527,69,664
730,529,69,663
730,529,69,663
730,529,69,663
729,529,69,663
729,531,69,662
730,529,69,663
729,529,69,663
730,529,69,663
727,567,1,640
734,532,69,661
729,527,69,665
727,525,69,666
738,540,69,657
729,523,69,667
729,635,1,597
734,527,69,664
727,523,69,667
739,714,69,547
730,525,69,666
734,687,1,564
734,525,69,666
727,522,69,668
736,534,69,660
727,574,1,635
734,527,69,664
747,516,69,671
739,509,69,675
739,631,69,599
727,613,1,610
730,495,69,684
739,678,69,569
727,601,1,618
730,502,69,680
739,608,69,614
725,531,1,662
732,505,69,678
736,703,1,553
727,498,1,682
734,505,69,678
739,702,69,555
727,505,1,678
734,507,69,677
730,502,69,680
730,662,1,579
729,500,69,681
730,675,1,571
727,493,69,685
736,509,69,676
736,709,1,550
725,525,1,666
734,502,69,680
739,684,69,566
727,622,1,605
729,493,69,685
739,507,69,677
734,694,1,559
725,543,1,654
732,493,69,685
739,626,69,602
757,709,69,550
757,712,69,548
761,714,69,546
763,718,69,544
766,721,69,542
766,723,69,541
766,723,69,541
768,723,69,541
770,729,69,537
770,727,69,539
772,727,69,539
772,727,69,539
775,727,69,538
777,727,69,539
774,723,69,541
772,721,69,542
772,721,69,542
770,721,69,542
770,720,69,543
770,718,69,544
768,716,69,545
768,716,69,545
766,714,69,546
752,703,69,553
757,714,69,547
761,711,69,549
765,709,69,550
768,711,69,549
768,714,69,546
768,712,69,548
772,711,69,549
763,705,69,552
763,709,69,550
763,716,69,545
763,712,69,548
766,709,69,550
770,712,69,548
765,714,69,547
766,714,69,546
770,727,69,539
772,723,69,541
775,734,69,534
779,741,69,530
783,743,69,528
786,741,69,529
788,738,69,532
790,738,69,532
793,745,69,527
792,741,69,530
792,739,69,531
790,743,69,528
790,743,69,528
792,739,69,531
790,734,69,534
790,732,69,535
788,736,69,533
790,734,69,534
790,730,69,536
790,730,69,536
788,727,69,539
786,721,69,542
786,718,69,544
783,714,69,547
761,714,69,546
766,721,69,542
772,723,69,541
772,723,69,541
784,729,69,537
784,732,69,535
786,736,69,533
788,738,69,532
788,738,69,532
788,734,69,534
788,734,69,534
792,730,69,536
795,732,69,535
797,730,69,536
793,727,69,538
797,723,69,541
793,720,69,543
792,718,69,544
788,714,69,547
779,653,69,585
759,639,69,594
761,644,69,591
745,628,69,601
752,635,69,597
752,637,69,595
757,644,69,591
761,646,69,590
761,649,69,588
765,649,69,588
763,649,69,587
763,649,69,587
763,653,69,585
763,649,69,587
761,648,69,589
761,649,69,587
759,649,69,588
757,649,69,588
757,649,69,587
757,648,69,589
748,640,69,593
748,646,69,590
752,644,69,591
757,651,69,586
757,639,69,594
761,646,69,590
761,646,69,590
761,649,69,587
761,640,69,593
761,649,69,588
761,648,69,589
761,648,69,589
763,648,69,589
766,649,69,587
761,648,69,589
763,648,69,589
763,646,69,590
752,637,69,595
748,637,69,595
763,639,69,594
752,637,69,596
743,599,69,619
738,595,69,622
736,599,69,619
743,738,69,532
761,788,69,500
774,808,69,488
781,817,69,482
788,824,69,478
793,831,69,474
801,838,69,469
806,833,69,473
810,829,69,475
810,826,69,477
811,828,69,476
813,828,69,476
813,826,69,477
813,826,69,477
813,824,69,478
813,822,69,479
813,820,69,480
813,819,69,481
811,819,69,481
813,822,69,479
813,822,69,479
815,820,69,480
815,819,69,481
815,817,69,482
815,819,69,481
810,797,69,495
811,801,69,492
811,804,69,490
811,810,69,487
811,815,69,484
806,817,69,482
802,824,69,478
799,826,69,477
804,833,69,473
810,840,69,468
815,847,69,464
820,851,69,462
822,858,69,458
826,864,69,454
829,867,69,452
831,873,69,449
833,878,69,446
835,878,69,446
838,885,69,441
842,887,69,440
844,892,69,437
847,900,69,433
851,903,69,431
855,909,69,428
858,916,69,424
860,919,69,422
862,923,69,420
856,923,69,420
855,928,69,416
865,936,69,412
869,936,69,412
873,936,69,412
874,937,69,411
878,943,69,408
860,939,69,410
874,946,69,406
880,946,69,406
882,946,69,406
880,945,69,407
883,945,69,407
883,941,69,409
883,941,69,409
883,939,69,410
883,936,69,412
882,934,69,413
878,930,69,415
865,925,69,418
871,923,69,420
871,916,69,424
871,910,69,427
851,903,69,431
835,894,69,436
826,887,69,440
831,885,69,441
846,882,69,444
847,880,69,445
851,880,69,445
851,876,69,447
849,876,69,447
838,876,69,447
844,871,69,450
847,871,69,450
849,871,69,450
847,869,69,451
810,811,69,486
810,808,69,488
811,808,69,488
811,810,69,487
811,811,69,486
810,811,69,486
808,815,69,484
804,819,69,481
806,817,69,483
806,820,69,480
808,826,69,477
808,829,69,475
808,835,69,471
811,849,69,463
824,855,69,460
829,864,69,454
835,867,69,452
838,871,69,450
844,878,69,446
849,883,69,442
851,891,69,438
856,898,69,434
860,898,69,434
862,898,69,434
865,909,69,428
867,914,69,425
869,919,69,422
871,923,69,420
874,925,69,418
876,930,69,415
867,930,69,415
847,930,69,415
842,934,69,413
862,939,69,410
874,945,69,407
880,950,69,404
883,948,69,405
883,952,69,403
880,950,69,404
889,955,69,401
891,957,69,400
892,959,69,399
892,961,69,398
892,961,69,398
892,961,69,398
880,952,69,403
878,954,69,402
892,954,69,402
878,950,69,404
853,945,69,407
869,945,69,407
878,943,69,408
882,939,69,410
885,937,69,411
887,932,69,414
887,923,69,420
887,923,69,420
887,921,69,421
887,919,69,422
883,910,69,427
883,907,69,429
883,905,69,430
883,901,69,432
882,894,69,436
883,892,69,437
882,891,69,438
882,883,69,442
880,883,69,442
880,882,69,444
865,876,69,447
851,867,69,452
844,864,69,454
855,865,69,453
862,864,69,454
865,869,69,451
867,867,69,452
869,867,69,452
869,864,69,454
869,865,69,453
869,862,69,455
869,855,69,460
867,851,69,462
867,849,69,463
867,847,69,464
865,844,69,466
865,842,69,467
864,840,69,468
864,837,69,470
862,835,69,471
862,835,69,472
862,833,69,473
860,831,69,474
860,831,69,474
860,829,69,475
860,829,69,475
860,826,69,477
860,826,69,477
847,824,69,478
844,822,69,479
842,822,69,479
840,822,69,479
838,822,69,479
833,824,69,478
826,824,69,478
822,826,69,477
