714,711,1,549
714,709,1,550
718,711,1,549
696,568,1,639
707,622,0,605
714,666,0,577
718,687,0,563
702,579,0,632
714,505,68,678
711,617,0,608
700,550,0,650
718,631,0,599
709,603,0,617
696,541,0,655
720,610,68,613
712,601,0,618
703,558,0,645
714,478,69,694
714,635,1,597
702,543,1,654
718,637,69,595
709,651,1,586
698,534,1,660
718,646,69,590
709,680,1,568
703,516,0,671
712,669,0,575
705,622,0,605
707,448,68,712
712,637,0,595
709,448,68,712
709,649,0,588
712,694,0,559
711,709,0,550
712,712,0,548
712,714,1,547
714,714,1,546
711,714,1,547
703,711,1,549
703,714,1,546
703,720,1,543
703,721,1,542
703,725,1,540
696,720,0,543
691,718,0,544
691,720,0,543
687,716,0,545
684,716,0,545
682,716,0,545
678,714,0,546
676,714,0,546
662,691,0,561
603,644,0,591
619,691,0,561
601,712,20,548
606,664,0,578
615,687,0,564
615,757,0,519
599,651,20,586
604,662,0,579
615,673,0,573
601,635,0,597
610,671,0,574
601,637,1,596
648,822,29,479
664,833,29,473
640,826,29,477
563,765,28,515
630,817,28,483
660,833,28,473
660,835,28,471
658,824,20,478
648,786,20,501
648,784,20,502
673,799,0,494
666,842,28,467
658,833,28,473
664,826,20,477
658,779,20,506
658,822,20,479
657,801,20,493
664,720,0,543
658,759,21,518
664,709,1,550
671,720,1,543
671,844,21,466
664,698,1,557
682,734,1,534
673,689,1,562
669,675,1,571
666,673,0,573
662,669,0,575
676,680,0,568
667,673,0,573
667,671,0,574
676,678,0,569
669,675,0,571
664,673,0,573
669,675,0,572
666,671,0,574
676,748,1,525
660,797,21,495
664,698,1,557
667,682,1,567
669,676,1,570
667,840,21,468
667,849,21,463
673,801,1,493
669,752,1,523
658,820,21,480
673,829,0,475
680,770,0,511
660,714,0,547
673,747,0,526
660,703,0,553
669,871,20,450
660,858,20,458
667,878,20,446
658,873,29,449
662,885,29,441
648,883,29,443
655,885,29,441
649,727,1,538
673,797,0,495
669,837,20,470
640,815,28,484
673,817,0,482
628,822,28,479
669,844,20,466
666,838,28,469
667,838,21,469
669,838,21,469
644,829,29,475
628,824,29,478
628,826,29,477
635,835,29,471
628,835,29,472
630,828,29,476
669,855,21,460
673,774,0,509
676,752,0,523
651,840,28,468
653,851,28,462
658,853,28,461
678,761,0,517
664,700,0,556
673,732,0,535
671,847,20,464
660,698,0,557
664,678,1,569
658,745,21,527
669,714,1,546
655,853,29,461
660,858,29,457
657,741,21,530
646,851,29,462
671,864,21,454
664,855,29,460
664,855,21,460
667,865,21,453
640,851,29,462
637,855,28,460
676,766,0,514
669,752,0,523
628,849,28,463
642,858,28,458
667,876,20,447
673,864,1,454
646,858,29,458
637,810,21,487
667,754,1,522
658,810,21,487
660,856,29,459
662,856,21,459
667,864,21,454
664,858,21,457
601,714,20,546
604,657,0,583
615,676,0,570
642,824,28,478
658,833,28,473
558,777,29,507
592,799,28,494
621,810,29,487
637,817,29,482
628,817,28,483
655,831,28,474
590,799,28,494
619,822,28,479
640,828,28,476
648,829,28,475
631,824,28,478
667,838,20,469
633,824,29,478
608,815,29,484
597,815,29,484
633,828,29,476
639,829,29,475
637,831,29,474
594,811,29,486
588,810,29,487
594,817,29,483
630,829,29,475
642,831,29,474
662,840,29,468
637,837,29,470
640,840,29,468
601,817,29,483
610,826,29,477
606,829,28,475
599,819,28,481
626,833,29,473
649,847,29,464
648,846,29,465
599,815,29,484
570,797,29,495
588,804,29,490
631,835,29,472
585,815,29,484
583,813,29,485
673,727,0,539
667,727,0,538
675,739,0,531
671,838,20,469
664,824,20,478
675,766,0,514
660,689,0,562
657,766,20,514
664,826,20,477
664,700,0,556
676,738,1,532
669,846,21,465
664,822,21,479
660,707,1,551
666,709,1,550
678,739,1,531
666,835,21,472
660,702,1,555
669,720,1,543
673,736,1,533
675,748,0,525
673,831,0,474
669,849,20,463
660,853,28,461
655,858,28,458
664,864,28,454
631,858,28,458
622,853,28,461
615,851,29,462
604,846,29,465
604,844,29,466
610,846,29,465
613,844,29,466
624,849,29,463
649,817,29,482
606,822,29,479
666,741,0,530
667,754,0,522
630,838,28,469
662,842,21,467
658,829,21,475
655,831,29,474
655,855,29,460
667,748,1,525
601,808,29,488
646,831,29,474
669,844,21,466
664,835,21,471
658,822,21,479
658,727,20,539
640,811,28,486
633,833,28,473
669,853,20,461
660,840,28,468
657,829,28,475
660,732,0,535
673,759,0,518
606,822,29,479
592,808,29,488
583,813,29,485
577,804,29,490
667,669,1,575
673,660,1,581
678,660,1,581
676,655,1,584
678,662,1,579
678,664,1,578
669,666,1,577
678,669,0,575
682,671,1,574
684,673,0,573
676,673,0,573
678,676,0,570
687,673,0,573
693,671,0,574
694,673,0,573
696,678,0,569
700,678,0,569
702,682,1,567
698,685,1,565
694,687,1,563
698,691,1,561
703,694,1,559
705,694,1,559
703,694,1,559
700,698,1,557
703,700,1,556
694,702,1,554
694,702,1,555
694,702,1,555
685,691,1,561
676,684,1,566
671,678,0,569
664,673,0,573
666,676,0,570
671,745,0,527
666,698,1,557
658,703,21,553
658,822,21,479
664,860,21,456
669,871,21,450
680,768,1,513
671,712,1,548
664,693,1,560
660,712,1,548
678,736,1,533
673,687,1,564
673,669,1,575
676,666,1,577
678,664,1,578
685,669,1,575
687,678,1,569
691,675,1,571
691,678,1,569
691,682,0,567
694,678,0,569
696,687,0,563
705,696,0,558
712,703,0,553
709,702,0,555
709,698,0,557
714,711,0,549
711,484,68,691
714,612,1,611
707,570,1,638
716,649,1,587
714,680,1,568
705,480,1,693
712,637,1,596
712,671,1,574
714,491,69,686
718,617,69,608
711,599,1,620
703,568,1,639
712,649,1,587
716,676,0,570
705,585,1,629
718,655,0,584
714,489,68,687
716,630,0,600
712,487,68,689
712,622,1,605
700,567,1,640
718,640,1,593
709,594,1,623
718,651,1,586
718,691,1,561
707,599,1,620
703,662,1,580
702,700,1,556
700,716,1,545
694,721,1,542
696,727,1,539
694,727,1,539
705,694,1,559
714,700,1,556
694,561,1,643
716,696,1,558
696,585,1,629
718,511,68,674
712,669,0,575
705,590,0,625
705,567,0,640
702,552,0,649
714,473,68,697
718,671,0,574
711,610,0,613
703,568,0,639
702,563,0,642
709,468,68,701
714,477,68,695
720,500,69,681
716,588,1,626
712,495,69,684
714,594,1,623
707,482,69,692
723,511,69,674
714,505,69,678
718,507,69,677
714,504,69,679
705,489,0,687
712,491,69,686
723,559,68,644
707,484,68,691
712,491,68,686
723,504,68,679
705,577,0,633
714,487,68,689
721,511,68,674
714,599,0,619
709,594,1,623
703,586,1,627
703,583,1,630
703,531,1,662
720,505,69,678
720,631,69,599
718,612,1,612
721,585,69,629
705,570,0,638
711,493,68,685
712,505,68,678
714,639,0,594
705,612,0,611
703,583,0,630
720,649,68,588
712,619,0,607
703,601,0,618
707,484,68,691
712,732,0,535
691,723,0,541
673,707,0,551
666,702,0,554
657,696,0,558
648,687,0,563
648,694,0,559
644,689,0,562
637,682,0,567
635,682,0,567
637,682,0,567
631,676,0,570
622,664,1,578
619,662,1,580
653,822,28,479
653,732,0,535
628,813,28,485
595,797,28,495
619,824,28,478
658,855,28,460
637,790,20,499
671,860,20,456
673,759,0,518
667,747,0,526
671,745,0,527
669,741,0,529
660,714,0,546
664,711,0,549
669,840,20,468
673,774,0,509
640,828,29,476
653,840,29,468
637,829,29,475
635,828,29,476
644,829,29,475
615,801,29,493
649,840,28,468
667,851,21,462
648,846,29,465
628,801,28,492
648,837,28,470
642,826,28,477
640,824,28,478
655,837,20,470
655,790,20,499
649,829,28,475
651,797,20,495
664,849,20,463
655,842,28,467
635,811,29,486
651,844,29,466
662,844,21,466
644,835,29,471
660,851,29,462
651,846,29,465
676,784,1,502
675,754,1,522
664,855,29,460
640,844,29,466
630,853,28,461
631,858,28,458
646,867,28,452
635,860,28,456
639,865,28,453
631,860,28,456
664,748,0,525
657,831,20,474
660,846,21,465
667,858,21,458
673,860,1,456
675,761,1,517
673,754,1,522
631,689,1,562
678,718,1,544
667,671,1,574
667,657,1,583
667,651,1,586
667,651,1,586
673,651,1,586
673,653,1,585
673,657,0,583
669,658,0,582
669,662,0,580
675,666,0,577
678,671,0,574
682,673,0,573
687,676,0,570
693,682,0,567
696,684,0,566
698,685,0,565
698,685,0,565
700,687,1,563
703,689,1,562
705,694,1,559
702,694,1,559
703,696,1,558
705,698,1,557
707,698,1,557
703,700,1,556
702,702,1,555
703,702,0,555
703,702,0,555
703,703,0,553
711,705,0,552
711,707,0,551
703,702,0,554
694,702,0,555
676,691,0,561
667,684,0,566
673,849,1,463
660,702,1,554
660,718,1,544
660,727,1,539
673,736,1,533
682,766,1,514
669,714,1,546
660,694,1,559
678,768,1,512
664,711,0,549
613,673,1,573
606,777,21,507
604,648,1,589
621,630,0,600
628,624,0,604
640,637,0,595
646,639,0,594
678,716,0,545
669,675,0,571
667,660,0,581
669,658,0,582
669,660,0,581
678,662,0,580
680,664,1,578
687,673,1,573
691,675,1,571
694,680,1,568
702,687,1,563
694,676,1,570
685,669,1,575
698,687,1,564
709,703,0,553
718,714,0,547
712,689,0,562
703,685,0,565
716,694,0,559
705,615,0,609
711,455,68,708
712,621,0,606
703,509,0,675
720,473,68,697
714,628,0,601
703,552,1,649
711,459,69,706
721,493,69,685
712,599,1,619
702,585,1,629
712,459,69,706
721,552,69,649
714,594,1,623
705,563,0,642
709,462,68,704
718,513,68,673
714,608,0,614
705,554,0,648
711,462,68,704
720,522,68,668
716,599,0,619
711,576,0,634
703,558,0,645
716,477,69,695
714,615,1,609
700,552,1,649
712,637,1,595
714,684,1,566
712,709,1,550
712,723,1,541
711,727,1,538
709,727,1,538
705,732,1,535
703,730,0,536
702,732,0,535
700,730,0,536
698,730,0,536
696,727,0,538
694,727,0,538
653,673,1,573
653,673,1,573
653,671,1,574
655,671,1,574
653,671,1,574
653,669,0,575
653,669,0,575
655,667,0,576
655,669,0,575
657,667,0,576
657,669,0,575
660,669,0,575
660,669,0,575
662,669,0,575
664,669,0,575
667,669,0,575
669,671,0,574
673,673,1,573
676,675,1,572
687,675,1,571
691,682,1,567
696,682,1,567
705,689,1,562
709,694,0,559
714,700,0,556
718,496,68,683
705,577,0,633
705,624,0,603
712,471,68,698
714,601,0,618
696,565,0,641
718,628,0,601
709,473,68,697
709,612,0,612
718,534,68,660
712,597,1,621
711,646,1,590
712,673,1,573
716,689,1,562
707,572,1,636
714,630,1,600
718,669,1,575
700,567,1,640
716,628,1,601
714,664,0,578
718,685,0,565
714,480,68,693
711,608,0,614
712,644,0,591
716,673,0,573
718,694,0,559
712,491,68,686
709,619,0,607
716,664,0,578
705,473,1,697
709,675,1,571
711,468,69,701
709,612,1,611
714,649,1,588
718,531,69,662
712,608,1,614
718,648,1,589
702,583,1,630
714,637,1,595
705,676,0,570
702,703,0,553
703,716,0,545
702,723,0,541
702,727,0,539
694,720,0,543
698,723,0,541
698,723,0,541
696,727,1,539
694,723,1,541
662,675,0,571
662,675,0,571
662,675,0,571
662,675,0,571
664,675,0,571
664,675,0,572
664,673,0,573
664,675,0,572
664,675,1,572
667,675,1,571
676,676,1,570
684,682,1,567
685,682,1,567
691,685,1,565
702,691,0,561
702,698,0,557
711,703,0,553
711,507,68,677
712,676,0,570
700,585,0,629
718,505,68,678
720,649,68,587
714,639,0,594
703,583,0,630
705,514,0,672
714,480,68,693
721,543,69,654
718,621,69,606
709,585,1,629
705,579,1,632
707,477,69,695
718,500,69,681
711,493,69,685
720,493,69,685
709,585,0,628
718,513,68,673
718,514,68,672
718,505,68,678
718,504,68,679
721,513,68,673
718,507,68,677
718,504,68,679
720,513,68,673
723,531,68,662
725,532,68,661
723,509,69,675
716,504,69,679
721,523,69,667
723,523,69,667
709,500,69,681
720,509,69,675
721,522,69,668
712,505,69,678
723,527,69,665
709,599,1,619
716,509,68,676
714,513,68,673
723,536,68,659
714,513,68,673
714,509,68,675
711,507,68,677
721,626,68,602
718,649,0,587
714,613,1,610
709,613,1,610
712,496,69,683
709,624,1,604
702,599,1,619
716,532,69,661
720,577,69,633
705,727,1,538
705,727,1,538
711,727,1,539
723,727,1,539
736,729,1,537
747,741,1,530
754,752,0,523
703,565,0,641
714,480,68,693
718,687,0,563
712,657,0,583
702,583,0,630
707,471,0,698
721,500,68,681
721,595,68,622
714,603,0,617
705,576,1,634
714,484,69,691
723,500,69,681
721,502,69,680
709,484,69,691
723,498,69,682
711,487,69,689
709,489,69,687
711,489,68,688
711,493,68,685
721,516,68,671
729,525,68,666
734,527,68,665
739,529,68,663
741,538,68,658
743,532,68,661
747,538,68,658
745,523,68,667
748,536,69,659
747,531,69,662
748,531,69,662
748,543,69,654
745,523,69,667
750,543,69,654
750,538,69,658
747,527,69,665
748,536,69,659
743,518,69,670
745,529,69,663
739,514,69,672
741,518,69,670
732,513,68,673
739,523,68,667
739,518,68,670
720,495,68,684
707,489,68,687
725,504,68,679
716,604,1,616
709,594,1,623
707,487,69,689
721,496,69,683
725,565,69,641
709,612,1,611
721,496,69,683
718,496,69,683
705,612,1,612
703,595,1,622
712,491,69,686
718,513,69,673
741,754,0,521
745,754,0,521
748,756,0,520
754,757,0,519
759,759,0,518
763,763,0,516
768,766,0,514
720,478,69,694
721,574,69,635
707,576,1,634
727,493,69,685
727,498,68,682
723,502,69,680
723,504,68,679
725,507,68,677
725,507,68,677
730,513,68,673
732,518,68,670
732,514,68,672
727,495,68,684
721,493,68,685
718,491,68,686
720,491,68,686
720,493,68,685
718,487,68,689
718,489,69,687
725,496,69,683
721,496,69,683
720,493,69,685
714,489,69,687
727,536,69,659
732,513,69,673
736,516,69,671
736,518,68,670
734,516,68,671
734,518,68,670
732,522,68,668
730,520,68,669
729,516,68,671
712,495,68,684
721,606,68,615
711,594,0,623
705,529,0,663
712,491,68,686
725,509,69,676
707,489,69,687
705,554,1,648
714,493,69,685
721,514,69,672
727,552,69,649
705,491,1,686
711,496,69,683
723,516,69,671
718,496,68,683
712,495,68,684
702,594,0,623
716,536,68,659
723,541,68,655
702,604,0,616
707,493,68,685
720,639,68,594
685,720,0,543
684,716,0,545
682,714,0,546
682,714,0,546
682,714,0,547
684,714,0,546
684,714,0,547
684,712,0,548
682,711,0,549
682,711,0,549
684,711,1,549
687,711,1,549
691,711,1,549
700,712,1,548
707,714,0,546
709,714,0,546
711,716,0,545
716,714,0,546
700,707,0,551
700,703,0,553
707,711,0,549
703,707,0,551
694,696,0,558
698,698,0,557
702,702,0,554
702,703,0,553
712,712,0,548
714,716,0,545
707,588,1,626
718,613,69,610
720,617,69,608
709,637,1,596
714,673,1,573
698,572,1,636
696,568,0,639
718,525,68,666
714,613,0,610
712,698,0,557
712,714,0,547
698,558,0,645
712,685,0,565
700,567,0,640
714,662,0,579
703,707,0,551
714,711,0,549
712,716,0,545
705,714,1,547
705,712,1,548
709,714,1,547
712,716,1,545
712,720,1,543
696,518,1,670
711,666,1,577
705,709,1,550
711,712,1,548
700,709,0,550
703,711,0,549
703,711,0,549
709,714,0,546
698,718,0,544
689,714,0,547
685,709,0,550
680,703,0,553
676,702,0,555
669,694,0,559
667,687,1,563
662,687,1,564
676,727,1,538
676,716,1,545
673,711,1,549
617,640,0,593
615,637,0,595
613,637,0,596
613,635,0,597
612,633,0,598
612,631,0,599
615,630,1,600
633,630,1,600
648,642,1,592
666,666,1,577
682,684,1,566
693,696,1,558
694,694,0,559
693,687,0,563
687,684,0,566
687,682,0,567
685,678,0,569
685,678,0,569
687,682,0,567
689,682,0,567
696,684,0,566
696,687,0,563
696,687,0,563
700,689,0,562
703,702,1,554
700,702,1,555
696,702,1,555
707,702,1,554
714,705,1,552
691,567,1,640
716,667,1,576
696,572,1,636
714,639,0,594
716,675,0,571
702,493,0,685
720,622,68,605
711,574,0,635
718,640,0,593
709,572,0,637
716,477,68,695
705,595,0,622
703,495,0,684
720,478,69,694
705,592,1,624
702,559,1,644
718,561,69,643
714,613,1,610
705,585,1,629
700,552,1,649
718,478,69,694
720,581,69,631
714,576,0,634
705,559,0,644
700,565,0,641
712,477,68,695
718,603,68,617
703,599,0,620
711,673,0,573
707,709,0,550
698,711,0,549
694,707,0,551
691,707,1,551
687,709,1,550
682,703,1,553
676,702,1,555
673,696,1,558
669,694,1,559
669,698,1,557
685,712,1,548
682,714,0,546
622,648,1,589
619,644,1,591
619,642,1,592
619,640,1,593
622,639,1,594
637,639,0,594
649,649,0,588
666,667,0,576
682,682,0,567
687,689,0,562
689,687,0,563
685,682,0,567
680,678,0,569
673,675,0,571
667,671,0,574
666,669,0,575
671,673,0,573
669,673,1,573
671,775,21,508
678,687,1,564
694,687,1,563
696,694,1,559
705,698,1,557
711,702,0,554
711,707,1,551
718,712,0,548
705,637,0,595
718,712,0,548
694,558,0,646
718,644,68,591
716,608,0,614
707,594,0,623
703,565,0,641
709,468,68,701
720,516,68,671
714,595,1,622
712,585,1,629
716,577,1,633
711,581,1,631
705,574,1,635
703,568,1,639
709,473,69,697
716,486,69,690
718,498,69,682
709,482,68,692
709,484,68,691
718,489,68,687
707,500,0,681
711,484,68,691
714,495,68,684
720,613,68,610
714,604,0,616
714,597,0,621
705,527,0,665
709,471,69,698
716,639,1,594
694,576,1,634
711,658,1,582
705,489,1,687
705,649,1,588
714,702,1,554
709,730,1,536
709,741,0,529
712,750,0,524
711,748,0,525
709,748,0,525
707,748,0,525
705,748,0,525
658,682,0,567
657,682,0,567
655,678,0,569
655,676,0,570
657,675,0,571
658,675,0,571
664,676,0,570
676,680,0,568
691,691,0,561
700,700,0,556
703,702,0,555
703,702,1,555
705,702,1,554
709,703,1,553
714,707,1,551
694,565,1,641
718,696,1,558
703,583,0,630
705,482,0,692
718,666,0,577
703,568,0,639
712,644,0,591
703,505,0,678
714,469,68,699
714,612,0,611
711,473,68,697
718,489,68,688
718,493,68,685
718,599,0,619
712,489,69,688
709,482,69,692
718,599,1,620
712,581,1,631
709,471,69,698
714,486,69,690
721,572,68,637
712,585,0,629
712,486,68,690
718,505,68,678
709,585,0,629
714,491,68,686
714,495,68,684
712,489,68,688
721,511,68,674
712,597,0,621
703,585,0,628
703,585,0,629
703,500,1,681
714,498,69,682
718,536,69,659
718,630,1,600
716,622,1,605
718,525,69,666
721,572,69,637
712,622,0,605
705,597,1,621
718,660,0,581
705,613,0,610
714,682,0,567
718,720,0,543
696,597,0,621
703,667,0,576
703,712,0,548
712,734,0,534
694,730,0,536
678,716,0,545
676,714,1,546
676,712,1,548
631,669,0,575
628,664,0,578
626,662,0,579
624,660,0,581
624,660,0,581
622,658,0,582
628,657,0,583
644,657,0,583
653,662,0,580
669,671,1,574
684,682,1,567
694,696,1,558
694,696,1,558
694,693,0,560
682,682,0,567
673,675,0,571
669,673,0,573
662,669,0,575
658,685,20,565
673,696,0,558
660,675,0,571
658,727,20,539
667,712,0,548
667,716,0,545
675,756,0,520
667,831,20,474
667,702,0,555
673,727,1,539
664,687,1,564
664,720,1,543
671,729,1,537
667,828,21,476
660,700,1,556
671,723,1,541
658,775,21,508
664,694,0,559
675,745,0,527
673,696,0,558
664,673,0,573
671,833,20,473
671,849,20,463
667,840,20,468
658,822,20,479
657,792,20,498
660,828,20,476
667,842,21,467
673,748,1,525
667,727,1,539
673,741,1,529
664,851,29,462
667,846,21,465
667,846,21,465
675,768,1,513
676,745,1,527
675,802,1,491
671,748,1,525
669,738,1,532
673,759,1,518
673,752,1,523
675,757,1,519
675,752,1,523
676,765,1,515
673,754,0,522
673,752,0,523
676,741,1,529
671,732,1,535
673,732,1,535
669,745,1,527
673,748,1,525
667,860,21,456
637,698,1,557
675,770,1,511
671,837,1,470
664,817,21,483
675,752,1,523
666,682,1,567
667,714,1,547
669,711,1,549
664,673,1,573
680,727,0,538
673,682,0,567
673,666,0,577
680,741,0,530
673,684,0,566
673,676,0,570
669,673,0,573
658,768,20,512
676,709,1,550
678,680,1,568
667,675,1,572
669,673,1,573
671,675,1,571
678,678,1,569
678,680,1,568
689,682,1,567
696,685,1,565
700,685,1,565
700,687,1,563
709,694,1,559
712,698,1,557
714,702,1,555
714,702,0,554
711,702,0,554
700,700,0,556
691,696,0,558
673,689,1,562
660,682,1,567
678,727,1,539
675,831,1,474
667,714,1,546
666,853,21,461
669,720,1,543
660,790,21,499
675,822,1,479
664,752,1,523
664,858,21,457
680,766,1,514
642,637,0,595
640,637,0,595
637,637,0,596
673,729,0,537
667,822,21,479
662,687,1,563
676,714,1,547
667,675,1,571
673,664,1,578
678,664,1,578
682,669,1,575
693,675,1,571
700,684,0,566
705,691,0,561
693,680,0,568
698,684,0,566
705,685,0,565
707,689,0,562
705,694,0,559
712,468,68,700
720,538,68,658
712,594,0,623
707,450,69,711
716,471,69,698
720,599,69,620
714,581,1,631
709,565,1,641
705,520,1,669
712,464,69,703
712,606,1,615
720,487,69,689
721,522,69,668
716,576,0,634
709,572,0,636
703,556,0,647
712,624,0,603
712,662,0,579
714,682,0,567
718,689,0,562
709,568,0,639
714,642,1,592
702,558,1,645
718,644,1,591
705,460,1,705
716,621,1,606
718,518,69,670
705,612,1,611
702,662,1,579
700,696,1,558
703,712,1,548
705,721,1,542
705,727,0,538
712,729,0,537
712,732,0,535
711,729,0,537
700,727,0,538
696,723,0,541
693,723,0,541
648,664,0,578
648,664,0,578
649,662,0,579
651,664,0,578
653,662,0,579
655,662,0,579
657,664,0,578
658,664,0,578
660,664,0,578
662,664,0,578
664,666,0,577
666,667,1,576
669,667,1,576
673,669,1,575
673,671,1,574
676,673,1,573
676,675,1,572
678,675,0,571
682,675,0,571
682,676,0,570
691,682,0,567
693,684,0,566
696,684,0,566
700,685,0,565
698,689,0,562
703,693,0,560
705,694,0,559
707,694,0,559
711,694,0,559
712,696,1,558
714,696,1,558
718,700,1,556
700,588,1,626
718,500,69,681
705,601,1,618
705,639,1,594
714,657,1,583
718,495,68,684
707,590,0,625
711,640,0,593
716,662,0,580
703,574,0,635
703,554,0,648
709,468,68,700
718,491,68,686
718,603,68,617
714,581,0,631
709,577,1,633
703,577,1,633
702,577,1,633
705,498,1,682
718,514,69,672
716,612,1,612
709,599,1,620
705,581,1,631
705,487,0,689
705,500,0,681
714,637,0,595
709,606,0,615
705,576,0,634
718,639,68,594
707,613,0,610
712,511,68,674
711,633,0,598
714,687,0,564
712,714,0,546
707,720,1,543
705,718,1,544
703,718,1,544
702,723,0,541
703,727,0,539
703,721,0,542
723,723,0,541
725,725,0,540
727,727,0,539
727,727,0,539
727,725,0,540
725,727,0,539
723,723,0,541
723,725,0,540
727,727,0,539
727,727,0,539
725,725,1,540
727,727,1,539
730,727,1,539
732,727,1,538
734,727,0,538
703,610,0,613
703,507,0,677
720,594,68,623
714,615,0,609
712,601,0,618
705,590,0,625
709,484,68,691
714,504,68,679
718,516,68,671
721,622,68,605
709,507,68,677
709,507,68,677
709,619,0,607
718,516,69,671
718,525,69,666
709,500,69,681
723,531,69,662
711,493,69,685
723,583,69,630
712,496,68,683
716,514,68,672
711,502,68,680
714,601,0,618
716,504,68,679
712,500,68,681
711,496,68,683
725,520,68,669
716,504,68,679
712,502,68,680
711,500,68,681
720,523,68,667
709,505,69,678
718,511,69,674
721,590,69,625
712,606,1,615
705,568,1,639
711,504,69,679
714,504,69,679
720,523,69,667
721,594,68,623
718,621,0,606
707,608,0,614
703,599,0,620
703,594,0,623
705,509,0,676
705,511,0,674
718,649,0,587
705,660,0,581
707,709,0,550
705,720,1,543
705,725,1,540
696,707,1,551
693,707,1,551
702,720,1,543
698,721,1,542
700,732,1,535
680,698,1,557
678,698,1,557
653,705,0,552
622,658,0,582
622,658,0,582
619,649,0,587
615,649,1,588
615,646,1,590
615,648,1,589
617,646,1,590
619,642,0,592
631,644,0,591
642,649,0,587
646,655,0,584
649,658,0,582
651,658,0,582
684,716,0,545
759,534,68,660
754,532,68,661
795,775,1,508
781,673,1,573
745,482,69,692
727,469,68,699
718,466,68,702
732,484,68,691
720,585,0,629
727,473,68,697
721,604,0,616
730,480,68,693
721,469,68,699
736,531,68,662
730,480,68,693
723,477,68,695
723,482,68,692
727,486,69,690
734,489,69,687
738,495,69,684
741,500,69,681
750,509,69,676
756,509,69,675
759,518,69,670
768,523,69,667
768,522,68,668
779,532,68,661
786,540,68,657
790,541,68,656
793,541,68,655
799,550,68,650
801,552,68,649
801,552,68,649
801,556,68,647
801,556,68,647
801,550,69,650
799,549,69,651
799,547,69,652
795,547,69,652
793,543,69,654
788,541,69,656
781,540,69,657
774,570,69,638
748,531,69,662
734,538,69,658
725,511,68,674
736,541,68,655
732,538,68,658
727,536,68,659
727,541,68,656
727,529,68,663
732,572,68,636
718,646,0,590
720,496,68,683
729,651,1,586
721,621,1,606
716,606,1,615
716,541,1,655
721,495,69,684
729,534,69,660
727,635,1,597
739,698,1,557
718,741,1,530
738,741,1,530
752,745,1,527
759,754,0,522
763,765,0,515
759,765,0,515
757,761,0,517
709,574,0,635
730,529,68,663
720,684,0,566
709,567,0,640
725,711,0,549
712,585,0,629
723,486,68,690
727,698,0,557
716,585,1,629
723,491,69,686
729,570,69,638
730,570,69,638
729,622,1,605
730,572,69,637
725,585,1,629
723,603,1,617
714,559,1,644
714,549,0,651
723,453,68,709
725,460,68,705
723,457,68,707
730,475,68,696
730,471,68,698
727,559,0,644
718,450,68,711
721,450,68,711
727,468,68,700
732,484,69,691
730,572,69,636
725,565,1,641
716,558,1,646
721,451,69,710
736,473,69,697
718,554,1,648
712,543,1,654
718,451,69,710
725,459,69,706
720,556,1,647
718,556,1,647
716,477,0,695
721,450,68,711
727,455,68,708
727,606,0,615
720,572,0,636
712,556,0,647
723,471,69,698
723,612,1,611
709,567,1,640
727,651,1,586
712,574,1,635
729,664,1,578
714,597,1,621
725,675,1,571
727,711,1,549
705,568,1,639
718,653,1,585
723,702,1,555
723,723,0,541
727,720,0,543
705,576,0,634
723,711,1,549
705,556,1,647
729,707,1,551
718,640,1,593
709,561,1,643
721,469,69,699
730,644,69,591
727,637,1,595
723,599,0,619
714,568,0,639
714,552,0,649
721,466,68,702
730,502,68,680
727,617,0,608
714,540,0,657
725,475,68,696
732,570,68,638
723,468,68,700
732,489,69,688
718,468,69,700
730,486,69,690
721,477,69,695
718,478,69,694
734,493,69,685
723,478,69,694
721,482,69,692
721,478,69,694
718,477,69,695
736,496,68,683
723,480,68,693
721,480,68,693
718,586,4,627
730,491,68,686
718,478,68,694
729,482,68,692
718,469,68,699
732,484,69,691
720,464,69,703
730,487,69,689
729,628,1,601
714,577,1,633
716,495,1,684
730,514,69,672
723,633,1,598
711,581,1,631
714,500,1,681
730,572,68,636
720,608,0,614
716,473,0,697
723,640,0,593
734,702,0,554
738,732,0,535
739,748,0,525
738,757,0,519
711,727,1,538
709,727,1,539
709,727,1,539
707,723,0,541
705,721,0,542
703,720,0,543
700,718,0,544
700,716,0,545
700,720,0,543
