732,486,69,690
723,473,69,697
718,505,5,678
730,556,69,647
725,473,69,697
723,466,69,702
729,478,101,694
725,478,101,694
727,477,101,695
725,477,101,695
725,477,101,695
727,478,101,694
727,477,101,695
727,475,101,696
725,473,101,697
725,469,101,699
716,466,69,702
718,464,69,703
712,464,69,703
712,464,69,703
712,464,69,703
716,464,69,703
712,464,69,703
718,462,69,704
712,466,69,702
716,468,69,701
716,471,69,698
716,477,69,695
720,480,69,693
720,486,69,690
721,505,101,678
725,457,101,707
716,450,101,711
718,475,69,696
721,477,69,695
723,477,101,695
721,477,101,695
723,478,101,694
725,478,101,694
725,480,101,693
730,480,101,693
730,480,101,693
736,480,101,693
734,480,101,693
730,478,101,694
730,475,101,696
721,489,69,688
721,491,69,686
729,491,101,686
727,495,101,684
727,495,101,684
734,491,101,686
738,469,101,699
734,496,101,683
736,498,101,682
738,500,101,681
743,502,101,680
739,504,101,679
739,502,101,680
736,502,101,680
743,500,101,681
738,500,101,681
739,500,101,681
736,496,101,683
736,496,101,683
738,493,101,685
734,493,101,685
734,489,101,687
734,489,101,687
732,489,101,688
729,489,101,688
732,487,101,689
730,486,101,690
727,482,101,692
725,477,101,695
725,473,101,697
721,471,101,698
716,468,101,700
772,768,1,512
772,768,1,512
775,770,1,511
777,772,1,510
756,482,101,692
739,493,101,685
736,489,101,687
738,478,101,694
730,489,101,688
727,489,101,687
730,489,101,688
727,489,101,688
725,489,101,687
725,489,101,687
727,489,101,687
727,489,101,687
727,491,101,686
729,493,101,685
727,493,101,685
727,496,101,683
734,496,101,683
732,493,101,685
732,473,101,697
734,482,101,692
739,491,101,686
739,455,101,708
739,493,101,685
743,484,101,691
743,455,101,708
743,453,101,709
743,451,101,710
741,493,101,685
743,500,101,681
745,502,101,680
745,502,101,680
743,502,101,680
745,504,101,679
747,504,101,679
750,502,101,680
747,500,101,681
748,500,101,681
748,498,101,682
747,498,101,682
750,496,101,683
748,495,101,684
750,493,101,685
747,493,101,685
743,491,101,686
741,489,101,687
743,489,101,688
739,486,101,690
739,486,101,690
736,484,101,691
734,482,101,692
734,478,101,694
730,477,101,695
784,747,1,526
788,752,1,523
792,754,1,521
763,484,101,691
752,496,101,683
743,495,101,684
739,464,101,703
736,491,101,686
736,495,101,684
736,493,101,685
739,498,101,682
736,496,101,683
734,496,101,683
736,498,101,682
736,502,101,680
738,489,101,687
739,460,101,705
739,457,101,707
736,489,101,687
739,498,101,682
741,504,101,679
739,505,101,678
743,507,101,677
743,459,101,706
741,455,101,708
743,498,101,682
743,504,101,679
745,459,101,706
741,453,101,709
743,489,101,687
741,496,101,683
745,500,101,681
747,502,101,680
750,502,101,680
748,502,101,680
748,502,101,680
748,498,101,682
743,496,101,683
739,493,101,685
739,491,101,686
739,489,101,687
736,489,101,688
736,487,101,689
734,484,101,691
732,480,101,693
730,480,101,693
784,729,1,537
784,727,1,539
786,727,1,539
757,500,101,681
743,489,101,687
716,464,69,703
716,464,69,703
716,464,69,703
720,464,69,703
718,464,69,703
716,466,69,702
718,464,69,703
718,464,69,703
721,466,101,702
721,468,101,701
720,469,101,699
720,471,101,698
718,473,101,697
723,478,101,694
727,482,101,692
734,486,101,690
738,487,101,689
736,489,101,687
718,469,69,699
718,471,69,698
721,471,69,698
721,473,69,697
725,471,101,698
725,473,101,697
727,473,101,697
729,473,101,697
725,471,101,698
727,469,101,699
732,468,101,700
727,468,101,701
725,466,101,702
727,464,101,703
723,462,101,704
721,462,101,704
720,462,101,704
718,462,101,704
721,468,101,701
720,468,101,700
720,469,101,699
716,475,101,696
718,480,101,693
721,482,101,692
725,495,101,684
725,471,101,698
727,471,101,698
727,471,101,698
730,469,101,699
729,469,101,699
727,468,101,700
770,720,1,543
772,720,1,543
775,723,1,541
752,477,101,695
738,480,101,693
732,484,101,691
734,484,101,691
727,489,101,687
727,489,101,687
723,489,101,687
729,495,101,684
727,475,101,696
727,493,101,685
727,493,101,685
725,493,101,685
725,496,101,683
727,466,101,702
730,498,101,682
734,462,101,704
732,457,101,707
730,457,101,707
730,457,101,707
736,462,101,704
734,460,101,705
741,495,101,684
739,493,101,685
736,489,101,687
736,487,101,689
734,486,101,690
730,484,101,691
730,482,101,692
732,482,101,692
732,484,101,691
727,480,101,693
716,493,69,685
716,493,69,685
721,493,69,685
725,493,101,685
721,493,101,685
720,493,101,685
723,495,101,684
732,493,101,685
734,493,101,685
730,491,101,686
732,491,101,686
730,491,101,686
727,489,101,687
727,489,101,688
729,487,101,689
768,766,1,514
770,768,1,513
774,768,1,512
750,507,101,677
732,496,101,683
729,489,101,687
768,766,1,514
772,766,1,514
775,768,1,512
748,500,101,681
732,469,101,699
727,489,101,687
725,489,101,688
725,487,101,689
721,487,101,689
720,486,101,690
720,486,101,690
721,486,101,690
725,475,101,696
727,475,101,696
730,477,101,695
727,477,101,695
727,477,101,695
729,475,101,696
725,473,101,697
730,473,101,697
727,471,101,698
730,469,101,699
729,469,101,699
732,484,101,691
732,484,101,691
727,482,101,692
727,486,101,690
725,487,101,689
727,482,101,692
727,484,101,691
725,484,101,691
727,486,101,690
727,487,101,689
729,489,101,687
730,491,101,686
730,495,101,684
732,496,101,683
734,500,101,681
736,498,101,682
736,500,101,681
738,466,101,702
739,462,101,704
741,478,101,694
743,462,101,704
743,460,101,705
743,459,101,706
743,460,101,705
745,505,101,678
752,509,101,675
752,509,101,676
756,462,101,704
754,511,101,674
761,513,101,673
757,513,101,673
756,513,101,673
754,511,101,674
754,509,101,675
775,486,101,690
763,462,101,704
754,495,101,684
752,477,101,695
752,486,101,690
748,496,101,683
745,498,101,682
743,498,101,682
743,498,101,682
743,498,101,682
745,498,101,682
786,498,1,682
772,482,101,692
761,504,101,679
752,500,101,681
750,496,101,683
748,496,101,683
745,496,101,683
745,496,101,683
743,495,101,684
743,493,101,685
739,493,101,685
738,493,101,685
738,493,101,685
738,493,101,685
739,493,101,685
736,496,101,683
739,496,101,683
799,739,1,531
772,505,101,678
759,484,101,691
752,489,101,687
748,496,101,683
745,495,101,684
745,493,101,685
743,493,101,685
743,491,101,686
743,491,101,686
739,493,101,685
739,493,101,685
741,493,101,685
743,496,101,683
741,496,101,683
743,498,101,682
745,498,101,682
745,500,101,681
797,752,1,523
768,516,101,671
757,505,101,678
750,498,101,682
748,491,101,686
743,491,101,686
743,489,101,688
743,487,101,689
739,487,101,689
739,487,101,689
739,489,101,688
738,489,101,687
739,491,101,686
739,491,101,686
739,493,101,685
736,493,101,685
738,495,101,684
741,495,101,684
743,496,101,683
743,498,101,682
745,502,101,680
743,502,101,680
748,504,101,679
747,505,101,678
748,504,101,679
748,504,101,679
748,504,101,679
745,500,101,681
747,500,101,681
750,498,101,682
747,498,101,682
748,493,101,685
745,493,101,685
745,491,101,686
748,491,101,686
745,493,101,685
747,491,101,686
747,491,101,686
743,489,101,688
745,487,101,689
747,487,101,689
743,489,101,688
743,487,101,689
743,486,101,690
741,484,101,691
741,480,101,693
736,477,101,695
736,473,101,697
736,471,101,698
736,469,101,699
736,469,101,699
732,468,101,700
732,468,101,700
727,468,101,701
745,673,1,573
759,727,1,538
766,745,1,527
770,754,1,522
774,756,1,520
772,739,1,531
775,745,1,527
779,754,1,521
783,761,1,517
784,766,1,514
788,768,1,512
790,772,1,510
790,774,1,509
730,493,101,685
734,520,101,669
734,475,101,696
730,468,101,700
725,464,101,703
721,460,101,705
716,455,101,708
741,675,1,571
757,729,1,537
766,748,1,525
770,756,1,520
770,759,1,518
775,732,1,535
779,752,1,523
781,761,1,517
756,725,1,540
757,734,1,534
716,471,69,698
716,471,69,698
718,471,69,698
718,471,69,698
718,473,69,697
718,473,69,697
721,475,69,696
723,477,101,695
727,478,101,694
727,478,101,694
725,478,101,694
727,478,101,694
725,480,101,693
730,480,101,693
727,480,101,693
729,484,101,691
732,482,101,692
734,482,101,692
730,482,101,692
729,482,101,692
732,480,101,693
734,482,101,692
729,480,101,693
729,478,101,694
729,478,101,694
729,478,101,694
729,477,101,695
727,475,101,696
725,471,101,698
748,646,1,590
754,504,101,679
741,487,101,689
736,484,101,691
732,482,101,692
734,486,101,690
732,482,101,692
730,484,101,691
730,484,101,691
734,486,101,690
732,487,101,689
736,489,101,687
736,491,101,686
736,493,101,685
738,496,101,683
738,500,101,681
741,502,101,680
741,505,101,678
743,509,101,676
745,509,101,676
745,507,101,677
745,504,101,679
745,500,101,681
743,495,101,684
732,496,101,683
730,480,101,693
727,493,101,685
725,489,101,687
729,489,101,687
725,489,101,687
727,489,101,687
725,487,101,689
725,487,101,689
725,486,101,690
725,487,101,689
721,486,101,690
725,487,101,689
723,486,101,690
721,486,101,690
721,482,101,692
723,478,101,694
721,477,101,695
721,473,101,697
723,473,101,697
723,471,101,698
720,469,101,699
718,468,101,701
718,469,101,699
718,468,101,701
720,468,101,701
718,464,101,703
720,464,101,703
718,464,101,703
716,462,101,704
716,460,101,705
750,707,1,551
756,725,1,540
759,736,1,533
741,505,101,678
718,480,101,693
718,482,101,692
718,484,101,691
721,487,101,689
730,504,101,679
729,487,101,689
729,495,101,684
734,491,101,686
734,495,101,684
734,487,101,689
736,505,101,678
734,505,101,678
736,507,101,677
741,498,101,682
739,509,101,676
743,473,101,697
741,509,101,676
741,511,101,674
743,513,101,673
743,469,101,699
745,466,101,702
743,462,101,704
747,475,101,696
745,466,101,702
747,460,101,705
745,459,101,706
743,455,101,708
745,457,101,707
743,455,101,708
743,453,101,709
739,451,101,710
743,453,101,709
739,453,101,709
739,489,101,688
739,500,101,681
739,502,101,680
739,504,101,679
739,502,101,680
745,489,101,687
748,495,101,684
743,493,101,685
738,493,101,685
736,491,101,686
734,489,101,687
732,491,101,686
730,491,101,686
730,491,101,686
732,491,101,686
730,491,101,686
730,491,101,686
730,491,101,686
730,495,101,684
732,495,101,684
732,496,101,683
732,498,101,682
734,502,101,680
736,502,101,680
736,505,101,678
736,505,101,678
741,484,101,691
743,462,101,704
747,466,101,702
743,466,101,702
747,464,101,703
743,462,101,704
743,464,101,703
745,459,101,706
743,505,101,678
745,509,101,676
745,504,101,679
748,477,101,695
745,471,101,698
748,469,101,699
743,468,101,701
747,466,101,702
743,468,101,701
743,464,101,703
743,460,101,705
741,457,101,707
739,453,101,709
738,450,101,711
736,448,101,712
738,446,101,713
736,442,101,715
732,478,101,694
754,734,1,534
757,738,1,532
720,493,69,685
718,495,69,684
720,498,69,682
723,489,101,687
727,459,101,706
725,477,101,695
725,498,101,682
727,460,101,705
727,459,101,706
730,460,101,705
729,460,101,705
734,460,101,705
732,460,101,705
734,460,101,705
732,459,101,706
732,460,101,705
734,460,101,705
736,460,101,705
739,460,101,705
738,460,101,705
738,459,101,706
736,457,101,707
734,455,101,708
739,453,101,709
736,451,101,710
738,450,101,711
734,484,101,691
738,493,101,685
738,496,101,683
738,498,101,682
766,489,101,687
752,468,101,701
745,489,101,687
739,491,101,686
738,498,101,682
738,477,101,695
736,498,101,682
738,500,101,681
738,504,101,679
738,504,101,679
739,505,101,678
739,496,101,683
739,505,101,678
741,471,101,698
741,464,101,703
741,464,101,703
763,473,101,697
763,469,101,699
763,468,101,701
766,464,101,703
770,718,1,544
748,480,101,693
741,495,101,684
739,493,101,685
736,491,101,686
736,493,101,685
736,493,101,685
736,493,101,685
734,495,101,684
736,496,101,683
739,498,101,682
739,500,101,681
745,502,101,680
745,504,101,679
747,475,101,696
745,507,101,677
750,469,101,699
752,466,101,702
748,507,101,677
770,514,101,672
757,504,101,679
754,502,101,680
801,651,69,586
793,640,1,593
786,489,1,688
799,666,1,577
793,646,1,590
793,558,69,646
795,671,1,574
788,527,69,665
797,678,1,569
797,576,69,634
795,675,1,571
799,712,1,548
788,622,1,605
797,702,1,555
799,727,1,539
790,651,1,586
795,711,1,549
799,729,1,537
797,576,69,634
768,478,101,694
748,496,101,683
792,617,1,608
788,491,69,686
799,572,69,637
797,685,1,565
788,604,1,616
797,577,69,633
797,702,1,555
786,572,1,636
799,714,1,547
792,676,1,570
797,608,69,614
795,705,1,552
799,658,69,582
793,678,1,569
799,732,1,535
788,649,1,587
797,732,1,535
799,707,69,551
792,675,1,572
797,734,1,534
799,759,1,518
790,678,1,569
795,741,1,530
799,765,1,515
799,603,69,617
792,702,1,554
793,750,1,524
799,768,1,512
799,775,1,508
786,635,1,597
792,736,1,533
795,761,1,517
797,770,1,511
797,774,1,509
799,775,1,508
799,777,1,507
799,777,1,507
786,599,1,619
795,631,1,599
790,570,1,638
790,489,69,688
799,558,69,646
797,664,1,578
790,608,1,614
792,522,69,668
799,684,1,566
790,640,1,593
793,520,69,669
797,687,1,563
790,633,1,598
799,599,69,620
797,687,1,563
786,531,1,662
797,709,1,550
786,594,1,623
797,718,1,544
784,567,1,640
797,716,1,545
799,644,69,591
793,689,1,562
799,743,1,528
786,496,1,683
795,712,1,548
797,750,1,524
793,646,1,590
788,527,69,665
799,525,69,666
795,682,1,567
786,473,1,697
799,698,69,557
792,685,1,565
790,527,69,664
797,741,1,530
788,622,1,605
799,756,1,520
790,691,1,561
799,637,69,595
793,723,1,541
797,559,69,644
795,732,1,535
799,601,69,618
793,716,1,545
799,772,1,510
788,628,1,601
797,763,1,516
799,736,69,533
792,711,1,549
797,774,1,509
799,793,1,497
790,687,1,563
795,768,1,512
793,559,69,644
793,750,1,524
797,784,1,502
797,532,69,661
799,667,1,576
793,649,1,588
788,559,1,644
790,527,69,665
801,669,69,575
795,682,1,567
788,583,1,630
797,561,69,643
797,693,1,560
790,635,1,597
795,565,69,641
797,700,1,556
790,628,1,601
797,585,69,628
797,702,1,555
790,536,69,659
797,718,1,544
792,538,69,658
797,714,1,546
793,563,69,642
793,709,1,550
799,748,1,525
790,655,1,584
797,734,1,534
799,687,69,564
792,698,1,557
797,747,1,526
799,766,1,514
790,685,1,565
797,741,1,529
799,761,1,517
788,655,1,584
793,729,1,537
799,729,69,537
790,678,1,569
795,727,1,539
799,743,69,528
790,678,1,569
801,624,69,604
795,653,1,585
788,579,1,632
790,531,69,662
801,622,69,605
793,660,1,581
790,619,1,607
790,532,69,661
799,603,69,617
797,693,1,560
792,658,1,582
786,549,1,651
797,586,69,627
793,687,1,563
786,565,1,641
799,721,69,542
793,675,1,572
790,538,69,658
797,716,1,545
786,568,1,639
799,727,1,538
788,646,1,590
799,739,1,531
790,651,1,586
799,736,1,533
786,603,1,617
797,732,1,535
797,610,69,613
793,698,1,557
799,747,1,526
788,527,69,664
795,637,1,595
788,518,69,670
799,538,69,658
799,702,1,554
793,649,1,587
790,509,69,676
801,707,69,551
793,684,1,566
788,523,69,667
801,624,69,604
793,691,1,561
786,520,1,669
799,718,69,544
790,685,1,565
790,518,69,670
799,736,1,533
792,687,1,563
790,532,69,661
797,739,1,531
788,628,1,601
799,761,1,517
790,675,1,571
799,768,1,512
790,678,1,569
799,768,1,512
786,567,1,640
797,756,1,520
799,664,69,578
792,716,1,545
797,779,1,506
799,624,69,603
793,727,1,538
797,777,1,507
799,792,1,498
784,601,1,618
795,757,1,519
797,784,1,503
797,534,69,660
795,648,1,589
793,478,69,694
797,669,1,575
792,473,69,697
797,675,1,571
790,619,1,607
797,507,69,677
793,671,1,574
788,507,69,677
799,723,1,541
792,676,1,570
790,532,69,661
799,729,1,537
790,667,1,576
795,536,69,659
793,716,1,545
788,520,69,669
799,741,1,530
788,633,1,598
799,756,1,520
788,660,1,581
799,765,1,515
788,628,1,601
797,757,1,519
786,549,1,651
797,754,1,522
799,610,69,613
793,720,1,543
799,775,1,508
784,568,1,639
797,754,1,521
799,788,1,500
788,649,1,587
797,768,1,513
797,599,69,619
793,727,1,539
797,779,1,506
793,495,69,684
797,662,1,579
788,505,69,678
799,561,69,643
793,689,1,562
790,480,69,693
799,711,1,549
792,673,1,573
793,496,69,683
797,711,1,549
790,651,1,586
792,538,69,658
799,732,1,535
788,649,1,587
797,581,69,631
793,711,1,549
793,552,69,649
797,732,1,535
788,532,1,661
799,752,1,523
786,527,1,665
797,754,1,522
790,531,69,662
797,743,1,528
799,784,1,502
790,678,1,569
797,768,1,512
799,792,1,498
790,687,1,563
797,768,1,512
799,689,69,562
792,712,1,548
797,775,1,508
788,531,69,662
793,750,1,524
788,500,1,681
793,505,69,678
801,673,69,573
792,622,1,605
790,491,69,686
801,657,69,583
792,667,1,576
790,486,69,690
799,702,1,555
790,669,1,575
793,523,69,667
797,721,1,542
790,651,1,586
797,558,69,645
795,720,1,543
786,558,1,645
799,741,1,529
790,666,1,577
799,761,1,517
790,682,1,567
799,766,1,514
792,687,1,564
799,768,1,512
790,639,1,594
799,765,1,515
784,534,1,660
797,754,1,522
799,786,1,501
788,644,1,591
797,765,1,515
799,680,69,568
792,712,1,548
795,772,1,510
801,705,69,552
788,475,69,696
799,549,69,651
797,702,1,554
790,642,1,592
790,523,69,667
799,732,1,535
792,680,1,568
790,523,69,667
799,739,1,531
792,682,1,567
795,540,69,657
797,729,1,537
788,525,69,666
797,745,1,527
786,525,1,666
797,748,1,525
797,599,69,620
793,725,1,540
799,777,1,507
788,628,1,601
797,761,1,517
799,786,1,501
793,538,69,658
795,729,1,537
797,775,1,508
799,621,69,606
793,720,1,543
797,774,1,509
797,588,69,626
793,723,1,541
797,772,1,510
801,673,69,573
795,649,1,587
788,599,1,619
790,527,69,664
797,558,69,645
799,696,1,558
793,673,1,573
788,613,1,610
792,545,69,653
799,702,1,554
793,682,1,567
788,615,1,609
799,646,69,590
793,687,1,564
790,540,69,657
797,702,1,554
788,529,69,663
797,711,1,549
786,531,1,662
797,714,1,547
797,599,69,619
793,691,1,561
799,741,1,530
786,585,1,629
795,727,1,539
799,754,1,521
786,594,1,623
795,727,1,539
799,754,1,521
784,597,1,621
795,727,1,539
799,754,1,521
790,676,1,570
793,702,1,555
795,509,69,675
799,552,69,649
799,637,1,595
790,576,1,634
790,491,69,686
799,649,69,587
793,637,1,595
786,567,1,640
795,529,69,663
799,649,1,587
790,631,1,599
790,504,69,679
799,658,1,582
790,626,1,602
793,527,69,664
797,660,1,581
784,556,1,647
799,667,1,576
790,624,1,604
799,617,69,608
793,655,1,584
793,552,69,649
795,662,1,579
793,547,69,652
797,687,1,564
799,639,69,594
795,684,1,566
797,572,69,637
795,687,1,564
799,714,69,546
793,669,1,575
799,714,1,547
786,595,1,622
797,707,1,551
797,594,69,623
795,693,1,560
799,723,1,541
790,657,1,583
801,653,69,585
790,606,1,615
790,525,69,666
799,547,69,652
797,698,1,557
786,574,1,635
797,550,69,650
793,702,1,554
786,541,1,656
799,649,69,588
795,709,1,550
784,592,1,624
799,734,69,534
792,698,1,557
797,577,69,633
793,732,1,535
799,617,69,608
793,727,1,538
799,783,1,504
790,667,1,576
797,768,1,512
799,792,1,498
788,633,1,598
797,766,1,514
799,790,1,499
790,536,69,659
793,754,1,522
797,784,1,502
799,797,1,495
784,576,1,634
793,763,1,516
797,784,1,502
797,793,1,497
799,795,1,496
799,795,1,496
799,795,1,496
799,793,1,497
799,644,69,591
790,714,1,546
797,541,69,656
795,664,1,578
786,531,1,662
799,619,69,607
790,644,1,591
795,558,69,646
795,676,1,570
786,563,1,642
799,682,1,567
792,648,1,589
799,640,69,593
790,660,1,581
799,702,1,554
792,662,1,580
799,676,69,570
790,662,1,579
799,703,1,553
788,619,1,607
797,694,1,559
786,572,1,636
797,687,1,563
797,594,69,623
792,673,1,573
799,705,1,552
790,639,1,594
797,698,1,557
788,516,1,671
797,694,1,559
797,583,69,630
793,673,1,573
799,702,1,554
788,619,1,607
797,689,1,562
799,590,69,625
793,664,1,578
799,698,1,557
788,621,1,606
799,685,1,565
788,478,69,694
795,498,69,682
799,673,1,573
788,505,1,678
792,496,69,683
795,633,1,598
786,511,1,674
797,534,69,660
797,637,1,595
788,543,1,654
795,532,69,661
799,649,1,587
792,621,1,606
790,498,69,682
797,640,1,593
788,597,1,621
795,531,69,662
797,646,1,590
788,567,1,640
801,648,69,589
793,640,1,593
790,502,69,680
797,644,1,591
786,502,1,680
797,662,1,580
786,520,1,669
797,653,1,585
786,504,1,679
797,666,1,577
786,498,1,682
797,675,1,571
788,486,1,690
797,500,69,681
788,469,1,699
799,559,69,644
788,577,1,633
799,541,69,655
788,610,1,613
799,559,69,644
790,637,1,596
797,516,69,671
790,649,1,588
797,550,69,650
795,682,1,567
786,585,1,628
797,558,69,645
797,693,1,560
786,522,1,668
799,712,1,548
792,664,1,578
790,538,69,658
799,727,1,539
792,666,1,577
792,513,69,673
797,714,1,547
788,603,1,617
797,599,69,619
795,711,1,549
793,518,69,670
795,711,1,549
793,513,69,673
797,721,1,542
793,522,69,668
797,727,1,539
793,541,69,656
797,720,1,543
797,556,69,647
792,676,1,570
799,594,69,623
793,676,1,570
786,547,1,652
797,581,69,631
797,703,1,553
790,649,1,588
793,558,69,645
797,709,1,550
786,599,1,619
799,730,1,536
788,635,1,597
799,732,1,535
788,639,1,594
799,736,1,533
790,660,1,581
799,741,1,529
788,637,1,596
797,734,1,534
786,538,1,658
797,725,1,540
799,606,69,615
793,712,1,548
799,754,1,522
788,649,1,588
797,739,1,531
799,754,69,521
792,691,1,561
797,747,1,526
795,588,69,626
792,711,1,549
797,750,1,524
799,765,1,515
788,667,1,576
797,738,1,532
799,759,1,518
799,766,1,514
790,675,1,571
797,732,1,535
799,696,1,558
790,613,1,610
793,527,69,664
797,682,1,567
786,520,1,669
799,685,1,565
788,613,1,610
799,702,1,554
788,516,69,671
795,696,1,558
799,721,1,542
795,538,69,658
793,694,1,559
797,727,1,539
799,738,1,532
756,477,101,695
757,459,101,706
752,482,101,692
793,637,1,596
788,518,69,670
797,532,69,661
797,660,1,581
788,511,1,674
797,558,69,645
795,666,1,577
788,577,1,633
797,568,69,639
797,673,1,573
786,532,1,661
799,684,1,566
790,628,1,601
799,696,1,558
792,662,1,579
799,712,1,548
790,655,1,584
799,711,1,549
788,522,1,668
795,702,1,555
799,729,1,537
788,547,1,652
797,712,1,548
799,736,1,533
793,538,69,658
793,696,1,558
797,730,1,536
799,745,1,527
790,662,1,579
795,732,1,535
799,750,1,524
790,658,1,582
795,727,1,538
790,673,1,573
793,532,69,661
793,716,1,545
788,505,69,678
795,727,1,538
790,522,69,668
793,723,1,541
799,621,69,606
790,684,1,566
797,757,1,519
799,784,1,503
788,610,1,613
797,745,1,527
799,779,1,506
790,514,69,672
793,727,1,539
797,770,1,511
797,788,1,500
799,729,69,537
788,662,1,580
795,754,1,522
797,781,1,505
797,792,1,498
799,723,69,541
788,669,1,575
793,757,1,519
795,781,1,505
797,790,1,499
799,793,1,497
799,797,1,495
786,498,1,682
790,730,1,536
792,768,1,512
801,585,69,629
790,574,1,635
797,495,69,684
795,628,1,601
788,489,1,688
799,595,69,622
790,621,1,606
793,493,69,685
795,637,1,596
788,477,69,695
797,646,1,590
788,577,1,633
799,660,1,581
786,565,1,641
797,651,1,586
788,482,69,692
793,639,1,594
799,639,69,594
790,644,1,591
797,691,1,561
786,547,1,652
797,687,1,563
797,585,69,629
790,649,1,587
797,694,1,559
795,532,69,661
793,678,1,569
799,714,1,546
793,527,69,664
793,684,1,566
799,720,1,543
790,496,69,683
793,666,1,577
799,702,1,554
788,484,69,691
793,633,1,598
799,684,1,566
788,608,1,614
788,478,69,694
802,545,69,653
788,477,1,695
799,502,69,680
792,603,1,617
790,486,69,690
797,622,1,605
786,507,1,677
799,576,69,634
790,615,1,609
792,491,69,686
795,624,1,603
786,493,1,685
799,649,1,588
788,577,1,633
799,653,69,585
788,595,1,622
799,664,1,578
788,588,1,626
799,658,1,582
786,558,1,646
797,649,1,587
790,480,69,693
793,628,1,601
799,576,69,634
790,622,1,605
797,666,1,577
790,482,69,692
793,631,1,599
799,682,1,567
790,640,1,593
799,693,1,560
792,487,69,689
793,486,69,690
801,597,69,621
793,622,1,605
788,477,69,695
801,637,69,595
790,617,1,608
792,493,69,685
797,646,1,590
786,480,1,693
799,658,1,582
792,658,1,582
790,534,69,660
799,689,1,562
792,664,1,578
790,538,69,658
799,698,1,557
792,662,1,580
795,545,69,653
797,694,1,559
788,610,1,613
799,711,1,549
793,680,1,568
793,541,69,655
797,698,1,557
786,489,1,687
797,687,1,563
786,534,1,660
797,705,1,552
788,527,69,664
797,703,1,553
793,523,69,667
797,684,1,566
793,559,69,644
795,703,1,553
799,628,69,601
790,633,1,598
795,531,69,662
797,694,1,559
786,570,1,638
799,673,1,573
790,657,1,583
799,716,1,545
790,655,1,584
799,709,1,550
788,622,1,605
797,714,1,546
795,558,69,645
793,685,1,565
797,721,1,542
792,558,69,645
795,711,1,549
799,739,1,531
788,495,69,684
793,691,1,561
797,727,1,539
799,739,1,531
786,577,1,633
792,696,1,558
795,727,1,539
797,585,69,629
792,707,1,551
799,525,69,666
797,651,1,586
788,549,1,651
797,585,69,629
797,685,1,565
786,532,1,661
799,678,1,569
792,669,1,575
793,554,69,648
797,680,1,568
790,549,69,651
797,702,1,554
793,534,69,660
793,676,1,570
799,709,1,550
788,630,1,600
797,714,1,546
797,574,69,635
793,678,1,569
797,714,1,546
793,561,69,643
795,709,1,550
799,736,1,533
788,513,69,673
793,700,1,556
797,729,1,537
797,574,69,635
793,705,1,552
797,741,1,530
793,541,69,655
792,696,1,558
795,734,1,534
786,554,1,648
792,723,1,541
799,745,69,527
790,687,1,563
795,727,1,538
801,612,69,612
790,570,1,638
790,532,69,661
799,604,69,616
792,621,1,606
790,536,69,659
799,613,69,610
793,646,1,590
786,567,1,640
797,572,69,637
797,669,1,575
790,630,1,600
792,527,69,665
797,671,1,574
788,622,1,605
799,590,69,625
795,678,1,569
790,549,69,651
799,702,1,554
788,624,1,604
799,718,1,544
788,631,1,599
799,727,1,538
788,612,1,612
797,727,1,539
788,536,69,659
797,714,1,546
799,741,1,530
788,631,1,599
797,725,1,540
799,748,1,525
792,673,1,573
797,736,1,533
799,747,69,526
792,687,1,564
797,736,1,533
799,572,69,637
801,577,69,633
793,639,1,594
790,525,69,666
801,615,69,609
793,648,1,589
788,549,1,651
793,541,69,655
797,694,1,559
790,639,1,594
788,534,69,660
799,640,69,593
797,698,1,557
788,624,1,604
795,565,69,641
797,711,1,549
788,624,1,604
799,657,69,583
793,698,1,557
792,536,69,659
797,716,1,545
795,561,69,643
795,712,1,548
799,599,69,620
793,703,1,553
799,748,1,525
790,658,1,582
797,736,1,533
799,757,1,519
786,556,1,647
795,720,1,543
793,626,1,602
788,518,69,670
795,493,69,685
801,612,69,611
793,653,1,585
788,522,69,668
797,523,69,667
797,666,1,577
793,657,1,583
786,540,1,657
797,523,69,667
797,682,1,567
790,648,1,589
790,531,69,662
799,712,69,548
793,687,1,564
786,597,1,621
799,588,69,626
797,702,1,555
790,640,1,593
797,579,69,632
797,705,1,552
788,599,1,619
799,729,1,537
790,655,1,584
799,738,1,532
788,631,1,599
799,732,1,535
788,532,69,661
797,723,1,541
799,604,69,616
795,702,1,555
797,743,1,528
793,527,69,665
795,707,1,551
799,736,1,533
793,498,69,682
793,682,1,567
795,487,69,689
788,469,1,699
797,523,69,667
799,669,1,575
788,522,69,668
795,536,69,659
801,669,69,575
793,637,1,595
788,477,69,695
799,576,69,634
793,666,1,577
788,561,1,643
793,538,69,658
799,698,1,557
793,653,1,585
788,532,1,661
797,558,69,645
799,698,1,557
792,644,1,591
790,534,69,660
799,714,1,546
795,689,1,562
788,599,1,619
799,597,69,621
797,700,1,556
788,599,1,620
799,689,69,562
793,698,1,557
786,563,1,642
799,729,1,537
793,680,1,568
793,556,69,647
797,711,1,549
790,536,69,659
797,716,1,545
793,525,69,666
801,572,69,637
790,608,1,614
795,527,69,665
795,698,1,557
788,520,69,669
799,734,1,534
790,662,1,579
792,529,69,663
797,721,1,542
790,624,1,603
797,554,69,648
795,709,1,550
786,516,1,671
801,741,69,529
793,694,1,559
788,529,69,663
799,741,1,529
792,689,1,562
793,541,69,656
797,736,1,533
788,635,1,597
799,669,69,575
793,714,1,547
786,547,1,652
799,754,1,522
795,563,69,642
795,730,1,536
799,594,69,623
795,727,1,538
799,777,1,507
788,649,1,588
799,765,1,515
788,531,69,662
795,660,1,581
790,523,69,667
799,556,69,647
788,586,1,627
797,563,69,642
795,698,1,557
788,525,69,666
799,723,69,541
790,635,1,597
797,574,69,635
793,702,1,555
790,525,69,666
799,727,1,538
790,642,1,592
797,590,69,625
792,702,1,555
801,752,69,523
788,599,1,620
797,729,1,537
801,687,69,563
790,684,1,566
799,757,1,519
788,590,1,625
797,747,1,526
792,532,69,661
797,734,1,534
799,693,69,560
790,669,1,575
797,754,1,521
799,644,69,591
793,707,1,551
799,766,1,514
793,541,69,655
795,730,1,536
799,772,1,510
788,523,1,667
797,527,69,665
797,642,1,592
788,558,1,646
797,554,69,648
797,649,1,587
786,520,1,669
799,662,1,579
790,612,1,611
799,675,1,572
790,628,1,601
799,675,1,571
792,646,1,590
799,682,69,567
790,640,1,593
799,685,1,565
790,657,1,583
799,709,1,550
790,667,1,576
799,716,1,545
788,608,1,614
797,698,1,557
786,545,1,653
797,703,1,553
799,612,69,612
795,687,1,563
799,723,69,541
792,678,1,569
799,721,1,542
788,509,69,675
793,693,1,560
799,723,1,541
788,637,1,595
797,714,1,546
795,567,69,640
793,693,1,560
799,723,1,541
788,667,1,576
795,721,1,542
792,662,1,579
790,536,69,659
801,712,69,548
792,687,1,564
792,509,69,676
793,709,1,550
795,552,69,649
797,738,1,532
788,622,1,605
799,729,69,537
790,700,1,556
799,768,1,512
786,617,1,608
799,759,1,518
792,541,69,656
797,747,1,526
799,781,1,505
788,651,1,586
797,754,1,521
799,784,1,503
792,549,69,651
795,741,1,529
797,779,1,506
799,792,1,498
786,586,1,627
793,748,1,525
795,779,1,506
799,792,1,498
793,558,69,646
793,741,1,529
795,777,1,507
799,790,1,499
793,509,69,675
790,721,1,542
799,667,1,576
790,469,69,699
797,667,1,576
790,469,69,699
799,667,1,576
788,597,1,621
799,606,69,615
788,626,1,602
799,644,69,591
788,631,1,599
799,730,1,536
788,518,1,670
797,723,1,541
792,522,69,668
795,702,1,554
799,714,69,546
788,621,1,606
797,736,1,533
793,514,69,672
793,702,1,555
799,754,1,522
786,529,1,663
795,727,1,538
799,682,69,567
788,612,1,612
797,739,1,531
799,768,1,513
786,586,1,627
797,739,1,531
799,768,1,512
790,523,69,667
793,721,1,542
797,759,1,518
797,558,69,645
788,648,1,589
795,729,1,537
799,736,69,533
793,788,1,500
777,453,101,709
775,450,101,711
766,493,101,685
765,498,101,682
788,696,1,558
797,549,69,651
797,703,1,553
788,477,69,695
799,693,1,560
790,635,1,597
797,549,69,651
797,714,1,547
788,594,1,623
797,570,69,638
797,707,1,551
788,624,1,603
793,534,69,660
797,720,1,543
790,648,1,589
790,534,69,660
799,736,1,533
793,698,1,557
790,529,69,663
792,489,69,687
801,558,69,645
788,487,69,689
793,496,69,683
799,631,1,599
793,610,1,613
788,531,1,662
790,493,69,685
797,516,69,671
799,642,1,592
793,619,1,607
788,484,69,691
792,504,69,679
799,572,69,637
797,639,1,594
786,540,1,657
795,509,69,676
799,640,1,593
790,599,1,619
792,493,69,685
799,649,1,587
793,658,1,582
788,478,69,694
799,594,69,623
797,676,1,570
788,619,1,607
790,496,69,683
799,662,1,580
793,649,1,588
788,527,69,665
801,669,69,575
793,649,1,587
788,532,69,661
799,678,69,569
797,687,1,564
788,594,1,623
786,502,1,680
793,504,69,679
799,619,69,607
793,648,1,589
786,520,1,669
799,660,1,581
793,648,1,589
790,496,69,683
799,657,1,583
788,601,1,618
799,662,69,579
793,649,1,588
793,540,69,657
795,653,1,585
793,518,69,670
795,657,1,583
799,685,1,565
790,624,1,603
797,666,1,577
790,493,69,685
797,648,1,589
799,691,1,561
792,631,1,599
797,667,1,576
788,601,1,618
797,678,1,569
795,527,69,665
793,653,1,585
799,678,1,569
788,595,1,622
786,543,1,654
799,579,69,632
793,637,1,595
790,487,69,689
797,648,1,589
786,570,1,638
799,671,1,574
788,592,1,624
799,671,1,574
786,554,1,648
797,667,1,576
793,523,69,667
793,662,1,580
799,698,1,557
786,606,1,615
797,684,1,566
799,714,1,547
788,619,1,607
797,691,1,561
799,716,1,545
788,619,1,607
795,687,1,563
799,714,1,547
786,599,1,619
793,687,1,563
797,714,1,547
793,511,69,674
792,675,1,572
797,703,1,553
799,624,69,603
792,693,1,560
797,729,1,537
799,680,69,568
790,658,1,582
793,702,1,555
799,718,1,544
790,682,1,567
792,491,69,686
793,509,69,675
799,563,69,642
799,646,1,590
793,619,1,607
786,500,1,681
793,523,69,667
797,644,1,591
790,612,1,611
790,496,69,683
799,649,1,587
793,637,1,595
788,484,69,691
799,649,1,587
790,633,1,598
793,522,69,668
799,649,1,588
784,552,1,649
799,657,1,583
788,594,1,623
799,662,1,580
790,613,1,610
799,664,1,578
788,606,1,615
799,707,1,551
788,622,1,605
799,702,1,555
788,617,1,608
797,714,1,546
801,662,69,580
795,653,1,585
799,696,1,558
793,559,69,644
790,585,1,628
788,480,69,693
790,489,69,687
797,522,69,668
799,649,1,587
797,673,1,573
790,603,1,617
788,489,69,687
797,579,69,632
797,687,1,564
793,637,1,595
784,536,1,659
797,579,69,632
799,691,1,561
793,662,1,579
786,558,1,646
797,577,69,633
793,657,1,583
793,559,69,644
799,694,1,559
786,563,1,642
799,687,1,563
793,676,1,570
799,642,69,592
797,693,1,560
793,568,69,639
797,689,1,562
799,725,1,540
795,684,1,566
797,608,69,614
797,696,1,558
797,599,69,620
797,694,1,559
799,720,1,543
793,675,1,571
797,574,69,635
793,662,1,580
799,698,1,557
799,664,1,578
790,579,1,632
788,523,69,667
790,493,69,685
799,585,69,628
799,678,1,569
797,669,1,575
790,631,1,599
786,527,1,664
792,549,69,651
799,628,69,601
799,687,1,564
797,678,1,569
790,633,1,598
786,567,1,640
793,541,69,656
799,698,69,557
797,684,1,566
790,648,1,589
786,558,1,646
797,583,69,630
799,702,1,554
793,666,1,577
797,606,69,615
797,698,1,557
790,549,69,651
799,714,1,547
788,635,1,597
799,720,1,543
797,691,1,561
799,630,69,600
797,698,1,557
799,725,69,540
795,687,1,563
799,732,1,535
784,558,1,645
797,694,1,559
793,480,69,693
788,469,1,699
795,529,69,663
799,572,69,636
795,667,1,576
788,500,1,681
793,538,69,658
799,705,69,552
793,664,1,578
786,549,1,651
792,543,69,654
801,669,69,575
797,694,1,559
790,633,1,598
788,534,69,660
797,572,69,637
799,720,1,543
795,687,1,563
788,608,1,614
790,547,69,652
801,664,69,578
797,714,1,547
790,640,1,593
790,540,69,657
801,705,69,552
795,711,1,549
786,595,1,622
799,754,1,522
793,700,1,556
790,540,69,657
799,745,1,527
788,531,69,662
799,741,1,529
799,624,69,603
797,727,1,539
797,585,69,628
797,736,1,533
795,615,1,609
790,486,69,690
801,621,69,606
788,556,1,647
790,489,69,687
799,547,69,652
797,635,1,597
788,565,1,641
793,500,69,681
799,642,1,592
790,612,1,611
790,495,69,684
799,648,1,589
795,666,1,577
786,554,1,648
797,558,69,646
799,694,1,559
793,667,1,576
788,518,1,670
799,640,69,593
797,685,1,565
788,619,1,607
797,599,69,620
797,696,1,558
788,603,1,617
799,646,69,590
797,691,1,561
786,613,1,610
799,727,1,539
793,673,1,573
799,723,1,541
795,685,1,565
797,595,69,622
797,705,1,552
793,568,69,639
797,707,1,551
799,738,1,532
792,658,1,582
801,633,69,598
790,482,69,692
797,630,1,600
788,482,69,692
793,504,69,679
799,572,69,637
795,637,1,595
788,585,1,629
790,489,69,687
801,604,69,616
795,642,1,592
788,532,1,661
793,513,69,673
797,642,1,592
790,622,1,605
788,484,69,691
799,630,69,600
793,651,1,586
786,547,1,652
797,545,69,653
797,649,1,587
788,581,1,631
797,563,69,642
793,651,1,586
786,554,1,648
799,660,1,581
788,619,1,607
799,664,1,578
788,613,1,610
799,662,1,579
790,617,1,608
799,666,1,577
788,604,1,616
797,662,1,579
788,586,1,627
797,684,1,566
786,545,1,653
797,678,1,569
790,576,1,634
792,491,69,686
790,572,1,636
790,491,69,686
797,547,69,652
799,642,1,592
790,595,1,622
788,489,69,688
799,534,69,660
797,648,1,589
792,617,1,608
788,487,1,689
795,525,69,666
797,642,1,592
786,525,1,666
797,531,69,662
793,648,1,589
788,549,1,651
797,536,69,659
797,646,1,590
788,594,1,623
797,527,69,665
797,649,1,587
788,583,1,630
799,558,69,645
793,655,1,584
786,545,1,653
799,653,69,585
792,648,1,589
793,500,69,681
797,655,1,584
788,585,1,629
799,664,1,578
790,639,1,594
799,666,69,577
792,649,1,588
797,585,69,628
788,567,1,640
788,529,1,663
790,489,69,688
793,520,69,669
797,534,69,660
799,597,69,621
799,660,1,581
795,644,1,591
788,579,1,632
788,493,69,685
799,581,69,631
797,653,1,585
788,583,1,630
793,516,69,671
797,653,1,585
790,621,1,606
790,507,69,677
799,653,1,585
793,644,1,591
788,489,69,687
799,653,1,585
788,583,1,630
799,637,69,595
795,658,1,582
795,527,69,665
799,664,1,578
788,491,69,686
799,666,1,577
790,610,1,613
799,666,1,577
790,624,1,604
799,666,1,577
790,626,1,602
799,545,69,653
799,637,1,595
793,619,1,607
788,556,1,647
788,491,69,686
793,513,69,673
799,653,69,585
793,644,1,591
786,505,1,678
795,549,69,651
797,649,1,587
788,590,1,625
795,527,69,664
797,657,1,583
786,536,1,659
801,648,69,589
792,635,1,597
793,529,69,663
797,657,1,583
788,496,1,683
799,658,1,582
790,612,1,611
799,666,1,577
793,662,1,580
799,630,69,600
797,694,1,559
786,581,1,631
799,718,1,544
797,682,1,567
797,572,69,636
799,707,1,551
788,622,1,605
799,720,69,543
795,680,1,568
797,574,69,635
799,698,1,557
786,495,1,684
797,653,1,585
788,538,69,658
792,547,69,652
799,597,69,621
797,714,1,546
793,687,1,563
788,541,69,656
801,685,69,565
795,711,1,549
792,552,69,649
799,736,1,533
792,682,1,567
799,754,1,521
793,698,1,557
799,759,69,518
795,714,1,547
799,648,69,589
795,714,1,546
799,763,1,516
793,707,1,551
799,761,1,517
792,684,1,566
799,756,1,520
786,561,1,643
797,745,1,527
790,550,69,650
797,738,1,532
799,770,1,511
793,711,1,549
799,765,1,515
793,703,1,553
799,761,1,517
786,585,1,628
799,745,1,527
799,622,69,605
797,723,1,541
799,766,1,514
792,687,1,563
799,648,1,589
788,464,69,703
793,536,69,659
801,689,69,562
792,624,1,603
790,473,69,697
799,628,69,601
799,693,1,560
790,619,1,607
790,527,69,664
799,631,69,599
799,694,1,559
793,664,1,578
786,527,1,665
799,588,69,626
797,700,1,556
792,662,1,579
790,518,69,670
799,723,1,541
795,678,1,569
790,536,69,659
799,729,1,537
795,694,1,559
788,536,69,659
799,734,1,534
795,702,1,554
799,694,69,559
797,703,1,553
788,532,69,661
799,734,1,534
786,541,1,656
799,741,1,530
793,682,1,567
799,754,1,521
788,622,1,605
799,748,1,525
790,541,69,656
799,738,1,532
793,559,69,644
790,489,69,687
799,561,69,643
797,619,1,607
790,574,1,635
788,484,69,691
790,493,69,685
793,507,69,677
801,599,69,620
797,639,1,594
792,613,1,610
788,529,1,663
792,520,69,669
799,601,69,618
799,682,1,567
792,637,1,596
788,541,1,655
793,532,69,661
799,675,1,571
795,669,1,575
788,572,1,636
793,514,69,672
799,667,1,576
793,657,1,583
786,576,1,634
799,630,69,600
797,676,1,570
786,597,1,621
799,687,69,563
795,682,1,567
788,516,69,671
799,707,1,551
788,628,1,601
799,709,69,550
795,684,1,566
799,693,69,560
797,691,1,561
799,642,69,592
797,698,1,557
799,531,69,662
793,599,1,620
790,570,1,638
788,484,69,691
790,491,69,686
790,498,69,682
797,527,69,664
799,585,69,628
799,649,1,587
792,612,1,612
788,480,69,693
799,594,69,623
793,639,1,594
788,486,69,690
799,658,1,582
793,628,1,601
793,509,69,676
799,651,1,586
792,653,1,585
788,496,69,683
799,678,1,569
790,628,1,601
797,574,69,635
799,702,1,555
786,588,1,626
799,727,1,539
795,675,1,571
797,574,69,635
799,702,1,555
788,541,69,655
799,723,1,541
788,606,1,615
799,730,1,536
790,655,1,584
799,736,1,533
786,597,1,621
799,729,1,537
793,561,69,643
801,622,69,605
797,613,1,610
792,583,1,630
786,505,1,678
788,489,1,688
790,491,69,686
793,507,69,677
799,558,69,646
799,649,1,588
790,612,1,611
786,487,1,689
793,507,69,677
799,662,1,580
793,642,1,592
786,545,1,653
793,520,69,669
799,658,1,582
795,644,1,591
788,482,1,692
799,662,1,580
793,633,1,598
793,514,69,672
797,660,1,581
788,489,69,687
797,664,1,578
788,484,69,691
797,666,1,577
788,608,1,614
799,640,69,593
797,693,1,560
788,541,69,656
799,675,69,571
797,687,1,563
792,558,69,646
799,714,1,546
788,621,1,606
799,727,1,539
795,678,1,569
790,585,1,629
790,489,69,687
795,525,69,666
797,673,1,573
790,622,1,605
790,513,69,673
797,698,1,557
784,572,1,636
799,714,1,547
795,678,1,569
793,572,69,637
799,711,1,549
788,617,1,608
799,723,1,541
792,671,1,574
799,732,1,535
793,684,1,566
799,734,1,534
793,678,1,569
799,734,1,534
793,671,1,574
799,734,1,534
795,691,1,561
799,739,1,531
786,563,1,642
797,725,1,540
801,653,69,585
797,700,1,556
799,741,1,529
793,675,1,571
799,738,1,532
790,666,1,577
797,734,1,534
790,581,1,631
793,498,69,682
792,612,1,611
792,489,69,687
797,649,1,587
786,522,1,668
801,567,69,640
790,637,1,595
790,493,69,685
797,653,1,585
786,577,1,633
801,599,69,620
792,649,1,588
793,493,69,685
793,649,1,587
788,484,69,691
797,657,1,583
786,487,1,689
797,658,1,582
786,478,1,694
797,655,1,584
788,487,69,689
797,667,1,576
788,487,69,689
793,664,1,578
793,558,69,646
795,698,1,557
792,547,69,652
793,702,1,554
799,577,69,633
793,689,1,562
801,673,69,573
790,678,1,569
799,729,1,537
788,631,1,599
799,716,1,545
788,495,1,684
797,684,1,566
802,570,69,638
788,550,1,650
799,513,69,673
792,639,1,594
793,484,69,691
797,662,1,580
788,475,69,696
797,667,1,576
788,624,1,603
797,568,69,639
792,689,1,562
793,541,69,656
797,718,1,544
788,613,1,610
801,606,69,615
793,702,1,554
788,541,69,656
799,730,1,536
790,648,1,589
801,644,69,591
793,709,1,550
790,552,69,649
797,729,1,537
788,612,1,611
799,745,1,527
790,682,1,567
799,754,1,521
790,673,1,573
799,754,1,522
790,682,1,567
799,756,1,520
788,628,1,601
797,748,1,525
793,568,69,639
797,736,1,533
799,608,69,614
793,714,1,546
799,759,1,518
788,540,1,657
797,498,69,682
793,626,1,602
790,482,69,692
799,577,69,633
793,642,1,592
788,482,69,692
801,585,69,628
792,646,1,590
790,484,69,691
799,653,1,585
790,624,1,603
797,509,69,675
792,651,1,586
788,480,69,693
797,648,1,589
788,576,1,634
801,646,69,590
790,637,1,595
797,543,69,654
790,653,1,585
795,522,69,668
792,662,1,580
792,500,69,681
792,662,1,579
795,554,69,648
795,693,1,560
788,540,69,657
799,712,1,548
788,637,1,595
799,725,1,540
792,678,1,569
797,594,69,623
793,707,1,551
793,565,69,641
801,496,101,683
793,493,101,685
792,489,69,688
788,484,69,691
802,574,69,635
793,630,1,600
793,496,69,683
797,653,1,585
788,489,69,687
801,585,69,628
790,612,1,611
797,507,69,677
797,662,1,580
790,487,69,689
797,660,1,581
788,486,69,690
801,660,69,581
788,603,1,617
797,523,69,667
792,660,1,581
792,493,69,685
797,667,1,576
784,534,1,660
801,651,69,586
788,601,1,618
799,606,69,615
790,628,1,601
799,572,69,637
790,640,1,593
799,572,69,636
788,649,1,588
799,558,69,646
790,657,1,583
799,572,69,637
788,653,1,585
801,637,69,596
801,493,101,685
799,489,101,687
797,486,101,690
790,480,69,693
790,574,1,635
797,500,69,681
797,631,1,599
788,486,69,690
801,531,69,662
792,615,1,609
797,491,69,686
801,635,69,597
788,585,1,629
793,498,69,682
797,635,1,597
788,547,1,652
797,511,69,674
793,637,1,596
786,500,1,681
799,532,69,661
790,633,1,598
793,487,69,689
797,639,1,594
786,552,1,649
799,572,69,636
790,635,1,597
793,493,69,685
793,644,1,591
790,477,69,695
797,648,1,589
786,509,1,676
799,657,1,583
788,594,1,623
799,667,1,576
786,592,1,624
799,662,1,579
788,612,1,611
799,705,1,552
788,599,1,620
790,489,69,688
801,622,69,605
790,482,69,692
797,660,1,581
788,484,69,691
799,662,1,579
788,585,1,628
799,590,69,625
790,658,1,582
797,558,69,645
793,702,1,555
788,541,69,656
799,721,1,542
790,649,1,588
799,585,69,628
793,696,1,558
793,552,69,649
797,712,1,548
788,541,69,655
799,727,1,538
790,649,1,588
799,637,69,596
793,691,1,561
799,583,69,630
793,711,1,549
793,561,69,643
797,727,1,539
788,541,69,655
797,732,1,535
786,597,1,621
799,741,1,530
790,666,1,577
799,617,69,608
793,709,1,550
799,599,69,620
793,705,1,552
799,752,1,523
793,682,1,567
793,648,1,589
790,489,69,687
797,662,1,579
788,594,1,623
797,531,69,662
790,649,1,587
793,509,69,676
795,662,1,580
788,489,69,688
797,660,1,581
786,511,1,674
797,662,1,580
788,543,1,654
797,667,1,576
786,541,1,656
797,676,1,570
786,498,1,682
797,675,1,571
786,516,1,671
797,678,1,569
790,500,69,681
793,675,1,572
795,536,69,659
792,669,1,575
799,702,1,554
790,630,1,600
797,694,1,559
788,495,69,684
795,678,1,569
799,558,69,646
792,664,1,578
797,703,1,553
786,527,1,665
793,599,1,620
792,500,69,681
793,500,69,681
799,651,69,586
790,606,1,615
793,500,69,681
801,644,69,591
790,599,1,619
795,509,69,676
797,648,1,589
784,536,1,659
799,543,69,654
793,644,1,591
790,491,69,686
799,657,1,583
788,585,1,629
799,545,69,653
792,648,1,589
793,495,69,684
795,648,1,589
788,482,69,692
799,653,1,585
790,601,1,618
799,586,69,627
790,639,1,594
799,541,69,655
792,655,1,584
797,518,69,670
790,660,1,581
797,532,69,661
793,655,1,584
795,509,69,676
793,657,1,583
793,509,69,676
793,651,1,586
795,532,69,661
793,635,1,597
788,478,69,694
801,635,69,597
788,520,69,669
801,631,69,599
788,525,1,666
799,707,1,551
788,527,69,665
797,709,1,550
790,534,69,660
795,711,1,549
790,540,69,657
795,707,1,551
788,536,69,659
797,711,1,549
790,536,69,659
795,714,1,547
790,534,69,660
793,707,1,551
792,545,69,653
793,703,1,553
799,579,69,632
793,700,1,556
799,581,69,631
792,693,1,560
799,743,1,528
790,675,1,571
799,739,1,531
786,586,1,627
797,727,1,538
799,756,1,520
788,635,1,597
797,730,1,536
799,757,1,519
790,664,1,578
797,736,1,533
797,572,69,636
793,689,1,562
793,522,69,668
797,675,1,571
790,520,69,669
799,702,1,555
790,601,1,618
797,558,69,645
793,673,1,573
793,532,69,661
795,707,1,551
788,523,69,667
797,712,1,548
788,572,1,637
797,714,1,546
788,608,1,614
799,721,1,542
790,635,1,597
799,732,69,535
790,660,1,581
799,732,1,535
792,664,1,578
799,732,69,535
792,684,1,566
799,657,69,583
793,687,1,563
799,727,69,539
792,682,1,567
799,741,1,529
790,666,1,577
799,738,1,532
788,619,1,607
797,729,1,537
790,536,69,659
795,718,1,544
799,754,1,522
790,660,1,581
797,738,1,532
797,565,69,641
793,615,1,609
795,491,69,686
797,658,1,582
788,482,69,692
801,628,69,601
792,642,1,592
790,489,69,687
799,664,1,578
790,633,1,598
797,550,69,650
792,666,1,577
792,540,69,657
793,694,1,559
790,534,69,660
797,702,1,554
788,529,1,663
797,712,1,548
790,628,1,601
801,649,69,588
792,682,1,567
801,649,69,587
793,680,1,568
799,703,69,553
793,687,1,563
799,739,1,531
792,687,1,564
799,741,1,530
790,664,1,578
799,738,1,532
797,567,69,640
793,703,1,553
799,748,1,525
788,601,1,618
797,720,1,543
799,745,1,527
790,631,1,599
797,727,1,539
799,748,1,525
786,527,1,664
797,729,1,537
788,583,1,630
799,716,1,545
788,637,1,596
797,727,1,539
788,536,69,659
793,714,1,546
799,741,1,529
790,685,1,565
797,732,1,535
801,660,69,581
792,694,1,559
797,736,1,533
790,547,69,652
793,716,1,545
797,747,1,526
799,640,69,593
790,691,1,561
795,736,1,533
799,752,1,523
788,633,1,598
793,723,1,541
799,741,1,529
797,574,69,635
793,703,1,553
797,736,1,533
799,748,1,525
786,622,1,605
793,721,1,542
797,741,1,529
797,748,1,525
799,712,69,548
792,687,1,563
797,727,1,538
799,747,1,526
793,545,69,653
799,590,69,625
790,705,1,552
799,624,69,603
790,689,1,562
799,754,1,521
788,666,1,577
797,752,1,523
799,775,1,508
788,673,1,573
795,752,1,523
799,774,1,509
799,784,1,503
788,673,1,573
795,754,1,521
797,774,1,509
797,783,1,504
799,784,1,502
795,558,69,645
792,725,1,540
795,766,1,514
797,779,1,506
799,784,1,502
799,788,1,500
799,788,1,500
790,694,1,559
793,757,1,519
793,774,1,509
795,779,1,506
792,662,1,579
793,516,69,671
793,705,1,552
792,505,69,678
793,721,1,542
790,522,69,668
793,718,1,544
793,558,69,646
793,723,1,541
797,574,69,635
793,720,1,543
799,748,69,525
790,702,1,555
799,759,1,518
786,592,1,624
795,745,1,527
799,774,1,509
788,532,69,661
793,738,1,532
797,772,1,510
799,784,69,503
790,691,1,561
797,761,1,517
797,781,1,505
799,786,1,501
790,536,69,659
793,736,1,533
799,770,1,511
795,561,69,643
792,727,1,539
797,768,1,513
797,783,1,504
799,786,1,501
799,687,1,563
788,489,1,687
801,624,69,604
790,646,1,590
797,576,69,634
790,673,1,573
797,576,69,634
792,682,1,567
797,572,69,636
793,698,1,557
793,545,69,653
795,711,1,549
788,529,69,663
797,720,1,543
786,536,1,659
797,720,1,543
792,545,69,653
793,714,1,547
799,648,69,589
792,694,1,559
799,745,1,527
788,538,69,658
793,720,1,543
799,754,1,522
795,563,69,642
793,711,1,549
799,752,1,523
793,568,69,639
793,714,1,547
797,752,1,523
799,763,1,516
788,624,1,603
793,729,1,537
797,754,1,521
793,561,69,643
792,714,1,547
799,747,1,526
793,520,69,669
799,716,1,545
788,570,1,638
801,572,69,637
792,669,1,575
793,527,69,664
793,709,1,550
790,527,69,665
795,723,1,541
786,529,1,663
797,732,1,535
784,558,1,646
795,734,1,534
786,527,1,665
795,736,1,533
793,549,69,651
792,725,1,540
799,766,1,514
788,601,1,618
793,741,1,530
799,770,1,511
786,556,1,647
793,738,1,532
797,768,1,512
799,779,1,506
799,784,1,503
788,667,1,576
793,754,1,522
797,772,1,510
799,781,1,505
795,563,69,642
790,721,1,542
793,765,1,515
797,775,1,508
799,781,1,505
799,781,1,505
799,781,1,505
799,779,1,506
799,720,69,543
788,588,1,626
801,583,69,630
790,637,1,595
797,541,69,656
793,696,1,558
788,514,69,672
797,714,1,547
784,540,1,657
797,725,1,540
786,586,1,627
797,729,1,537
788,601,1,618
797,734,1,534
786,547,1,652
793,727,1,538
797,563,69,642
792,711,1,549
799,759,1,518
788,637,1,595
797,741,1,529
799,714,69,546
790,687,1,563
797,752,1,523
799,772,1,510
788,649,1,588
795,745,1,527
799,770,1,511
792,540,69,657
793,723,1,541
797,763,1,516
799,774,1,509
788,660,1,581
795,743,1,528
799,768,1,512
790,689,1,562
795,752,1,523
799,770,1,511
793,687,1,563
790,493,69,685
797,702,1,554
788,516,69,671
797,709,1,550
786,568,1,639
797,714,1,546
788,610,1,613
797,720,1,543
786,552,1,649
795,712,1,548
795,576,69,634
792,702,1,555
799,739,1,531
786,531,1,662
793,707,1,551
799,738,1,532
801,662,69,580
790,687,1,564
797,738,1,532
799,608,69,614
793,702,1,555
797,736,1,533
799,754,1,522
786,529,1,663
793,716,1,545
797,747,1,526
799,756,1,520
790,664,1,578
793,729,1,537
799,750,69,524
790,678,1,569
793,736,1,533
799,754,1,521
788,509,69,675
792,703,1,553
797,736,1,533
799,750,1,524
799,756,1,520
802,543,69,654
788,563,1,642
799,529,69,663
795,651,1,586
790,493,69,685
799,684,1,566
790,604,1,616
799,558,69,645
792,664,1,578
793,513,69,673
797,682,1,567
788,590,1,625
801,606,69,615
790,657,1,583
797,536,69,659
793,676,1,570
792,518,69,670
795,687,1,564
788,511,69,674
797,698,1,557
788,576,1,634
799,700,1,556
790,637,1,595
801,648,69,589
792,666,1,577
799,574,69,635
793,684,1,566
793,531,69,662
793,689,1,562
793,534,69,660
793,691,1,561
797,549,69,651
793,689,1,562
793,538,69,658
793,698,1,557
797,545,69,653
793,689,1,562
799,703,69,553
797,666,1,577
786,484,1,691
801,619,69,607
792,671,1,574
795,552,69,649
795,714,1,547
788,491,69,686
797,707,1,551
788,595,1,622
797,732,1,535
790,657,1,583
801,718,69,544
788,657,1,583
799,729,1,537
788,649,1,588
797,745,1,527
786,597,1,621
797,741,1,529
795,561,69,643
793,732,1,535
799,766,1,514
790,684,1,566
797,754,1,521
797,574,69,635
793,727,1,539
799,766,1,514
790,545,69,653
793,739,1,531
799,768,1,512
801,750,69,524
788,678,1,569
795,752,1,523
799,772,1,510
786,606,1,615
793,741,1,529
797,768,1,512
799,639,69,594
788,669,1,575
793,682,1,567
799,649,69,587
788,664,1,578
799,702,1,554
786,601,1,618
797,716,1,545
790,541,69,656
793,714,1,547
799,604,69,616
793,702,1,555
799,738,1,532
792,684,1,566
799,734,1,534
786,565,1,641
795,712,1,548
799,732,1,535
786,541,1,655
797,711,1,549
799,736,1,533
788,540,69,657
795,716,1,545
797,741,1,529
801,716,69,545
788,639,1,594
795,691,1,561
786,493,1,685
801,612,69,611
790,633,1,598
801,646,69,590
792,678,1,569
797,572,69,636
792,675,1,571
799,585,69,629
792,696,1,558
797,586,69,627
793,703,1,553
797,576,69,634
792,689,1,562
799,714,69,546
790,687,1,563
799,739,1,531
790,662,1,580
797,736,1,533
788,547,1,652
797,727,1,538
801,669,69,575
793,696,1,558
797,741,1,529
799,754,1,522
788,622,1,605
797,732,1,535
799,754,1,521
788,612,1,611
795,727,1,538
797,754,1,522
790,523,69,667
793,702,1,555
797,732,1,535
788,540,69,657
793,716,1,545
797,739,1,531
788,480,69,693
801,556,69,647
792,610,1,613
792,487,69,689
799,648,1,589
790,615,1,609
792,495,69,684
797,653,1,585
788,583,1,630
799,576,69,634
792,649,1,588
793,495,69,684
793,653,1,585
786,505,1,678
797,664,1,578
788,612,1,611
801,662,69,579
790,639,1,594
801,640,69,593
793,684,1,566
793,556,69,647
797,705,1,552
786,489,1,687
797,689,1,562
786,567,1,640
797,714,1,547
788,619,1,607
799,721,1,542
790,662,1,579
799,729,1,537
792,682,1,567
799,734,1,534
790,667,1,576
799,734,1,534
790,651,1,586
799,734,1,534
788,599,1,619
797,720,1,543
790,669,1,575
799,585,69,628
792,669,1,575
793,502,69,680
795,662,1,579
788,489,1,687
797,660,1,581
784,558,1,646
795,675,1,571
792,511,69,674
792,673,1,573
799,703,1,553
786,597,1,621
793,685,1,565
799,711,1,549
788,628,1,601
795,694,1,559
799,716,1,545
786,558,1,645
793,689,1,562
799,712,1,548
797,550,69,650
790,669,1,575
797,703,1,553
799,657,69,583
790,662,1,580
797,703,1,553
793,522,69,668
790,671,1,574
795,702,1,555
799,635,69,597
788,653,1,585
793,702,1,554
799,723,1,541
786,622,1,605
795,720,1,543
799,739,1,531
790,667,1,576
797,725,1,540
793,541,69,656
792,694,1,559
747,498,101,682
747,496,101,683
745,496,101,683
747,496,101,683
745,495,101,684
743,493,101,685
743,495,101,684
743,493,101,685
754,469,101,699
752,500,101,681
788,597,1,621
801,610,69,613
790,653,1,585
797,534,69,660
790,687,1,563
799,572,69,636
793,698,1,557
793,558,69,646
795,712,1,548
792,540,69,657
793,714,1,547
799,606,69,615
790,702,1,555
799,745,1,527
793,550,69,650
792,714,1,547
797,748,1,525
797,763,1,516
799,768,1,512
788,675,1,571
795,739,1,531
797,757,1,519
797,766,1,514
799,768,1,513
788,541,69,655
792,721,1,542
793,752,1,523
797,763,1,516
799,765,1,515
786,658,1,582
792,739,1,531
797,759,1,518
799,765,1,515
797,768,1,513
797,766,1,514
797,766,1,514
775,493,101,685
763,475,101,696
754,507,101,677
752,489,101,687
788,610,1,613
799,599,69,619
790,664,1,578
797,545,69,653
792,694,1,559
795,549,69,651
792,702,1,554
801,658,69,582
788,682,1,567
797,738,1,532
788,523,69,667
793,720,1,543
799,754,1,522
792,541,69,656
792,714,1,546
797,750,1,524
797,765,1,515
799,768,1,512
786,583,1,630
793,727,1,539
797,754,1,522
797,765,1,515
799,768,1,512
786,612,1,612
792,727,1,538
793,754,1,521
797,765,1,515
784,567,1,640
790,723,1,541
795,754,1,522
793,491,69,686
797,673,1,573
788,570,1,638
799,552,69,649
792,658,1,582
793,550,69,650
795,705,1,552
790,484,69,691
793,678,1,569
795,561,69,643
793,703,1,553
793,543,69,654
792,691,1,561
799,727,1,538
788,664,1,578
797,739,1,531
790,541,69,656
793,720,1,543
799,752,1,523
786,594,1,623
793,725,1,540
799,756,1,520
799,590,69,625
790,691,1,561
795,741,1,529
797,759,1,518
797,768,1,513
799,768,1,512
786,543,1,654
793,720,1,543
793,754,1,522
799,766,1,514
788,633,1,598
793,730,1,536
797,756,1,520
784,558,1,645
790,720,1,543
795,750,1,524
795,523,69,667
795,667,1,576
792,507,69,677
797,691,1,561
788,565,1,641
801,657,69,583
790,648,1,589
799,572,69,636
793,687,1,563
793,520,69,669
793,702,1,555
790,520,69,669
795,711,1,549
788,511,69,674
793,711,1,549
799,572,69,637
790,698,1,557
799,745,1,527
788,630,1,600
797,729,1,537
799,649,69,587
790,682,1,567
797,741,1,530
799,763,1,516
788,653,1,585
797,736,1,533
799,761,1,517
786,608,1,614
793,727,1,539
797,756,1,520
799,768,1,512
790,525,69,666
792,714,1,547
797,752,1,523
799,768,1,513
786,622,1,605
793,730,1,536
797,757,1,519
799,595,69,622
797,732,1,535
783,507,101,677
772,457,101,707
765,491,101,686
745,487,101,689
747,489,101,687
801,599,69,620
792,644,1,591
793,487,69,689
795,662,1,579
786,527,1,665
797,675,1,572
786,471,1,698
793,669,1,575
793,502,69,680
792,671,1,574
799,693,69,560
790,662,1,579
799,714,1,546
790,649,1,588
797,720,1,543
788,500,69,681
793,702,1,555
799,734,1,534
786,583,1,630
793,714,1,547
799,741,1,529
786,592,1,624
795,718,1,544
799,745,1,527
790,667,1,576
797,727,1,539
799,745,1,527
786,597,1,621
793,709,1,550
797,736,1,533
799,734,69,534
790,682,1,567
797,736,1,533
799,655,69,584
790,678,1,569
795,736,1,533
799,754,1,521
786,603,1,617
788,489,1,687
799,675,1,571
788,583,1,630
799,687,1,563
788,624,1,603
799,694,1,559
788,637,1,596
799,694,1,559
784,572,1,637
793,685,1,565
797,567,69,640
788,675,1,571
797,707,1,551
793,500,69,681
790,687,1,563
797,714,1,546
799,678,69,569
788,648,1,589
795,714,1,546
799,734,1,534
797,527,69,664
788,676,1,570
795,738,1,532
797,756,1,520
799,768,1,513
788,628,1,601
795,741,1,529
799,613,69,610
790,711,1,549
797,757,1,519
799,775,1,508
797,538,69,658
788,711,1,549
793,756,1,520
795,775,1,508
797,784,1,503
799,786,1,501
793,486,69,690
797,667,1,576
790,523,69,667
799,716,1,545
788,599,1,619
799,691,1,561
788,642,1,592
801,676,69,570
790,673,1,573
801,649,69,588
788,662,1,579
799,732,1,535
788,651,1,586
799,741,1,529
788,610,1,613
797,736,1,533
793,541,69,656
793,727,1,538
799,612,69,612
793,712,1,548
799,720,69,543
790,687,1,563
797,754,1,521
793,545,69,653
793,729,1,537
799,768,1,513
790,541,69,655
793,734,1,534
797,768,1,513
799,779,1,506
788,657,1,583
795,747,1,526
797,772,1,510
799,783,1,504
792,541,69,655
793,730,1,536
797,768,1,513
799,781,1,505
799,518,69,670
790,631,1,599
799,550,69,650
793,698,1,557
790,487,69,689
797,709,1,550
786,480,1,693
795,694,1,559
788,597,1,621
799,741,1,530
786,545,1,653
793,716,1,545
793,558,69,645
793,727,1,538
797,579,69,632
790,703,1,553
799,757,1,519
788,671,1,574
799,754,1,521
788,637,1,596
797,752,1,523
792,543,69,654
793,732,1,535
799,768,1,512
790,547,69,652
793,739,1,531
797,768,1,512
799,583,69,630
786,664,1,578
793,745,1,527
797,772,1,510
797,784,1,503
799,788,1,500
790,682,1,567
801,612,69,611
788,619,1,607
801,615,69,609
790,662,1,579
799,576,69,634
790,694,1,559
797,550,69,650
788,675,1,572
799,741,1,529
790,684,1,566
799,676,69,570
790,709,1,550
799,662,69,579
792,703,1,553
799,745,69,527
790,696,1,558
799,759,1,518
788,637,1,596
797,748,1,525
792,543,69,654
793,732,1,535
799,768,1,512
788,664,1,578
797,754,1,521
799,777,1,507
790,687,1,563
797,759,1,518
799,779,1,506
799,613,69,610
790,703,1,553
797,761,1,517
799,781,1,505
788,585,1,628
793,739,1,531
797,770,1,511
799,784,1,503
788,621,1,606
795,745,1,527
790,720,1,543
799,572,69,637
790,714,1,547
801,671,69,574
786,684,1,566
795,757,1,519
799,707,69,551
788,714,1,547
797,766,1,514
799,732,69,535
790,709,1,550
797,763,1,516
799,783,1,504
797,565,69,641
790,734,1,534
797,770,1,511
799,784,1,503
799,788,1,500
799,792,1,498
788,685,1,565
793,759,1,518
797,781,1,505
797,786,1,501
797,790,1,499
799,790,1,499
799,790,1,499
772,498,101,682
757,462,101,704
752,482,101,692
748,478,101,694
747,477,101,695
739,471,101,698
741,471,101,698
739,471,101,698
736,469,101,699
738,471,101,698
734,471,101,698
734,471,101,698
736,473,101,697
736,473,101,697
738,477,101,695
739,477,101,695
739,478,101,694
741,480,101,693
743,482,101,692
793,523,69,667
788,732,1,535
797,774,1,509
788,509,69,676
788,739,1,531
793,774,1,509
797,784,1,502
797,786,1,501
797,786,1,501
783,772,1,510
761,478,101,694
747,473,101,697
739,482,101,692
734,464,101,703
730,460,101,705
729,459,101,706
727,459,101,706
725,457,101,707
727,457,101,707
725,459,101,706
725,459,101,706
721,460,101,705
723,462,101,704
725,464,101,703
727,464,101,703
727,468,101,701
730,469,101,699
734,471,101,698
734,478,101,694
757,478,101,694
745,473,101,697
738,468,101,701
736,459,101,706
736,459,101,706
734,459,101,706
727,455,101,708
723,455,101,708
725,457,101,707
723,455,101,708
725,457,101,707
725,457,101,707
725,460,101,705
725,460,101,705
725,464,101,703
727,466,101,702
730,468,101,700
730,469,101,699
732,473,101,697
736,475,101,696
736,478,101,694
754,486,101,690
754,482,101,692
788,774,1,509
761,475,101,696
748,468,101,701
739,468,101,701
734,471,101,698
732,460,101,705
730,460,101,705
730,462,101,704
730,460,101,705
727,459,101,706
725,459,101,706
725,460,101,705
723,460,101,705
725,464,101,703
730,464,101,703
727,466,101,702
727,468,101,701
729,468,101,701
730,469,101,699
727,469,101,699
730,471,101,698
734,473,101,697
734,477,101,695
734,477,101,695
779,768,1,512
754,477,101,695
743,469,101,699
736,475,101,696
730,464,101,703
729,462,101,704
727,464,101,703
729,464,101,703
725,464,101,703
729,466,101,702
730,468,101,701
729,468,101,701
730,468,101,700
730,471,101,698
730,471,101,698
730,471,101,698
732,475,101,696
734,475,101,696
734,478,101,694
766,723,1,541
783,768,1,512
777,509,101,676
757,493,101,685
754,478,101,694
747,475,101,696
754,639,1,594
752,480,101,693
745,475,101,696
743,473,101,697
736,471,101,698
748,489,101,688
741,477,101,695
736,469,101,699
734,469,101,699
743,496,101,683
736,477,101,695
732,469,101,699
730,468,101,701
734,493,101,685
729,468,101,701
723,460,101,705
721,457,101,707
725,471,101,698
718,459,101,706
712,453,69,709
709,451,69,710
709,565,5,641
718,478,69,694
711,468,69,701
709,462,69,704
709,462,69,704
707,462,69,704
709,464,69,703
709,466,69,702
712,466,69,702
712,468,69,700
714,471,69,698
718,473,69,697
718,477,69,695
721,480,69,693
721,480,101,693
727,482,101,692
727,484,101,691
727,487,101,689
730,487,101,689
736,487,101,689
736,487,101,689
734,487,101,689
736,487,101,689
736,487,101,689
739,487,101,689
739,487,101,689
739,487,101,689
739,482,101,692
739,487,101,689
736,487,101,689
739,482,101,692
736,482,101,692
734,478,101,694
734,477,101,695
734,477,101,695
732,477,101,695
730,475,101,696
727,473,101,697
730,471,101,698
730,477,101,695
732,477,101,695
729,473,101,697
730,471,101,698
727,471,101,698
727,469,101,699
723,468,101,700
723,468,101,701
752,484,101,691
745,487,101,689
741,484,101,691
736,480,101,693
734,480,101,693
734,482,101,692
734,482,101,692
734,482,101,692
734,484,101,691
732,484,101,691
736,487,101,689
734,489,101,688
736,487,101,689
793,775,1,508
766,482,101,692
752,482,101,692
747,477,101,695
743,475,101,696
738,475,101,696
736,475,101,696
734,473,101,697
734,473,101,697
736,475,101,696
734,478,101,694
736,478,101,694
736,482,101,692
736,484,101,691
738,484,101,691
736,486,101,690
738,473,101,697
741,462,101,704
743,477,101,695
801,594,69,623
793,691,1,561
795,509,69,675
793,698,1,557
799,685,69,565
790,698,1,557
797,759,1,518
793,538,69,658
793,723,1,541
797,768,1,513
799,784,1,503
788,669,1,575
793,754,1,522
797,775,1,508
799,784,1,503
799,786,1,501
799,786,1,501
799,786,1,501
799,784,1,502
790,694,1,559
793,756,1,520
795,777,1,507
797,783,1,504
797,784,1,503
797,784,1,502
797,784,1,502
797,784,1,502
797,784,1,503
795,784,1,503
795,784,1,503
795,783,1,504
797,784,1,503
797,783,1,504
797,781,1,505
797,783,1,504
795,781,1,505
754,489,101,687
747,493,101,685
748,477,101,695
747,495,101,684
752,477,101,695
748,457,101,707
747,450,101,711
752,450,101,711
747,451,101,710
747,459,101,706
745,455,101,708
786,565,1,641
799,730,1,536
786,588,1,626
799,729,1,537
788,606,1,615
795,723,1,541
799,662,69,580
790,698,1,557
797,754,1,521
799,775,1,508
793,505,69,678
792,711,1,549
797,759,1,518
797,779,1,506
799,772,69,510
790,685,1,565
795,752,1,523
797,774,1,509
799,784,1,503
784,541,1,656
792,723,1,541
797,766,1,514
797,779,1,506
799,784,1,503
795,529,69,663
790,703,1,553
793,756,1,520
795,777,1,507
797,784,1,503
797,788,1,500
799,788,1,500
799,788,1,500
752,496,101,683
750,495,101,684
754,498,101,682
754,496,101,683
747,491,101,686
743,489,101,688
741,487,101,689
739,482,101,692
734,478,101,694
736,477,101,695
734,475,101,696
730,473,101,697
718,469,69,699
720,478,69,694
721,486,69,690
725,493,101,685
730,498,101,682
732,505,101,678
738,527,101,665
739,496,101,683
739,480,101,693
734,475,101,696
736,469,101,699
732,468,101,700
732,468,101,701
732,466,101,702
734,466,101,702
732,464,101,703
732,462,101,704
730,460,101,705
727,459,101,706
729,457,101,707
727,455,101,708
727,453,101,709
723,453,101,709
721,453,101,709
721,451,101,710
721,451,101,710
718,450,101,711
712,451,101,710
712,455,101,708
712,460,69,705
712,464,69,703
714,513,69,673
714,451,69,710
709,446,69,713
711,442,69,715
707,442,69,715
721,489,69,687
711,448,69,712
711,574,5,635
720,460,101,705
725,480,101,693
725,480,101,693
730,478,101,694
729,478,101,694
725,478,101,694
727,478,101,694
730,478,101,694
727,477,101,695
725,477,101,695
725,477,101,695
727,475,101,696
727,473,101,697
725,473,101,697
721,469,101,699
721,468,101,701
747,741,1,530
754,754,1,521
761,763,1,516
763,768,1,513
754,498,101,682
741,495,101,684
736,478,101,694
734,473,101,697
730,471,101,698
748,727,1,538
754,738,1,532
757,741,1,529
718,478,69,694
721,482,69,692
721,482,69,692
725,484,101,691
725,486,101,690
727,489,101,688
727,489,101,688
730,489,101,687
730,489,101,687
730,489,101,687
730,489,101,687
730,489,101,688
732,487,101,689
730,487,101,689
730,486,101,690
730,484,101,691
730,482,101,692
727,478,101,694
727,478,101,694
725,473,101,697
720,471,101,698
720,468,101,700
739,500,69,681
739,504,69,679
743,505,69,678
745,507,69,677
747,505,101,678
747,505,101,678
748,507,101,677
750,507,101,677
754,500,101,681
752,505,101,678
752,509,101,676
754,509,101,676
756,509,101,676
752,507,101,677
754,507,101,677
754,507,101,677
750,505,101,678
752,502,101,680
754,500,101,681
748,498,101,682
748,496,101,683
747,495,101,684
736,486,69,690
736,486,69,690
736,486,69,690
739,484,69,691
739,484,69,691
766,736,1,533
770,754,1,521
774,761,1,517
772,759,1,518
775,763,1,516
752,696,1,558
765,739,1,531
772,756,1,520
777,765,1,515
736,489,69,687
739,489,69,687
739,489,69,687
738,491,69,686
736,491,69,686
736,491,69,686
736,489,69,687
738,489,69,687
741,491,69,686
743,489,69,687
739,489,69,688
739,487,69,689
739,486,69,690
741,486,69,690
736,484,69,691
736,482,69,692
736,480,69,693
736,477,69,695
734,473,69,697
730,471,69,698
745,549,69,651
736,480,69,693
754,685,1,565
770,739,1,531
775,759,1,518
779,768,1,513
784,770,1,511
734,491,69,686
734,491,69,686
732,493,69,685
734,495,69,684
736,495,69,684
734,496,69,683
736,496,69,683
739,498,69,682
743,498,69,682
743,500,69,681
747,500,101,681
745,500,101,681
748,502,101,680
748,500,101,681
745,500,101,681
748,500,101,681
748,500,101,681
748,500,101,681
745,498,101,682
748,498,101,682
748,496,101,683
750,493,101,685
747,493,101,685
745,491,101,686
745,489,101,687
745,487,101,689
741,484,101,691
736,493,69,685
736,489,69,687
734,489,69,687
734,491,69,686
734,471,69,698
734,484,69,691
734,487,69,689
734,451,69,710
736,489,69,687
736,455,69,708
736,453,69,709
736,455,69,708
736,455,69,708
739,457,69,707
739,457,69,707
739,457,69,707
739,459,69,706
743,459,69,706
743,457,69,707
743,457,69,707
745,457,101,707
743,455,101,708
745,455,101,708
745,453,101,709
745,451,101,710
745,451,101,710
748,448,101,712
743,446,101,713
745,469,101,699
748,486,101,690
748,489,101,687
748,489,101,688
748,489,101,688
747,489,101,688
797,788,1,500
799,567,69,640
788,689,1,562
797,759,1,518
799,779,1,506
799,784,1,502
799,788,1,500
732,471,69,698
730,471,69,698
732,473,69,697
736,601,5,618
739,489,69,687
736,486,69,690
738,482,69,692
738,482,69,692
738,480,69,693
734,480,69,693
736,478,69,694
736,478,69,694
736,477,69,695
739,477,69,695
739,477,69,695
739,473,69,697
734,471,69,698
736,471,69,698
734,469,69,699
732,468,69,701
736,468,69,701
734,466,69,702
734,464,69,703
729,462,69,704
743,491,69,686
732,466,69,702
729,459,5,706
745,507,69,677
730,468,69,701
743,637,69,595
730,468,69,700
752,702,1,555
763,741,1,530
770,752,1,523
772,756,1,520
775,759,1,518
739,491,69,686
734,477,69,695
736,473,69,697
734,471,69,698
734,469,69,699
732,469,69,699
729,468,69,701
743,507,69,677
748,702,1,555
761,741,1,530
766,752,1,523
770,757,1,519
774,761,1,517
763,734,1,534
772,754,1,521
775,765,1,515
730,480,69,693
730,478,69,694
743,527,69,664
739,491,69,686
736,487,69,689
738,486,69,690
738,484,69,691
736,482,69,692
736,480,69,693
736,478,69,694
734,477,69,695
736,477,69,695
734,473,69,697
736,473,69,697
732,469,69,699
729,491,5,686
743,493,69,685
734,471,69,698
730,466,69,702
745,558,69,645
736,475,69,696
732,466,69,702
734,599,5,619
738,482,69,692
752,691,1,561
763,739,1,531
770,754,1,522
775,761,1,517
775,765,1,515
734,484,69,691
734,484,69,691
734,482,69,692
736,482,69,692
736,480,69,693
736,478,69,694
734,480,69,693
736,477,69,695
734,475,69,696
734,475,69,696
730,473,69,697
730,471,69,698
739,628,5,601
738,482,69,692
734,473,69,697
730,468,69,700
743,635,69,597
736,480,69,693
730,469,69,699
734,601,5,618
752,702,1,554
765,739,1,531
772,754,1,521
775,765,1,515
736,486,69,690
734,486,69,690
734,486,69,690
736,487,69,689
736,487,69,689
736,489,69,688
739,489,69,687
739,489,69,687
739,491,69,686
739,491,69,686
739,489,69,687
739,489,69,687
741,489,69,688
741,489,69,688
743,489,69,688
743,487,69,689
739,486,69,690
741,484,69,691
739,482,69,692
736,480,69,693
736,478,69,694
736,477,69,695
736,475,69,696
730,473,69,697
730,471,69,698
738,626,5,602
736,484,69,691
754,689,1,562
766,736,1,533
775,756,1,520
781,768,1,513
783,770,1,511
736,489,69,688
736,489,69,687
736,489,69,687
736,491,69,686
736,491,69,686
747,493,101,685
745,495,101,684
743,496,101,683
739,496,101,683
743,496,101,683
745,496,101,683
745,495,101,684
743,496,101,683
747,496,101,683
747,496,101,683
745,495,101,684
748,493,101,685
745,493,101,685
748,489,101,687
743,489,101,688
743,489,101,687
741,489,101,687
745,489,101,688
743,486,101,690
743,486,101,690
741,484,101,691
739,480,101,693
745,478,101,694
734,475,101,696
732,471,69,698
734,468,69,700
739,493,69,685
736,487,69,689
736,487,69,689
734,487,69,689
734,487,69,689
736,489,69,688
736,489,69,687
736,489,69,687
745,498,101,682
748,498,101,682
745,496,101,683
745,493,101,685
748,491,101,686
743,493,101,685
745,493,101,685
748,489,101,687
745,489,101,688
745,489,101,688
741,486,101,690
741,484,101,691
736,482,101,692
738,480,101,693
736,478,101,694
736,477,101,695
734,477,69,695
730,471,69,698
730,468,69,700
732,583,5,630
739,500,69,681
736,491,69,686
734,489,69,687
734,489,69,688
734,487,69,689
734,487,69,689
736,489,69,688
734,489,69,687
736,489,69,687
739,489,69,687
739,489,69,687
743,489,69,687
739,491,69,686
739,491,69,686
743,489,69,687
743,491,69,686
743,489,69,687
741,489,69,687
739,489,69,687
739,489,69,688
743,489,69,688
741,487,69,689
743,487,69,689
741,486,69,690
739,482,69,692
738,478,69,694
738,478,69,694
736,475,69,696
734,471,69,698
730,468,69,700
730,468,69,701
734,612,5,612
754,700,1,556
743,489,69,688
743,489,69,687
745,489,69,687
745,489,101,688
743,489,101,688
743,487,101,689
741,486,101,690
743,486,101,690
739,486,101,690
743,484,101,691
743,482,101,692
741,480,101,693
738,477,101,695
736,475,101,696
734,473,101,697
732,469,69,699
729,482,5,692
743,498,69,682
738,489,69,687
738,487,69,689
739,489,69,688
739,489,69,687
739,489,69,687
739,489,69,687
743,484,69,691
743,487,69,689
745,486,69,690
743,484,101,691
745,486,101,690
745,484,101,691
743,482,101,692
743,480,101,693
743,480,101,693
741,478,101,694
739,477,101,695
741,475,101,696
739,471,101,698
739,473,101,697
739,471,101,698
738,468,101,700
738,468,101,701
736,495,69,684
732,482,69,692
729,527,5,665
766,754,1,522
730,558,5,646
743,507,69,677
734,487,69,689
730,480,69,693
730,478,69,694
741,642,69,592
738,491,69,686
734,482,69,692
730,477,69,695
730,473,69,697
743,568,69,639
736,486,69,690
730,473,69,697
766,743,1,528
770,748,1,525
772,752,1,523
741,646,69,590
741,496,69,683
734,489,69,687
732,489,69,687
734,491,69,686
734,491,69,686
736,489,69,687
738,491,69,686
738,491,69,686
738,491,69,686
736,491,69,686
738,491,69,686
736,489,69,687
736,489,69,688
736,489,69,688
738,489,69,688
738,487,69,689
738,484,69,691
736,482,69,692
736,480,69,693
734,478,69,694
734,478,69,694
732,475,69,696
732,473,69,697
730,559,5,644
741,498,69,682
736,478,69,694
732,471,69,698
729,468,69,700
748,671,1,574
763,721,1,542
772,741,1,529
775,754,1,522
736,480,69,693
736,480,69,693
738,478,69,694
734,477,69,695
734,478,69,694
730,478,69,694
732,477,69,695
732,473,69,697
732,471,69,698
734,469,69,699
729,468,69,701
743,545,69,653
736,475,69,696
732,468,69,701
729,464,69,703
730,603,5,617
739,491,69,686
730,468,69,700
750,639,1,594
763,689,1,562
772,720,1,543
777,739,1,531
741,511,69,674
734,498,69,682
732,491,69,686
732,491,69,686
730,487,69,689
732,484,69,691
730,482,69,692
730,592,5,624
741,500,69,681
763,736,1,533
766,754,1,522
770,761,1,517
770,748,1,525
772,754,1,522
775,757,1,519
