680,871,21,450
694,905,1,430
685,840,1,468
680,858,21,457
694,907,1,429
689,849,1,463
678,779,21,506
687,900,21,433
691,867,1,452
725,684,1,566
721,687,1,564
709,682,1,567
703,676,1,570
694,784,1,502
687,808,1,488
680,871,21,450
693,930,1,415
682,860,1,456
673,828,21,476
671,883,21,442
676,907,29,429
730,680,1,568
723,702,1,555
716,702,1,555
716,700,1,556
718,698,1,557
709,691,1,561
698,685,1,565
671,921,29,421
666,930,29,415
655,934,29,413
657,923,29,420
662,930,29,415
748,453,69,709
754,451,69,710
806,442,69,715
759,430,69,723
727,480,1,693
725,487,1,689
734,435,69,720
738,700,1,556
689,763,1,516
685,657,1,583
721,554,1,648
723,540,1,657
723,558,1,646
725,505,1,678
730,716,1,545
718,700,1,556
725,703,1,553
691,759,1,518
797,514,69,672
802,369,69,757
802,361,69,761
738,351,69,767
725,516,1,671
727,619,1,607
702,622,1,605
680,612,1,611
680,784,21,502
694,909,1,428
684,842,1,467
687,912,21,426
687,858,1,458
682,894,21,436
691,907,1,429
673,826,1,477
671,887,29,440
729,511,69,674
730,516,69,671
732,590,1,625
732,511,69,674
729,505,69,678
747,541,69,656
739,509,69,675
682,892,21,437
684,858,21,458
691,844,1,466
694,793,1,497
682,644,1,591
698,831,1,474
700,799,1,494
720,646,1,590
720,630,1,600
732,442,69,715
729,441,69,716
736,444,69,714
730,441,69,716
739,448,69,712
748,455,69,708
754,457,69,707
718,689,1,562
718,689,1,562
721,689,1,562
732,696,1,558
738,702,1,554
721,619,1,607
730,682,1,567
732,696,1,558
734,703,1,553
732,709,1,550
736,707,1,551
743,529,69,663
739,597,69,621
736,633,1,598
739,599,69,619
738,513,69,673
689,869,1,451
685,824,1,478
680,871,21,450
685,919,21,422
694,932,1,414
685,885,1,441
680,903,21,431
696,900,1,433
680,831,1,474
680,878,21,446
689,939,21,410
693,909,1,428
684,867,1,452
673,851,21,462
691,946,21,406
693,939,1,410
693,946,1,406
685,876,1,447
655,795,1,496
622,876,29,447
613,871,29,450
603,880,29,445
599,864,29,454
613,887,29,440
615,887,29,440
617,882,29,444
610,882,29,444
604,883,29,442
736,662,1,580
716,694,1,559
678,860,21,456
694,921,1,421
689,858,1,458
678,815,21,484
687,894,21,436
702,635,1,597
694,905,1,430
691,873,1,449
684,835,1,472
678,871,21,450
689,914,21,425
693,921,1,421
685,860,1,456
676,871,21,450
689,919,21,422
691,883,1,442
678,801,21,493
685,909,21,428
694,894,1,436
680,838,1,469
680,889,21,439
694,914,1,425
684,849,1,463
676,864,21,454
693,921,1,421
718,662,1,579
689,653,1,585
691,653,1,585
691,655,1,584
685,653,1,585
687,651,1,586
682,644,1,591
689,766,1,514
696,837,1,470
682,680,1,568
698,833,1,473
680,673,1,573
680,738,1,532
680,849,21,463
685,900,21,433
693,919,1,422
694,914,1,425
694,882,1,444
696,867,1,452
689,676,1,570
691,648,1,589
649,874,21,448
662,901,1,432
655,846,1,465
649,855,21,460
662,914,1,425
658,792,1,498
718,495,69,684
727,527,69,664
846,810,69,487
842,801,69,492
837,799,69,494
833,793,69,497
829,792,69,498
826,786,69,501
824,783,69,504
820,779,69,506
817,774,69,509
815,766,69,514
810,761,69,517
808,757,69,519
806,754,69,522
802,752,69,523
802,748,69,525
799,748,69,525
797,748,69,525
797,752,69,523
851,808,69,488
844,801,69,492
838,793,69,497
833,788,69,500
829,784,69,502
824,781,69,505
820,775,69,508
817,772,69,510
813,768,69,512
811,765,69,515
806,756,69,520
804,754,69,522
802,752,69,523
799,754,69,521
799,754,69,521
797,754,69,522
793,750,69,524
851,824,69,478
849,820,69,480
844,817,69,483
842,813,69,485
840,810,69,487
837,804,69,490
833,801,69,493
829,797,69,495
826,793,69,497
824,788,69,500
822,786,69,501
820,786,69,501
817,784,69,502
815,783,69,504
815,777,69,507
811,775,69,508
810,772,69,510
808,770,69,511
806,768,69,512
802,768,69,513
799,763,69,516
853,804,69,490
847,801,69,492
847,797,69,495
844,792,69,498
838,790,69,499
835,788,69,500
831,786,69,501
828,784,69,502
824,784,69,502
824,784,69,502
820,784,69,503
819,781,69,505
817,779,69,506
815,775,69,508
811,772,69,510
810,770,69,511
808,770,69,511
806,770,69,511
804,768,69,512
802,768,69,513
802,766,69,514
799,761,69,517
797,757,69,519
795,754,69,521
793,754,69,522
797,754,69,521
799,761,69,517
799,765,69,515
802,770,69,511
808,774,69,509
806,768,69,513
853,829,69,475
847,824,69,478
846,819,69,481
844,815,69,484
842,813,69,485
838,810,69,487
837,804,69,490
835,802,69,491
851,831,69,474
849,828,69,476
846,824,69,478
846,822,69,479
833,815,69,484
813,790,69,499
806,770,69,511
799,768,69,513
793,766,69,514
790,763,69,516
844,815,69,484
842,815,69,484
842,815,69,484
840,811,69,486
840,811,69,486
838,811,69,486
838,808,69,488
837,808,69,488
835,806,69,489
835,806,69,489
835,806,69,489
835,806,69,489
835,806,69,489
892,873,69,449
889,867,69,452
887,865,69,453
878,858,69,457
833,822,69,479
815,792,69,498
808,772,69,510
806,757,69,519
808,752,69,523
810,748,69,525
808,748,69,525
804,754,69,522
802,754,69,521
838,808,69,488
831,801,69,492
826,801,69,492
817,792,69,498
817,786,69,501
815,784,69,503
811,779,69,506
748,727,69,539
748,727,69,538
750,730,69,536
853,815,69,484
849,810,69,487
846,802,69,491
840,797,69,495
837,790,69,499
831,784,69,502
826,777,69,507
820,770,69,511
815,768,69,513
811,765,69,515
806,766,69,514
801,761,69,517
858,804,69,490
853,797,69,495
846,784,69,502
842,774,69,509
837,768,69,513
833,763,69,516
829,761,69,517
826,756,69,520
822,752,69,523
819,748,69,525
815,745,69,527
811,741,69,529
853,811,69,486
851,804,69,490
847,801,69,492
844,799,69,494
842,797,69,495
838,790,69,499
835,784,69,502
831,784,69,502
826,784,69,502
824,781,69,505
820,781,69,505
819,779,69,506
817,779,69,506
815,775,69,508
815,774,69,509
813,772,69,510
811,772,69,510
808,772,69,510
806,770,69,511
806,768,69,512
804,768,69,513
802,765,69,515
802,765,69,515
799,763,69,516
799,761,69,517
799,761,69,517
799,761,69,517
804,761,69,517
806,765,69,515
810,766,69,514
855,817,69,482
853,813,69,485
847,808,69,488
844,801,69,493
842,797,69,495
838,792,69,498
835,788,69,500
833,788,69,500
829,786,69,501
826,784,69,502
822,784,69,503
820,784,69,503
817,781,69,505
817,779,69,506
815,779,69,506
813,775,69,508
811,774,69,509
811,772,69,510
810,772,69,510
808,772,69,510
808,770,69,511
806,770,69,511
806,770,69,511
804,768,69,512
802,768,69,513
802,766,69,514
801,765,69,515
801,765,69,515
806,768,69,513
808,768,69,512
811,770,69,511
811,772,69,510
813,777,69,507
869,829,69,475
862,815,69,484
853,799,69,494
847,784,69,502
838,784,69,502
833,788,69,500
829,783,69,504
826,777,69,507
826,774,69,509
820,768,69,512
811,756,69,520
802,747,69,526
799,741,69,529
797,741,69,529
795,745,69,527
793,747,69,526
793,743,69,528
864,833,69,473
855,824,69,478
846,817,69,482
840,811,69,486
837,808,69,488
833,804,69,490
831,801,69,492
826,797,69,495
824,792,69,498
820,784,69,502
819,779,69,506
815,774,69,509
811,768,69,512
810,766,69,514
808,761,69,517
806,759,69,518
851,795,69,496
847,788,69,500
844,784,69,502
842,784,69,503
837,784,69,502
835,788,69,500
831,788,69,500
829,786,69,501
826,784,69,502
824,783,69,504
820,777,69,507
817,775,69,508
815,772,69,510
811,770,69,511
810,768,69,512
808,766,69,514
806,766,69,514
804,765,69,515
802,763,69,516
801,763,69,516
799,763,69,516
799,761,69,517
799,761,69,517
797,763,69,516
799,763,69,516
799,761,69,517
799,757,69,519
802,756,69,520
804,754,69,521
808,772,69,510
855,811,69,486
851,810,69,487
846,806,69,489
844,802,69,491
840,799,69,494
838,801,69,492
835,797,69,495
833,788,69,500
831,784,69,503
828,786,69,501
824,784,69,502
822,781,69,505
819,779,69,506
819,779,69,506
817,781,69,505
815,779,69,506
815,777,69,507
811,774,69,509
811,774,69,509
808,770,69,511
806,770,69,511
802,768,69,512
801,765,69,515
799,763,69,516
799,765,69,515
799,766,69,514
799,763,69,516
797,759,69,518
795,756,69,520
793,754,69,521
792,754,69,522
849,811,69,486
847,810,69,487
844,804,69,490
842,802,69,491
838,801,69,493
835,797,69,495
833,795,69,496
833,792,69,498
829,792,69,498
828,788,69,500
826,788,69,500
824,786,69,501
824,784,69,502
824,788,69,500
824,790,69,499
824,790,69,499
844,811,69,486
844,810,69,487
842,810,69,487
840,804,69,490
856,793,69,497
853,786,69,501
847,781,69,505
844,777,69,507
842,775,69,508
838,772,69,510
835,781,69,505
833,784,69,502
829,784,69,503
826,783,69,504
824,779,69,506
822,781,69,505
820,783,69,504
820,781,69,505
817,781,69,505
817,781,69,505
815,779,69,506
815,777,69,507
813,779,69,506
811,777,69,507
811,775,69,508
811,774,69,509
811,774,69,509
808,770,69,511
808,768,69,512
806,768,69,513
806,768,69,513
806,765,69,515
804,768,69,513
806,768,69,512
806,768,69,512
808,770,69,511
853,806,69,489
849,804,69,490
846,801,69,492
842,799,69,494
838,797,69,495
837,795,69,496
835,792,69,498
833,788,69,500
831,786,69,501
829,784,69,502
826,784,69,503
824,783,69,504
822,781,69,505
820,779,69,506
820,779,69,506
824,784,69,503
824,784,69,502
826,790,69,499
828,795,69,496
939,909,69,428
937,907,69,429
716,601,1,618
725,622,1,605
730,574,69,635
718,523,69,667
730,639,69,594
729,558,69,646
718,540,69,657
716,603,1,617
718,613,1,610
723,624,1,604
739,554,69,648
729,541,69,656
720,540,69,657
727,547,69,652
725,523,69,667
718,604,1,616
730,626,69,602
734,567,69,640
732,541,69,655
743,541,69,656
750,545,69,653
761,552,69,649
770,556,69,647
750,545,69,653
761,552,69,649
770,556,69,647
781,561,69,643
790,567,69,640
795,568,69,639
716,527,1,664
718,595,1,622
734,621,1,606
745,540,69,657
754,543,69,654
763,549,69,651
775,558,69,646
736,527,69,664
729,529,69,663
736,536,69,659
747,541,69,656
761,550,69,650
770,556,69,647
774,558,69,646
725,664,1,578
725,666,1,577
727,667,1,576
730,574,69,635
718,518,69,670
712,585,1,628
725,628,1,601
730,558,69,646
718,523,69,667
718,597,1,621
732,624,1,603
765,558,69,645
757,556,69,647
750,549,69,651
716,540,1,657
720,536,69,659
720,540,69,657
725,534,69,660
723,534,69,660
754,558,69,645
745,558,69,646
833,599,69,619
786,576,69,634
714,586,1,627
716,594,1,623
716,601,1,618
721,667,1,576
723,666,1,577
723,667,1,576
725,667,1,576
725,669,1,575
727,669,1,575
730,673,1,573
712,624,1,604
720,660,1,581
721,667,1,576
718,669,1,575
725,667,1,576
725,664,1,578
712,518,1,670
723,639,1,594
709,592,1,624
723,653,1,585
727,669,1,575
709,601,1,618
727,658,1,582
716,613,1,610
707,572,1,637
730,648,69,589
716,624,1,603
729,664,1,578
711,606,1,615
725,655,1,584
703,565,1,641
721,649,1,588
703,559,1,644
723,644,1,591
714,588,1,626
725,588,1,626
743,540,69,657
741,522,69,668
739,612,69,611
727,509,69,675
730,513,69,673
694,664,1,578
694,664,1,578
693,662,1,580
730,527,69,664
725,527,69,665
732,527,69,664
741,534,69,660
725,687,1,563
725,687,1,564
721,685,1,565
720,684,1,566
815,540,69,657
777,532,69,661
725,518,69,670
718,516,1,671
718,601,1,618
727,633,1,598
730,601,69,618
727,554,69,648
727,552,69,649
730,612,69,611
727,666,1,577
721,637,1,595
712,608,1,614
707,568,1,639
727,687,1,563
718,642,1,592
723,534,69,660
716,585,1,629
721,612,1,612
732,639,69,594
729,538,69,658
723,531,69,662
730,536,69,659
748,558,69,645
725,534,69,660
727,541,69,656
725,536,69,659
736,545,69,653
734,536,69,659
756,550,69,650
766,561,69,643
754,549,69,651
709,691,1,561
711,615,1,609
727,687,1,564
727,694,1,559
727,696,1,558
725,694,1,559
723,689,1,562
718,684,1,566
716,676,1,570
712,673,1,573
709,669,1,575
698,676,1,570
707,687,1,564
774,572,69,637
786,577,69,633
801,586,69,627
727,559,69,644
721,525,69,666
712,565,1,641
714,610,1,613
725,640,1,593
739,603,69,617
743,572,69,637
718,534,69,660
745,550,69,650
741,550,69,650
748,554,69,648
763,565,69,641
774,572,69,637
786,577,69,633
793,585,69,629
799,588,69,626
801,586,69,627
712,541,1,655
712,563,1,642
711,595,1,622
714,612,1,611
721,646,1,590
730,664,69,578
730,547,69,652
718,527,69,664
716,608,1,614
718,624,1,604
718,536,69,659
743,552,69,649
779,581,69,631
880,583,69,630
716,509,1,676
720,518,69,670
725,531,69,662
721,523,69,667
793,588,69,626
766,572,69,636
779,579,69,632
788,585,69,629
793,588,69,626
799,588,69,626
801,590,69,625
802,588,69,626
801,585,69,628
851,574,69,635
851,570,69,638
855,570,69,638
822,561,69,643
739,549,69,651
734,543,69,654
720,540,69,657
729,550,69,650
729,549,69,651
727,547,69,652
732,549,69,651
729,547,69,652
743,559,69,644
752,561,69,643
772,574,69,635
784,579,69,632
721,540,69,657
718,588,1,626
718,540,69,657
727,543,69,654
802,588,69,626
727,628,1,601
730,613,69,610
725,527,69,665
711,574,1,635
720,603,1,617
732,567,69,640
718,518,1,670
716,588,1,626
734,608,69,614
739,572,69,636
732,543,69,654
725,525,69,666
712,585,1,628
723,613,1,610
730,613,69,610
727,538,69,658
716,523,1,667
711,581,1,631
711,592,1,624
736,604,1,616
714,547,1,652
718,604,1,616
725,631,1,599
730,559,69,644
718,520,69,669
716,525,1,666
723,538,69,658
727,667,1,576
718,639,1,594
709,601,1,618
725,554,69,648
721,662,1,580
705,585,1,628
723,675,1,572
703,574,1,635
721,678,1,569
716,514,1,672
718,662,1,580
727,705,1,552
723,541,69,655
730,540,69,657
718,685,1,565
707,586,1,627
727,684,1,566
711,624,1,604
725,691,1,561
707,613,1,610
723,687,1,564
727,547,69,652
714,554,1,648
716,594,1,623
727,635,1,597
729,534,69,660
712,563,1,642
725,601,1,618
709,698,1,557
766,563,69,642
739,637,69,596
723,547,69,652
725,554,69,648
725,549,69,651
729,558,69,646
752,568,69,639
757,576,69,634
703,702,5,555
703,696,5,558
703,698,5,557
709,702,5,554
711,705,5,552
716,711,5,549
716,711,5,549
718,712,5,548
723,718,5,544
743,509,69,676
757,525,69,666
718,626,5,602
721,714,5,547
732,730,5,536
730,727,5,539
725,720,5,543
720,714,5,546
716,712,5,548
714,709,5,550
711,703,5,553
709,703,5,553
709,702,5,554
705,700,5,556
703,698,5,557
700,694,5,559
700,694,5,559
700,694,5,559
698,691,5,561
698,691,5,561
696,691,5,561
694,689,5,562
694,687,5,563
693,685,5,565
691,685,5,565
734,540,69,657
743,554,69,648
736,538,69,658
743,538,69,658
756,543,69,654
770,554,69,648
783,559,69,644
793,565,69,641
801,568,69,639
806,568,69,639
802,568,69,639
808,570,69,638
810,568,69,639
876,561,69,643
900,561,69,643
871,554,69,648
844,547,69,652
788,534,69,660
741,514,69,672
734,664,5,578
727,655,5,584
725,527,5,665
734,702,5,555
720,671,5,574
739,702,69,554
725,707,5,551
727,534,69,660
730,723,5,541
716,624,5,604
732,729,5,537
736,685,5,565
727,648,5,589
729,543,69,654
738,561,69,643
734,541,69,656
730,541,69,656
747,550,69,650
759,559,69,644
752,550,69,650
741,540,69,657
738,541,69,656
757,550,69,650
757,554,69,648
775,558,69,646
750,543,69,654
727,631,5,599
727,534,5,660
725,558,5,645
730,550,69,650
727,534,69,660
743,529,69,663
734,673,5,573
725,666,5,577
734,696,5,558
738,711,5,549
720,675,5,571
729,709,5,550
734,714,5,546
734,720,5,543
736,725,5,540
736,727,5,539
736,727,5,538
736,729,5,537
734,729,5,537
727,673,5,573
729,558,69,646
739,723,69,541
730,685,5,565
725,669,5,575
727,547,69,652
736,567,69,640
743,619,69,607
732,538,69,658
729,644,5,591
729,540,69,657
745,549,69,651
729,648,5,589
743,541,69,655
743,543,69,654
745,543,69,654
743,534,69,660
757,543,69,654
815,547,69,652
824,545,69,653
806,538,69,658
741,522,69,668
736,671,5,574
727,664,5,578
727,541,69,656
730,698,5,557
721,603,5,617
730,709,5,550
718,635,5,597
730,718,5,544
718,648,5,589
732,727,5,538
718,651,5,586
730,729,5,537
721,594,5,623
871,572,69,636
739,711,69,549
725,716,5,545
718,633,5,598
734,565,69,641
736,734,5,534
727,687,5,563
721,653,5,585
727,543,69,654
738,741,5,530
730,723,5,541
721,671,5,574
721,613,5,610
734,554,69,648
739,594,69,623
739,637,69,596
739,666,69,577
736,673,5,573
727,540,69,657
743,583,69,630
734,662,5,580
730,538,69,658
743,572,69,637
727,608,5,614
734,545,69,653
775,552,69,649
738,554,69,648
743,579,69,632
729,635,5,597
738,541,69,655
741,541,69,656
752,547,69,652
768,554,69,648
781,563,69,642
790,568,69,639
799,572,69,637
804,572,69,637
808,572,69,636
808,572,69,636
811,576,69,634
808,572,69,636
811,572,69,636
824,572,69,636
862,567,69,640
790,547,69,652
774,532,69,661
745,522,69,668
727,601,5,618
725,550,5,650
730,536,69,659
739,644,69,591
730,687,5,563
721,649,5,588
734,556,69,647
730,707,5,551
718,644,5,591
738,727,69,538
721,703,5,553
736,630,69,600
725,712,5,548
718,637,5,596
739,698,69,557
725,711,5,549
718,631,5,599
739,644,69,591
729,711,5,549
721,651,5,586
725,534,5,660
738,558,69,645
739,693,69,560
736,676,5,570
730,651,5,586
727,613,5,610
727,543,5,654
730,541,69,655
739,572,69,637
727,538,69,658
747,576,69,634
745,545,69,653
754,552,69,649
765,554,69,648
775,563,69,642
790,570,69,638
797,572,69,636
811,576,69,634
819,576,69,634
817,576,69,634
799,561,69,643
763,545,69,653
739,532,69,661
729,633,5,598
727,529,69,663
734,545,69,653
739,639,69,594
732,675,5,571
725,651,5,586
729,543,69,654
736,703,5,553
727,673,5,573
723,561,5,643
734,711,5,549
723,664,5,578
738,637,69,596
725,702,5,555
725,541,5,655
730,720,5,543
718,648,5,589
826,577,69,633
815,579,69,632
820,583,69,630
829,586,69,627
817,574,69,635
826,581,69,631
828,583,69,630
833,579,69,632
894,574,69,635
896,570,69,638
880,561,69,643
842,552,69,649
784,536,69,659
748,518,69,670
725,561,5,643
730,522,69,668
739,604,69,616
732,671,5,574
721,639,5,594
736,577,69,633
730,687,5,564
721,599,5,619
734,703,5,553
718,649,5,588
784,552,69,649
801,559,69,644
819,570,69,638
826,572,69,637
739,543,69,654
817,585,69,628
828,588,69,626
923,590,69,625
784,576,69,634
790,577,69,633
815,595,69,622
831,604,69,616
865,615,69,609
923,601,69,618
745,549,69,651
759,558,69,645
847,606,69,615
860,612,69,611
869,615,69,609
880,585,69,629
777,529,69,663
783,529,69,663
783,532,69,661
781,529,69,663
833,527,69,664
867,520,69,669
853,513,69,673
804,500,69,681
720,707,5,551
727,714,5,546
734,718,5,544
723,475,5,696
721,549,5,651
723,633,5,598
730,682,5,567
727,471,69,698
747,484,69,691
736,482,69,692
705,694,5,559
707,696,5,558
709,698,5,557
709,702,5,555
765,538,69,658
727,633,5,598
730,520,69,669
727,522,69,668
777,525,69,666
779,522,69,668
775,520,69,669
734,523,69,667
790,583,69,630
808,595,69,622
853,619,69,607
869,628,69,601
739,527,69,664
730,523,69,667
739,576,69,634
738,676,5,570
727,532,69,661
741,554,69,648
743,545,69,653
756,554,69,648
763,558,69,645
772,565,69,641
779,568,69,639
788,576,69,634
804,588,69,626
795,577,69,633
734,550,69,650
757,543,69,654
817,592,69,624
727,525,69,666
756,552,69,649
802,585,69,628
858,613,69,610
853,608,69,614
783,565,69,641
766,556,69,647
725,534,5,660
745,527,69,665
808,563,69,642
730,532,69,661
736,730,5,536
725,694,5,559
721,633,5,598
727,523,69,667
738,550,69,650
741,646,69,590
736,700,5,556
730,660,5,581
727,626,5,602
727,525,69,666
734,532,69,661
739,547,69,652
739,655,69,584
727,532,5,661
738,532,69,661
730,523,69,667
736,529,69,663
736,522,69,668
730,518,69,670
747,518,69,670
741,520,69,669
750,529,69,663
851,577,69,633
718,558,5,646
727,520,69,669
738,532,69,661
763,549,69,651
802,568,69,639
842,586,69,627
851,594,69,623
871,599,69,619
734,689,5,562
725,572,5,636
743,577,69,633
736,523,69,667
829,572,69,637
838,576,69,634
865,586,69,627
869,590,69,625
858,594,69,623
865,595,69,622
858,594,69,623
865,595,69,622
867,595,69,622
871,597,69,621
880,599,69,620
736,698,5,557
730,653,5,585
725,558,5,645
732,534,69,660
739,554,69,648
736,538,69,658
768,554,69,648
779,561,69,643
815,585,69,629
829,590,69,625
880,612,69,611
892,621,69,606
896,622,69,605
748,534,69,660
754,543,69,654
739,511,69,674
730,714,5,546
729,702,5,555
727,673,5,573
725,631,5,599
725,581,5,631
727,498,69,682
738,509,69,675
730,504,69,679
739,511,69,674
752,522,69,668
781,534,69,660
842,563,69,642
739,725,69,540
725,570,5,638
730,511,69,674
770,541,69,655
820,570,69,638
844,579,69,632
855,583,69,630
862,583,69,630
797,588,69,626
802,599,69,620
806,595,69,622
811,595,69,622
813,594,69,623
865,588,69,626
867,588,69,626
865,586,69,627
896,585,69,628
941,577,69,633
826,585,69,629
838,588,69,626
846,592,69,624
856,599,69,619
779,750,1,524
729,484,69,691
723,633,5,598
716,558,5,645
723,502,69,680
732,576,69,634
743,529,69,663
748,534,69,660
754,540,69,657
759,543,69,654
766,547,69,652
772,552,69,649
781,559,69,644
795,568,69,639
808,574,69,635
820,585,69,629
835,594,69,623
849,599,69,620
739,532,69,661
743,534,69,660
750,541,69,656
757,549,69,651
761,554,69,648
766,558,69,646
775,567,69,640
786,576,69,634
811,597,69,621
817,599,69,620
732,518,69,670
738,523,69,667
743,527,69,664
748,532,69,661
752,534,69,660
757,540,69,657
763,541,69,655
770,550,69,650
815,595,69,622
820,599,69,619
869,631,69,599
804,597,69,621
808,601,69,618
815,604,69,616
833,603,69,617
835,610,69,613
966,775,69,508
988,786,69,501
997,797,69,495
1015,802,69,491
873,754,69,522
874,754,69,522
878,754,69,522
883,754,69,521
887,759,69,518
892,765,69,515
876,741,69,530
878,745,69,527
883,748,69,525
833,723,69,541
896,784,69,502
901,790,69,499
910,793,69,497
916,792,69,498
925,797,69,495
847,738,69,532
847,736,69,533
846,736,69,533
844,736,69,533
842,734,69,534
838,734,69,534
824,725,69,540
824,727,69,539
824,727,69,539
824,727,69,538
826,727,69,538
905,777,69,507
885,747,69,526
889,754,69,522
891,757,69,519
900,765,69,515
903,766,69,514
892,759,69,518
889,750,69,524
892,756,69,520
883,747,69,526
889,748,69,525
892,752,69,523
880,750,69,524
887,754,69,522
889,754,69,522
891,756,69,520
896,761,69,517
892,757,69,519
894,761,69,517
900,766,69,514
905,768,69,512
880,739,69,531
880,741,69,529
887,743,69,528
889,748,69,525
892,754,69,522
896,756,69,520
900,759,69,518
892,754,69,521
898,761,69,517
900,763,69,516
903,766,69,514
892,768,69,512
898,770,69,511
909,775,69,508
918,784,69,503
925,790,69,499
896,752,69,523
901,757,69,519
905,761,69,517
910,768,69,512
936,793,69,497
901,757,69,519
907,761,69,517
837,720,69,543
838,739,69,531
847,745,69,527
867,736,69,533
871,748,69,525
878,752,69,523
882,754,69,521
883,763,69,516
892,768,69,512
898,774,69,509
887,756,69,520
900,766,69,514
903,766,69,514
907,768,69,513
880,748,69,525
883,752,69,523
901,763,69,516
903,763,69,516
905,768,69,513
898,747,69,526
903,748,69,525
943,775,69,508
891,765,69,515
898,766,69,514
903,770,69,511
910,775,69,508
862,729,69,537
865,732,69,535
871,738,69,532
874,738,69,532
885,747,69,526
892,754,69,522
916,754,69,521
919,759,69,518
937,765,69,515
939,801,69,492
948,808,69,488
865,730,69,536
869,732,69,535
869,732,69,535
871,734,69,534
874,739,69,531
887,748,69,525
891,752,69,523
896,754,69,521
900,765,69,515
909,748,69,525
914,754,69,522
916,756,69,520
882,741,69,529
874,736,69,533
874,738,69,532
889,748,69,525
892,754,69,521
916,759,69,518
937,766,69,514
964,779,69,506
995,788,69,500
1006,804,69,490
982,797,69,495
894,754,69,522
901,759,69,518
907,765,69,515
912,770,69,511
914,775,69,508
923,779,69,506
945,788,69,500
946,786,69,501
941,788,69,500
937,788,69,500
941,792,69,498
946,793,69,497
950,793,69,497
907,775,69,508
905,774,69,509
910,774,69,509
912,774,69,509
916,774,69,509
907,754,69,521
820,702,69,555
826,709,69,550
955,811,69,486
869,745,69,527
873,748,69,525
878,747,69,526
882,750,69,524
887,757,69,519
891,763,69,516
991,829,69,475
1004,833,69,473
1024,846,69,465
939,797,69,495
943,799,69,494
946,797,69,495
869,736,69,533
876,741,69,529
882,748,69,525
889,754,69,522
901,756,69,520
914,766,69,514
932,774,69,509
950,783,69,504
817,608,69,614
833,619,69,607
847,624,69,603
927,666,69,577
725,646,5,590
725,523,69,667
721,522,69,668
723,518,69,670
734,532,69,661
748,538,69,658
765,550,69,650
783,561,69,643
797,570,69,638
711,689,5,562
716,502,5,680
729,723,5,541
725,716,5,545
718,689,5,562
714,628,5,601
716,565,5,641
793,579,69,632
810,594,69,623
833,606,69,615
853,621,69,606
871,631,69,599
882,633,69,598
892,637,69,595
901,642,69,592
909,648,69,589
916,651,69,586
910,648,69,589
784,761,1,517
721,491,69,686
730,532,69,661
732,590,69,625
725,655,5,584
718,523,69,667
727,525,69,666
734,536,69,659
738,541,69,656
743,541,69,655
752,547,69,652
756,552,69,649
761,556,69,647
768,561,69,643
775,568,69,639
784,577,69,633
795,581,69,631
801,583,69,630
804,590,69,625
806,588,69,626
808,588,69,626
806,588,69,626
783,558,69,646
788,561,69,643
797,568,69,639
802,572,69,636
810,579,69,632
817,585,69,629
824,590,69,625
833,595,69,622
844,603,69,617
856,612,69,612
811,583,69,630
820,588,69,626
833,595,69,622
846,604,69,616
820,588,69,626
833,595,69,622
846,604,69,616
860,617,69,608
720,565,69,641
718,563,69,642
721,570,69,638
725,572,69,637
730,577,69,633
738,585,69,628
745,588,69,626
754,594,69,623
761,599,69,620
772,606,69,615
784,617,69,608
799,624,69,604
811,635,69,597
723,572,69,636
721,567,69,640
725,570,69,638
727,572,69,636
732,581,69,631
738,583,69,630
745,588,69,626
756,608,69,614
761,599,69,619
772,612,69,612
793,622,69,605
718,559,69,644
721,563,69,642
725,567,69,640
730,568,69,639
736,576,69,634
741,583,69,630
752,588,69,626
763,601,69,618
777,613,69,610
802,624,69,603
815,635,69,597
725,718,5,544
730,723,5,541
738,732,5,535
721,721,5,542
718,675,5,572
720,583,5,630
739,531,69,662
763,734,69,534
730,527,69,664
734,689,5,562
743,534,69,660
745,536,69,659
741,536,69,659
738,534,69,660
734,532,69,661
743,540,69,657
730,529,69,663
745,536,69,659
743,538,69,658
752,541,69,655
761,547,69,652
766,549,69,651
772,552,69,649
718,714,5,547
721,716,5,545
729,723,5,541
743,536,69,659
729,486,5,690
727,682,5,567
775,723,5,541
730,509,69,676
730,509,69,675
730,511,69,674
734,511,69,674
804,513,69,673
793,498,69,682
763,489,69,687
736,482,69,692
721,585,5,629
