716,662,5,579
716,664,5,578
716,666,5,577
716,666,5,577
720,678,5,569
700,646,5,590
702,649,5,587
705,657,5,583
712,662,5,580
716,667,5,576
720,675,5,571
720,684,5,566
721,689,5,562
727,612,69,612
738,667,1,576
721,590,1,625
734,658,1,582
736,676,1,570
721,583,1,630
730,651,1,586
734,671,1,574
739,635,69,597
725,601,1,618
736,657,1,583
736,675,1,571
738,754,1,521
718,590,1,625
732,678,1,569
734,712,1,548
736,725,1,540
736,729,1,537
738,729,1,537
736,727,1,538
730,721,1,542
732,716,1,545
739,630,69,600
725,615,1,609
729,662,1,579
730,684,1,566
732,684,1,566
732,684,1,566
727,756,1,520
730,757,1,519
727,761,1,517
732,761,1,517
730,759,1,518
732,754,1,521
734,750,1,524
730,747,1,526
732,741,1,529
734,736,1,533
734,732,1,535
732,727,1,538
734,723,1,541
734,721,1,542
736,716,1,545
736,714,1,547
736,711,1,549
734,707,1,551
730,703,1,553
727,741,1,529
727,739,1,531
729,738,1,532
729,736,1,533
727,732,1,535
730,730,1,536
730,729,1,537
730,727,1,539
736,723,1,541
718,590,1,625
730,669,1,575
736,693,1,560
716,538,1,658
721,633,1,598
729,673,1,573
732,687,1,564
730,691,1,561
734,694,1,559
734,696,1,558
730,696,1,558
730,696,1,558
730,694,1,559
730,693,1,560
732,693,1,560
734,694,1,559
736,693,1,560
734,693,1,560
723,723,1,541
718,723,1,541
716,723,1,541
721,718,1,544
716,716,1,545
720,714,1,546
720,714,1,547
718,712,1,548
718,709,1,550
721,707,1,551
723,703,1,553
723,700,1,556
727,732,1,535
727,741,1,529
727,723,1,541
727,721,1,542
727,716,1,545
721,714,1,547
725,712,1,548
727,714,1,546
725,718,1,544
725,720,1,543
725,721,1,542
729,721,1,542
730,721,1,542
730,721,1,542
727,721,1,542
730,720,1,543
729,718,1,544
727,716,1,545
725,714,1,547
725,711,1,549
727,709,1,550
723,705,1,552
725,703,1,553
732,703,1,553
730,702,1,555
730,700,1,556
730,698,1,557
734,696,1,558
732,694,1,559
729,693,1,560
730,700,1,556
729,702,1,554
734,703,1,553
732,703,1,553
734,703,1,553
734,703,1,553
729,747,1,526
738,727,69,539
725,570,1,638
725,655,1,584
729,694,1,559
729,712,1,548
734,721,1,542
734,725,1,540
729,509,69,675
721,628,1,601
727,671,1,574
729,687,1,563
730,694,1,559
730,700,1,556
730,702,1,555
730,702,1,555
730,698,1,557
723,698,1,557
721,698,1,557
721,694,1,559
720,691,1,561
720,691,1,561
720,689,1,562
720,687,1,563
720,687,1,563
712,702,1,554
716,702,1,554
718,702,1,554
716,702,1,555
721,700,1,556
725,696,1,558
725,693,1,560
723,689,1,562
721,768,1,513
725,768,1,512
729,768,1,512
729,768,1,512
727,768,1,513
727,768,1,513
729,766,1,514
727,765,1,515
727,761,1,517
727,757,1,519
730,754,1,522
727,750,1,524
727,745,1,527
727,741,1,530
727,736,1,533
727,729,1,537
727,723,1,541
729,718,1,544
730,712,1,548
727,709,1,550
727,703,1,553
730,691,1,561
736,698,1,557
734,698,1,557
734,698,1,557
732,698,1,557
727,729,1,537
729,736,1,533
734,741,1,530
730,748,1,525
721,741,1,529
721,738,1,532
727,738,1,532
729,768,1,513
729,766,1,514
730,763,1,516
729,759,1,518
729,754,0,521
729,752,0,523
730,745,1,527
730,741,1,530
729,732,1,535
700,743,0,528
700,741,0,529
700,741,1,530
700,738,1,532
702,734,1,534
700,727,1,539
700,716,1,545
700,705,1,552
700,694,1,559
698,685,1,565
698,676,1,570
700,673,1,573
700,667,1,576
700,664,1,578
698,660,1,581
718,756,1,520
718,757,0,519
718,756,0,520
718,754,1,521
721,754,1,522
721,748,1,525
725,741,1,530
725,734,1,534
725,727,1,539
725,718,1,544
725,712,1,548
723,707,1,551
721,702,1,554
721,698,1,557
721,694,1,559
721,689,1,562
720,685,1,565
720,682,1,567
718,678,1,569
736,725,1,540
736,725,1,540
734,723,1,541
734,720,0,543
732,716,0,545
730,714,0,547
730,772,1,510
736,779,1,506
734,784,1,503
732,786,1,501
730,790,1,499
732,792,1,498
732,793,1,497
732,795,1,496
743,590,69,625
739,541,68,655
725,613,0,610
732,685,0,565
734,720,0,543
736,736,1,533
738,741,1,529
723,610,1,613
732,678,1,569
736,702,1,554
736,714,1,546
736,721,1,542
738,723,1,541
736,725,1,540
736,725,1,540
736,725,1,540
734,723,1,541
734,720,0,543
732,716,0,545
730,714,0,547
730,711,0,549
723,709,1,550
725,711,1,549
725,712,1,548
725,712,1,548
730,712,1,548
732,714,1,547
732,714,1,546
734,720,1,543
734,727,1,539
734,729,0,537
732,732,0,535
732,734,0,534
732,734,0,534
732,732,0,535
732,729,0,537
734,727,1,538
732,721,1,542
730,716,1,545
732,712,1,548
732,705,1,552
730,700,1,556
734,696,1,558
734,691,1,561
734,687,1,563
732,687,1,564
730,684,1,566
730,678,1,569
730,675,0,571
730,673,0,573
732,761,0,517
734,772,0,510
736,783,1,504
736,792,1,498
739,772,69,510
725,585,1,628
734,694,1,559
738,745,1,527
725,570,1,638
732,696,1,558
736,747,0,526
736,772,0,510
736,572,68,636
727,657,0,583
736,720,0,543
725,572,0,637
730,676,0,570
736,716,0,545
736,734,1,534
727,511,69,674
729,640,1,593
734,684,1,566
738,698,1,557
725,523,1,667
730,633,1,598
734,667,1,576
736,682,1,567
736,687,1,564
738,687,1,563
730,480,69,693
727,597,0,621
736,806,0,489
736,813,0,485
725,619,1,607
734,723,1,541
738,675,69,571
730,685,1,565
738,747,1,526
727,642,1,592
738,723,1,541
727,640,1,593
736,693,0,560
725,541,0,655
736,675,0,572
725,540,1,657
734,667,1,576
725,568,1,639
736,669,1,575
721,558,1,646
734,664,1,578
725,522,1,668
734,649,1,587
734,568,69,639
734,642,1,592
730,534,68,660
734,639,0,594
738,682,0,567
734,712,1,548
738,725,1,540
738,732,1,535
718,626,1,602
730,687,1,563
748,619,69,607
772,604,69,616
765,525,68,666
734,606,0,615
725,622,0,605
730,570,68,638
729,675,0,572
738,725,0,540
723,628,0,601
736,718,0,544
736,754,0,522
736,775,0,508
736,790,1,499
723,669,1,575
734,747,1,526
734,633,69,598
723,687,1,563
734,745,1,527
723,590,1,625
730,718,0,544
734,631,68,599
725,687,0,564
736,739,0,531
720,615,0,609
734,707,0,551
727,558,68,645
727,678,0,569
734,720,0,543
738,734,0,534
716,594,1,623
727,682,1,567
734,712,1,548
738,725,1,540
738,732,1,535
718,626,1,602
730,687,1,563
736,711,1,549
736,721,0,542
736,727,0,538
734,730,0,536
734,732,0,535
700,709,1,550
700,714,1,547
700,714,1,546
716,723,0,541
721,739,0,531
730,754,0,522
730,768,0,513
732,779,0,506
730,790,0,499
732,799,0,494
732,804,0,490
734,810,0,487
734,811,0,486
738,815,1,484
721,673,1,573
736,754,1,521
723,594,1,623
730,723,1,541
736,766,1,514
721,612,1,612
734,720,1,543
736,621,69,606
734,738,0,532
736,757,0,519
730,698,1,557
734,716,1,545
736,721,1,542
736,723,1,541
736,725,1,540
738,725,1,540
738,723,1,541
736,721,1,542
721,541,1,655
729,666,1,577
734,698,1,557
729,666,1,577
734,698,1,557
734,703,1,553
734,707,0,551
736,711,0,549
736,711,0,549
736,709,0,550
718,594,1,623
721,725,1,540
725,730,1,536
725,738,0,532
725,745,0,527
702,536,68,659
680,513,68,673
687,590,0,625
703,667,0,576
721,745,1,527
723,747,1,526
729,750,1,524
732,752,1,523
736,712,1,548
736,714,1,547
736,711,1,549
736,711,1,549
736,709,1,550
720,622,1,605
725,624,1,604
736,675,1,571
716,702,1,554
718,707,1,551
723,712,1,548
727,716,0,545
729,721,0,542
727,727,0,538
725,732,0,535
730,736,0,533
732,739,0,531
730,741,0,529
732,743,0,528
730,745,1,527
730,745,1,527
730,747,1,526
730,748,1,525
730,748,1,525
730,750,1,524
730,748,1,525
729,747,1,526
729,745,1,527
729,741,1,530
730,738,1,532
732,736,1,533
732,732,0,535
730,729,0,537
729,727,0,538
730,727,0,539
729,727,1,539
730,725,1,540
729,725,1,540
730,723,1,541
730,723,1,541
730,721,1,542
729,720,1,543
727,718,1,544
727,716,1,545
725,714,1,546
729,720,1,543
727,718,1,544
727,716,1,545
725,714,1,546
725,714,1,547
725,712,0,548
694,723,1,541
694,730,0,536
694,736,0,533
707,754,0,521
698,759,0,518
694,747,0,526
693,752,0,523
698,761,0,517
703,768,0,512
716,783,0,504
725,793,0,497
729,801,1,493
736,801,1,492
736,802,1,491
738,801,1,492
725,658,1,582
734,732,1,535
736,754,1,522
736,763,1,516
734,766,0,514
732,765,0,515
730,759,0,518
725,750,0,524
721,741,0,530
718,729,0,537
721,721,0,542
720,714,0,546
716,709,1,550
714,703,1,553
712,698,1,557
709,691,1,561
709,687,1,564
707,684,1,566
703,678,1,569
702,673,1,573
702,667,1,576
696,680,0,568
698,684,0,566
698,687,1,564
698,689,1,562
703,696,1,558
700,696,1,558
700,694,1,559
698,691,1,561
698,689,1,562
700,687,1,563
698,687,0,563
700,687,0,563
698,689,0,562
696,691,0,561
696,689,0,562
694,687,0,563
696,685,0,565
694,682,0,567
696,678,1,569
696,676,1,570
698,675,1,571
694,675,1,572
694,673,1,573
694,673,1,573
694,671,1,574
694,671,1,574
730,779,1,506
730,786,0,501
732,793,0,497
734,801,0,492
732,804,0,490
734,810,0,487
734,811,0,486
732,813,0,485
730,813,0,485
730,811,0,486
732,813,0,485
732,813,1,485
734,811,1,486
736,811,1,486
738,810,69,487
725,702,1,554
734,754,1,521
736,768,0,512
736,772,0,510
736,772,0,510
736,770,0,511
736,766,0,514
734,757,0,519
734,752,0,523
732,743,0,528
730,739,0,531
730,734,0,534
727,727,1,538
729,723,1,541
730,718,1,544
730,714,1,546
730,712,1,548
730,711,1,549
730,711,1,549
727,702,0,554
727,709,0,550
729,714,0,546
725,714,0,546
736,720,0,543
739,727,68,539
729,621,0,606
721,687,1,563
720,709,1,550
725,718,1,544
721,725,1,540
721,727,0,539
732,738,0,532
727,745,0,527
727,752,0,523
727,754,0,521
730,761,0,517
729,768,0,513
730,772,0,510
734,775,0,508
734,779,0,506
734,779,0,506
736,768,1,513
720,585,1,628
729,691,1,561
734,720,0,543
736,727,0,538
736,730,0,536
734,730,0,536
734,716,0,545
734,714,0,546
732,712,1,548
734,711,1,549
734,709,1,550
734,707,1,551
734,707,1,551
698,689,0,562
702,691,0,561
694,694,0,559
691,694,0,559
698,698,0,557
700,702,0,555
698,702,0,554
700,703,1,553
698,702,1,555
698,696,1,558
694,693,1,560
694,689,1,562
691,687,1,564
694,684,1,566
698,680,1,568
694,678,1,569
698,676,1,570
698,676,0,570
696,675,0,571
694,673,0,573
693,669,0,575
691,667,0,576
691,664,0,578
689,662,1,580
689,660,1,581
689,658,1,582
689,655,1,584
687,651,1,586
711,770,1,511
712,777,1,507
700,732,0,535
703,743,1,528
707,754,1,522
711,763,1,516
711,770,1,511
712,777,1,507
716,784,1,503
720,790,1,499
723,795,1,496
725,799,1,494
727,801,1,492
729,801,0,492
730,804,0,490
730,792,0,498
734,784,1,503
734,779,1,506
736,775,1,508
736,770,1,511
736,768,1,513
736,763,1,516
736,756,1,520
736,750,1,524
736,745,1,527
736,741,1,530
736,734,1,534
736,730,1,536
738,727,1,539
736,723,0,541
734,720,0,543
734,716,1,545
732,714,1,547
734,711,1,549
736,709,1,550
711,685,1,565
712,691,1,561
716,700,1,556
714,707,0,551
714,714,0,547
714,718,0,544
716,723,0,541
718,732,0,535
718,741,0,530
721,748,0,525
721,754,0,522
725,754,1,521
730,759,1,518
738,766,69,514
723,673,1,573
732,725,1,540
734,747,1,526
725,568,0,639
734,694,0,559
721,595,0,622
736,694,0,559
730,581,68,631
727,675,0,571
738,718,0,544
721,624,0,604
730,698,0,557
734,721,0,542
738,732,1,535
736,633,69,598
721,662,1,579
729,705,1,552
734,720,1,543
734,725,1,540
734,727,1,538
732,727,1,538
730,727,0,539
730,725,0,540
730,723,0,541
730,721,0,542
729,718,0,544
727,714,0,546
727,712,0,548
711,752,1,523
709,761,1,517
711,768,1,513
711,772,0,510
712,777,0,507
712,783,0,504
712,784,0,502
712,784,0,503
718,783,0,504
718,781,0,505
718,779,0,506
720,775,1,508
718,770,1,511
721,765,1,515
723,757,1,519
721,748,1,525
721,743,1,528
721,739,1,531
720,730,1,536
720,723,1,541
720,718,1,544
720,714,0,546
718,714,0,547
718,711,0,549
718,709,0,550
718,702,0,554
716,698,0,557
714,696,1,558
727,754,0,522
723,761,0,517
727,768,1,513
734,772,1,510
734,777,1,507
730,784,1,503
730,786,1,501
732,788,1,500
734,788,1,500
732,790,1,499
732,790,0,499
736,788,0,500
720,613,0,610
734,716,0,545
736,748,0,525
734,635,68,597
725,685,0,565
732,727,0,539
734,743,1,528
736,748,1,525
736,750,1,524
736,748,1,525
734,748,1,525
734,745,1,527
736,741,1,529
736,739,1,531
734,736,1,533
734,732,1,535
734,730,0,536
734,729,0,537
734,727,0,538
736,727,0,539
734,723,0,541
736,721,0,542
734,716,1,545
730,684,1,566
736,714,1,547
734,734,1,534
736,752,0,523
734,595,68,622
729,700,0,556
734,754,0,522
734,784,0,503
736,806,0,489
739,824,68,478
721,664,0,578
732,757,1,519
736,801,1,492
727,606,69,615
734,750,1,524
727,608,69,614
730,743,1,528
730,622,69,605
730,736,1,533
734,635,68,597
730,725,0,540
721,633,0,598
734,730,0,536
720,624,1,603
732,720,1,543
727,565,69,641
729,691,1,561
736,729,1,537
720,581,1,631
730,687,1,563
738,720,69,543
723,649,1,588
734,702,1,555
736,718,0,544
721,631,0,599
732,689,0,562
736,711,0,549
736,716,0,545
736,720,0,543
736,604,69,616
725,644,1,591
734,702,0,554
738,727,0,539
730,549,68,651
739,673,68,573
729,635,0,597
741,563,68,642
727,631,0,599
736,604,68,616
707,709,1,550
709,714,1,546
711,720,0,543
714,725,0,540
712,729,0,537
716,738,0,532
720,745,0,527
725,761,0,517
730,770,0,511
732,779,0,506
732,784,1,502
732,792,1,498
736,797,1,495
736,799,1,494
736,801,1,493
729,574,69,635
727,709,1,550
734,754,1,522
736,770,1,511
718,622,1,605
730,716,0,545
734,745,0,527
736,756,0,520
721,583,0,630
730,691,0,561
734,721,0,542
736,729,1,537
736,684,69,566
727,640,1,593
736,698,1,557
734,709,1,550
730,714,1,546
730,716,1,545
729,716,1,545
727,714,1,546
727,712,1,548
727,711,1,549
727,707,1,551
738,662,69,580
730,617,1,608
716,541,1,656
727,648,0,589
725,675,1,571
721,680,1,568
721,680,1,568
718,676,1,570
720,675,1,572
718,673,1,573
716,673,1,573
716,671,1,574
712,667,1,576
711,664,1,578
709,660,0,581
707,655,0,584
705,651,0,586
702,649,0,588
703,646,0,590
703,644,0,591
700,644,1,591
700,640,1,593
700,640,1,593
698,639,1,594
698,639,1,594
694,637,1,595
694,637,1,596
694,637,1,596
694,635,0,597
691,633,0,598
691,631,0,599
689,630,0,600
687,628,0,601
685,624,0,603
684,622,0,605
682,621,0,606
682,619,1,607
682,619,1,607
680,615,1,609
676,709,21,550
694,855,1,460
693,711,1,549
689,655,0,584
685,633,0,598
685,628,0,601
684,626,0,602
682,626,0,602
682,626,0,602
682,626,0,602
682,626,0,602
682,630,0,600
684,633,0,598
716,732,0,535
718,741,0,530
716,745,1,527
720,750,1,524
725,754,1,522
725,756,1,520
720,761,1,517
718,763,1,516
718,765,1,515
718,765,1,515
718,765,1,515
718,761,1,517
718,756,1,520
718,752,1,523
718,747,1,526
718,741,1,529
718,738,1,532
718,732,1,535
718,727,1,539
718,721,1,542
718,716,1,545
718,709,1,550
718,702,1,555
718,696,1,558
718,691,1,561
718,687,1,563
718,685,1,565
716,684,1,566
716,682,1,567
718,678,1,569
716,676,1,570
718,727,0,538
721,734,0,534
721,738,1,532
723,741,1,529
727,741,1,529
725,738,1,532
734,738,1,532
736,738,1,532
730,738,1,532
729,734,1,534
730,730,1,536
734,727,1,538
730,727,1,538
727,723,1,541
727,721,0,542
725,721,0,542
725,720,0,543
721,716,0,545
720,714,1,546
718,711,1,549
718,705,1,552
718,702,1,554
718,698,1,557
718,696,1,558
718,693,1,560
720,693,1,560
716,691,1,561
716,691,1,561
716,691,1,561
730,736,1,533
730,741,1,530
734,799,0,494
738,801,0,492
725,655,1,584
738,635,69,597
730,673,1,573
738,732,1,535
725,664,1,578
732,729,1,537
736,754,1,521
721,640,1,593
730,716,0,545
734,741,0,529
736,754,0,521
736,759,0,518
736,761,0,517
736,761,0,517
732,763,0,516
730,761,0,517
730,754,1,522
729,745,1,527
730,738,1,532
730,734,1,534
730,732,1,535
734,729,1,537
736,727,1,538
730,723,1,541
729,721,0,542
727,720,0,543
725,718,0,544
725,720,1,543
725,725,1,540
725,732,1,535
725,734,1,534
725,736,1,533
730,741,1,530
729,743,0,528
729,747,0,526
727,754,0,522
729,756,0,520
730,759,0,518
730,763,0,516
730,766,0,514
736,768,0,512
720,633,0,598
734,711,1,549
736,741,1,530
718,608,1,614
730,702,1,554
736,738,1,532
718,594,1,623
730,694,1,559
736,729,1,537
736,743,0,528
734,752,0,523
736,752,0,523
736,748,0,525
734,741,0,529
734,738,0,532
732,732,0,535
730,727,0,538
730,723,1,541
729,720,1,543
727,714,1,546
727,712,1,548
727,709,1,550
725,705,1,552
725,702,1,555
723,700,1,556
723,698,1,557
720,694,1,559
721,808,0,488
721,813,0,485
723,817,0,483
725,817,1,482
727,817,1,482
727,817,1,482
727,813,1,485
730,811,1,486
730,806,1,489
730,801,1,492
730,793,1,497
730,788,0,500
730,781,0,505
729,772,0,510
729,766,0,514
729,757,0,519
730,754,0,522
730,748,0,525
730,743,0,528
730,738,1,532
730,732,1,535
730,727,1,538
729,723,1,541
727,720,1,543
727,716,1,545
723,712,1,548
721,709,1,550
729,734,1,534
727,739,1,531
729,745,0,527
723,754,0,521
723,754,0,521
730,757,0,519
734,765,0,515
729,770,0,511
727,774,0,509
727,775,0,508
727,777,1,507
729,777,1,507
730,779,1,506
729,777,1,507
729,772,1,510
729,770,1,511
729,768,1,512
727,763,1,516
729,756,0,520
727,750,0,524
727,747,0,526
727,741,0,529
729,739,0,531
725,736,0,533
725,732,0,535
725,727,0,538
727,727,1,539
727,723,1,541
727,721,1,542
730,720,1,543
730,718,1,544
732,714,1,546
727,712,1,548
727,711,1,549
727,707,1,551
727,703,1,553
727,702,0,555
727,700,0,556
729,698,0,557
729,696,0,558
729,694,0,559
727,691,0,561
727,693,1,560
727,689,1,562
727,687,1,563
725,687,1,563
725,687,1,563
723,687,1,564
723,687,1,564
723,685,1,565
734,721,0,542
736,730,1,536
736,739,1,531
734,536,69,659
723,653,1,585
730,705,1,552
729,730,1,536
730,750,1,524
730,766,1,514
730,774,1,509
730,779,0,506
734,779,0,506
734,783,0,504
736,786,0,501
738,790,0,499
723,658,0,582
730,734,0,534
734,768,0,513
736,786,1,501
736,678,69,569
727,696,1,558
736,752,1,523
723,624,1,603
730,720,1,543
738,754,1,521
725,657,1,583
734,721,0,542
738,734,68,534
723,655,0,584
734,711,0,549
736,729,0,537
738,738,0,532
720,615,0,609
730,689,0,562
734,711,1,549
736,720,1,543
736,721,1,542
738,723,1,541
720,615,1,609
730,685,1,565
712,712,0,548
712,714,1,546
714,720,1,543
714,725,1,540
716,729,1,537
718,732,1,535
718,736,1,533
718,741,1,530
720,745,1,527
721,752,1,523
721,759,1,518
725,765,1,515
729,768,0,512
729,772,0,510
729,779,0,506
730,781,0,505
732,784,0,503
734,786,0,501
736,790,1,499
736,792,1,498
738,792,1,498
725,651,1,586
734,720,1,543
736,619,69,607
730,651,1,586
725,525,1,666
730,662,1,579
738,675,69,571
725,622,1,605
734,694,1,559
738,714,1,546
738,720,1,543
738,723,0,541
738,649,68,588
723,631,1,599
729,689,1,562
730,703,1,553
732,711,1,549
734,714,1,547
721,754,0,522
721,763,1,516
721,772,1,510
725,781,1,505
729,786,1,501
730,792,1,498
732,799,1,494
732,801,1,493
732,801,1,493
734,801,1,493
736,801,0,492
736,804,0,490
736,808,0,488
730,577,68,633
730,707,0,551
736,752,0,523
725,558,0,646
729,702,0,555
734,741,1,529
736,761,1,517
736,770,1,511
736,660,69,581
725,671,1,574
734,723,1,541
736,741,1,529
738,752,1,523
720,592,1,624
729,684,1,566
734,712,0,548
734,723,0,541
736,729,0,537
730,505,68,678
727,639,0,594
736,691,0,561
738,707,1,551
707,702,0,554
709,711,1,549
709,721,1,542
712,730,1,536
712,741,1,530
712,752,1,523
712,756,1,520
712,759,1,518
714,765,1,515
714,766,1,514
716,766,1,514
718,768,1,512
718,772,0,510
721,774,0,509
723,775,0,508
725,779,0,506
725,777,0,507
725,777,0,507
725,775,1,508
725,768,1,512
725,759,1,518
725,754,1,522
725,747,1,526
723,741,1,530
725,736,1,533
725,729,1,537
725,727,1,538
725,727,1,539
725,723,0,541
725,721,0,542
725,718,0,544
725,714,0,546
725,712,0,548
723,711,0,549
732,588,68,626
732,694,0,559
734,748,1,525
734,777,1,507
734,799,1,494
734,813,1,485
734,824,1,478
734,829,1,475
734,835,1,472
736,835,1,471
723,640,0,593
732,756,0,520
736,797,0,495
738,815,0,484
721,637,0,596
730,745,0,527
738,784,0,502
725,655,0,584
738,739,0,531
723,651,1,586
736,730,1,536
721,628,1,601
734,718,1,544
732,581,69,631
727,685,1,565
734,727,1,539
736,745,1,527
725,545,1,653
729,685,1,565
734,720,0,543
736,734,0,534
736,739,0,531
736,741,0,529
734,675,0,571
736,675,0,571
721,556,1,647
711,662,1,580
734,669,1,575
727,507,69,677
721,637,1,595
725,675,1,572
729,685,0,565
730,691,0,561
734,694,0,559
736,703,0,553
730,545,68,653
729,662,0,580
736,709,0,550
732,585,68,628
736,687,0,563
736,729,0,537
730,583,69,630
730,696,1,558
738,743,69,528
727,673,1,573
738,739,1,531
725,662,1,579
736,736,1,533
723,622,1,605
736,723,0,541
725,633,0,598
736,730,0,536
725,633,0,598
736,727,0,538
725,633,0,598
734,727,0,539
725,655,0,584
736,732,0,535
725,662,1,579
738,709,69,550
730,676,1,570
727,572,69,636
734,694,1,559
723,579,1,632
730,689,1,562
738,727,1,539
725,648,0,589
734,703,0,553
736,723,0,541
734,586,68,627
725,658,0,582
734,554,69,648
732,649,1,588
723,570,0,638
738,675,0,572
727,637,0,596
727,563,68,642
739,612,68,612
741,678,68,569
734,577,68,633
727,631,0,599
734,585,68,629
734,660,0,581
732,595,68,622
729,590,68,625
741,685,69,565
727,658,1,582
734,606,69,615
729,662,1,579
729,613,69,610
738,721,69,542
727,684,0,566
730,622,68,605
736,727,0,538
725,667,0,576
730,615,68,609
727,669,0,575
730,599,69,619
739,720,69,543
727,669,1,575
725,581,1,631
739,707,69,551
727,653,1,585
727,558,69,645
736,685,1,565
721,622,0,605
738,698,0,557
727,651,0,586
738,703,0,553
727,639,0,594
738,642,68,592
736,691,0,561
736,694,0,559
732,520,68,669
730,639,0,594
736,685,0,565
721,585,0,629
734,673,0,573
734,489,68,688
727,601,0,618
736,667,0,576
720,689,1,562
709,703,1,553
720,712,1,548
721,720,1,543
727,723,1,541
725,727,1,539
734,738,0,532
734,741,0,529
732,745,0,527
736,754,0,522
729,549,68,651
736,565,68,641
730,649,0,588
721,606,0,615
738,693,0,560
725,648,0,589
738,720,1,543
723,648,1,589
738,718,69,544
727,667,1,576
738,675,69,572
729,682,1,567
738,727,69,539
727,675,1,572
736,646,68,590
729,676,0,570
738,741,0,530
725,660,0,581
736,727,0,538
721,633,0,598
736,714,0,546
721,631,0,599
734,711,1,549
738,678,69,569
727,658,1,582
738,714,1,547
723,622,1,605
734,698,1,557
738,639,69,594
727,646,1,590
736,702,1,554
738,718,1,544
721,603,1,617
734,689,1,562
736,711,1,549
711,662,0,579
711,666,0,577
711,667,0,576
712,669,1,575
712,673,1,573
711,675,1,572
711,675,1,571
712,676,1,570
712,682,1,567
712,684,1,566
712,687,1,564
712,687,0,564
716,687,0,563
725,691,0,561
732,698,0,557
738,705,0,552
725,630,0,600
714,516,68,671
702,577,0,633
707,597,1,621
716,673,1,573
720,698,1,557
721,711,1,549
725,720,1,543
725,725,1,540
727,727,1,538
727,730,1,536
729,732,1,535
730,736,1,533
734,738,0,532
736,741,0,530
723,642,0,592
734,709,0,550
736,727,0,539
736,732,0,535
734,734,1,534
736,732,1,535
738,732,1,535
721,624,1,604
734,698,1,557
734,714,1,547
736,720,1,543
723,558,1,646
730,675,1,571
736,703,1,553
721,612,1,612
734,687,1,563
725,549,0,651
729,653,0,585
736,693,1,560
721,597,1,621
734,682,1,567
730,579,69,632
732,675,1,572
734,606,69,615
730,676,0,570
738,675,68,571
729,673,0,573
734,606,68,615
734,696,0,558
727,595,68,622
736,720,0,543
725,637,0,596
736,603,68,617
725,606,0,615
739,664,69,578
727,590,1,625
739,669,69,575
727,590,69,625
738,702,69,554
727,667,1,576
732,612,69,611
734,698,1,557
725,657,0,583
730,601,68,618
736,711,0,549
727,667,0,576
729,590,68,625
736,707,0,551
725,649,0,587
734,604,68,616
734,687,1,563
723,633,1,598
738,682,69,567
729,662,1,579
729,559,69,644
734,678,1,569
723,610,0,613
738,649,68,588
730,649,0,587
721,568,0,639
736,682,0,567
721,534,0,660
736,642,0,592
721,561,0,643
734,658,0,582
732,531,68,662
739,624,68,604
741,540,68,657
732,585,0,628
725,516,0,671
738,637,0,596
721,567,0,640
730,543,68,654
738,586,69,627
723,568,1,639
743,558,68,645
700,527,68,664
691,514,68,672
716,624,0,603
732,676,0,570
727,554,68,648
730,662,0,580
734,613,68,610
730,660,0,581
721,586,0,627
736,678,0,569
725,633,0,598
723,588,1,626
739,685,69,565
729,649,1,587
725,585,1,629
738,687,1,564
729,640,1,593
725,572,0,637
736,687,0,564
725,633,0,598
729,570,68,638
736,676,0,570
725,637,0,596
736,635,68,597
730,666,0,577
721,590,0,625
736,689,0,562
723,594,1,623
738,689,1,562
727,635,1,597
730,563,69,642
738,631,69,599
730,639,1,594
721,577,0,633
738,673,0,573
727,624,0,604
732,687,0,563
736,693,0,560
736,696,0,558
723,541,0,655
736,642,0,592
727,563,0,642
736,550,68,650
736,612,0,612
730,583,0,630
721,558,0,646
738,608,68,614
727,597,0,621
727,538,69,658
739,626,69,602
734,621,1,606
727,601,1,618
723,554,1,648
739,648,69,589
730,639,0,594
723,599,0,619
729,558,68,646
738,673,68,573
727,640,0,593
730,576,68,634
732,684,0,566
725,568,0,639
734,702,0,554
721,637,0,596
736,723,1,541
725,651,1,586
738,680,69,568
730,682,1,567
730,581,69,631
736,696,1,558
725,649,0,587
734,592,68,624
734,687,0,563
721,624,0,604
736,714,0,547
725,655,0,584
738,669,68,575
729,667,0,576
727,556,68,647
730,678,0,569
721,576,1,634
734,676,1,570
720,588,1,626
734,678,1,569
720,594,1,623
734,675,1,571
725,531,1,662
730,658,1,582
734,563,68,642
732,691,0,561
734,572,69,636
730,637,1,595
736,700,1,556
738,723,1,541
738,743,1,528
727,561,69,643
730,694,0,559
738,741,0,530
725,664,0,578
736,734,0,534
725,590,0,625
730,714,0,547
738,765,0,515
725,651,0,586
734,599,68,619
734,684,0,566
723,633,1,598
738,727,1,539
725,649,1,588
736,736,1,533
723,651,1,586
738,741,1,530
727,673,0,573
738,748,0,525
727,671,0,574
738,745,0,527
725,660,0,581
736,736,0,533
721,628,0,601
734,716,0,545
738,748,0,525
734,585,68,628
727,675,1,572
734,716,1,545
738,729,1,537
723,626,1,602
730,693,1,560
734,712,1,548
736,721,1,542
705,655,0,584
707,657,0,583
671,752,29,523
707,878,1,446
712,752,1,523
711,707,1,551
711,691,1,561
714,687,1,564
714,687,0,564
712,687,0,563
709,689,0,562
709,694,0,559
712,698,0,557
712,702,0,554
714,709,0,550
718,714,0,547
716,718,0,544
720,720,0,543
723,723,1,541
725,727,1,538
729,730,1,536
730,734,1,534
730,738,1,532
734,739,1,531
732,739,0,531
732,739,1,531
734,739,0,531
734,739,0,531
734,741,0,529
734,747,0,526
736,750,0,524
736,754,0,522
734,754,0,522
734,752,0,523
734,748,1,525
736,745,1,527
736,743,1,528
739,741,69,530
723,631,1,599
730,691,1,561
734,707,1,551
736,714,1,546
738,718,0,544
738,720,0,543
725,644,0,591
727,684,0,566
729,691,0,561
727,694,0,559
727,696,0,558
727,696,0,558
725,694,0,559
725,691,1,561
723,689,1,562
725,687,1,563
725,687,1,564
723,687,0,564
721,685,0,565
720,684,0,566
720,680,0,568
718,678,0,569
718,678,0,569
718,678,0,569
716,676,0,570
716,675,0,571
714,673,0,573
712,671,0,574
716,669,0,575
716,669,0,575
721,673,1,573
725,676,1,570
729,680,1,568
730,685,1,565
723,687,0,564
729,689,0,562
730,698,0,557
714,703,0,553
716,709,0,550
718,716,0,545
727,725,0,540
736,738,0,532
727,550,68,650
736,572,68,637
727,658,0,582
730,558,68,645
734,685,1,565
723,594,1,623
739,628,69,601
741,595,69,622
736,664,1,578
725,603,1,617
738,579,68,632
734,669,0,575
721,619,0,607
739,718,68,544
727,673,0,573
734,622,68,605
730,703,0,553
730,595,68,622
734,720,0,543
723,621,0,606
738,738,1,532
725,669,1,575
736,622,69,605
730,698,1,557
727,570,69,638
739,604,69,616
734,660,1,581
725,621,1,606
732,572,68,637
734,682,0,567
721,615,0,609
738,709,0,550
725,646,0,590
736,588,68,626
730,662,0,579
734,572,68,637
727,657,1,583
738,707,1,551
725,626,1,602
736,689,1,562
723,603,1,617
729,687,1,563
730,689,1,562
732,694,1,559
734,698,0,557
734,703,0,553
734,709,0,550
736,714,0,547
738,718,0,544
720,585,0,628
730,685,0,565
736,714,0,547
718,583,0,630
730,684,0,566
730,531,68,662
739,637,68,595
727,613,1,610
736,554,69,648
734,640,1,593
723,588,1,626
739,586,69,627
732,639,1,594
721,599,1,619
738,702,0,555
725,639,0,594
738,658,68,582
729,669,0,575
734,590,68,625
729,685,0,565
734,590,68,625
730,689,0,562
730,574,68,635
734,702,1,555
723,603,1,617
736,716,1,545
721,626,1,602
739,714,69,547
729,669,1,575
727,550,69,650
730,694,1,559
730,702,0,555
736,721,0,542
721,541,0,655
734,673,1,573
736,703,1,553
736,714,1,547
736,714,1,546
693,649,0,587
694,657,1,583
702,662,1,579
707,675,1,572
712,685,1,565
709,696,1,558
709,703,1,553
707,714,1,547
707,723,1,541
707,732,0,535
707,739,0,531
707,745,0,527
707,748,0,525
707,748,0,525
707,748,0,525
709,750,0,524
709,750,0,524
711,754,1,522
711,752,1,523
712,747,1,526
714,743,1,528
714,741,1,530
716,736,1,533
716,730,1,536
716,727,1,538
716,723,1,541
716,705,0,552
721,702,0,554
725,702,1,555
725,698,1,557
721,696,1,558
720,691,1,561
716,673,0,573
712,676,0,570
707,676,0,570
694,702,1,554
693,687,1,563
693,678,0,569
691,675,0,572
691,669,0,575
689,666,0,577
689,662,0,580
689,658,0,582
687,657,0,583
687,653,0,585
689,649,1,587
691,649,1,588
689,653,1,585
685,651,1,586
685,651,1,586
691,651,0,586
691,651,0,586
691,653,0,585
691,651,0,586
689,651,0,586
685,651,0,586
685,651,0,586
684,651,0,586
685,649,1,587
684,649,1,587
684,651,1,586
682,653,1,585
689,655,1,584
689,655,1,584
689,657,1,583
689,655,1,584
685,655,0,584
685,653,0,585
684,653,0,585
682,649,0,587
723,612,0,611
734,702,0,555
730,720,0,543
729,730,1,536
723,738,1,532
720,743,1,528
718,752,1,523
718,756,1,520
720,761,1,517
723,765,1,515
721,768,1,513
725,770,1,511
727,772,0,510
725,775,0,508
721,779,0,506
721,781,0,505
721,783,0,504
721,781,0,505
721,774,0,509
721,772,1,510
723,770,1,511
720,748,1,525
718,741,1,530
716,730,1,536
712,721,0,542
711,714,0,546
712,709,0,550
711,705,0,552
711,702,0,554
709,700,0,556
709,696,0,558
709,693,0,560
707,687,1,563
727,588,0,626
738,680,68,568
736,635,0,597
729,538,69,658
734,532,69,661
734,640,1,593
723,612,1,612
739,705,69,552
727,615,1,609
736,711,1,549
732,572,69,636
730,700,0,556
738,761,0,517
720,649,0,588
729,745,0,527
727,590,68,625
703,549,68,651
703,624,0,604
716,709,0,550
725,763,1,516
730,793,1,497
734,815,1,484
730,599,69,619
730,720,1,543
738,770,69,511
725,678,1,569
736,743,1,528
730,574,68,635
725,691,0,561
730,732,0,535
734,747,0,526
736,752,0,523
736,754,0,522
738,754,0,521
723,649,0,588
725,579,1,632
736,680,1,568
730,594,0,623
725,579,0,632
727,527,68,664
739,631,68,599
734,639,0,594
725,604,0,616
727,540,68,657
739,594,68,623
734,649,0,587
734,547,68,652
736,635,0,597
725,610,0,613
738,603,69,617
732,673,1,573
723,603,1,617
739,702,69,554
729,662,1,579
729,572,69,637
739,714,68,547
729,666,0,577
727,574,68,635
721,567,68,640
723,552,68,649
725,660,0,581
738,734,0,534
725,660,0,581
738,675,68,571
730,585,69,629
732,698,1,557
727,586,1,627
736,711,1,549
725,622,1,605
738,714,1,547
727,639,1,594
739,703,69,553
727,644,1,591
738,709,1,550
727,626,0,602
734,698,0,557
738,725,0,540
725,610,0,613
730,691,0,561
730,694,0,559
736,541,68,656
734,478,68,694
716,576,1,634
725,658,1,582
739,642,69,592
730,626,1,602
727,531,69,662
732,662,1,579
739,707,68,551
727,640,0,593
738,684,68,566
729,655,0,584
738,649,68,587
730,667,0,576
723,599,0,619
736,702,0,554
727,649,0,587
736,621,68,606
732,689,1,562
725,592,1,624
739,693,69,560
730,678,1,569
725,635,1,597
725,648,1,589
734,599,68,620
727,640,1,593
730,585,69,628
738,694,1,559
727,648,1,589
727,565,69,641
738,694,1,559
727,640,1,593
727,549,69,651
736,678,1,569
725,617,1,608
730,536,68,659
739,572,68,637
734,626,0,602
725,581,0,631
736,588,69,626
734,657,1,583
725,608,0,614
736,601,68,618
734,667,0,576
727,633,0,598
734,597,68,621
736,678,0,569
727,626,0,602
732,585,68,629
738,682,0,567
727,628,0,601
732,599,68,620
738,696,0,558
729,657,0,583
727,594,69,623
738,669,69,575
734,675,1,572
727,637,1,596
730,592,69,624
738,662,69,579
734,673,1,573
727,639,1,594
727,583,68,630
738,646,68,590
734,675,0,571
727,631,0,599
734,594,68,623
736,687,0,564
727,644,0,591
727,572,68,636
739,684,69,566
730,657,1,583
725,612,1,612
732,572,69,636
738,673,1,573
729,635,1,597
725,583,0,630
738,684,68,566
729,644,0,591
725,550,0,650
736,675,0,572
727,615,0,609
734,572,68,637
727,725,0,540
730,736,0,533
732,743,0,528
734,752,1,523
734,757,1,519
734,765,1,515
736,768,1,513
736,770,1,511
738,774,1,509
738,772,0,510
721,595,0,622
730,702,0,555
736,734,0,534
732,714,0,547
736,730,0,536
736,738,1,532
738,732,1,535
738,727,1,538
725,513,1,673
727,657,1,583
732,687,1,564
734,696,1,558
736,700,1,556
734,700,0,556
734,698,0,557
734,698,0,557
732,696,0,558
732,703,1,553
730,721,1,542
738,739,1,531
721,646,0,590
729,716,0,545
732,748,0,525
732,770,0,511
734,786,0,501
734,799,0,494
736,808,0,488
738,815,0,484
734,613,69,610
729,720,1,543
738,779,1,506
725,669,1,575
736,754,1,521
725,642,1,592
736,741,1,529
727,676,1,570
730,594,69,623
734,705,0,552
725,628,0,601
738,727,0,539
725,637,0,595
736,723,0,541
721,613,0,610
725,563,0,642
734,698,1,557
725,568,1,639
734,685,1,565
725,554,1,648
730,675,1,571
734,558,69,646
729,655,1,584
738,700,69,556
727,633,1,598
738,694,0,559
727,631,0,599
736,666,0,577
734,459,68,706
721,558,0,645
730,649,0,587
721,534,0,660
736,644,0,591
727,585,0,629
725,534,0,660
736,649,0,587
725,572,0,637
739,655,68,584
729,630,1,600
736,590,69,625
727,644,1,591
736,644,69,591
725,579,1,632
738,702,1,555
727,640,0,593
736,608,68,614
730,669,0,575
736,599,68,619
741,612,68,611
730,583,68,630
727,615,0,609
736,714,0,546
736,594,68,623
730,581,68,631
732,696,1,558
736,716,0,545
727,664,0,578
730,604,68,616
736,714,0,546
727,653,0,585
736,595,68,622
734,685,0,565
729,621,0,606
736,597,69,621
734,682,1,567
725,628,1,601
734,577,69,633
736,678,1,569
727,633,1,598
730,567,69,640
736,675,1,571
729,635,0,597
729,563,68,642
727,572,1,636
734,536,68,659
736,536,68,659
727,498,68,682
734,622,0,605
723,568,0,639
743,549,68,651
734,622,0,605
727,604,0,616
727,538,68,658
738,576,68,634
736,626,0,602
727,558,0,645
729,595,1,622
725,554,1,648
745,572,69,636
734,543,69,654
738,538,68,658
741,554,68,648
754,568,68,639
739,550,68,650
727,610,0,613
730,570,68,638
739,662,68,580
727,550,68,650
734,669,0,575
729,558,68,646
734,669,0,575
727,617,0,608
736,624,69,604
738,696,69,558
730,648,1,589
727,612,1,612
730,576,69,634
739,637,69,595
736,666,0,577
730,648,0,589
725,583,0,630
734,588,68,626
734,660,0,581
729,612,0,612
736,585,69,629
732,642,1,592
721,585,1,628
738,622,69,605
730,640,1,593
725,541,1,656
734,660,1,581
721,568,0,639
729,491,69,686
729,621,1,606
727,514,68,672
727,498,68,682
734,615,0,609
727,576,0,634
727,594,0,623
727,532,68,661
739,595,68,622
734,637,0,596
729,608,0,614
730,568,68,639
736,669,1,575
729,617,1,608
734,586,69,627
745,622,69,605
730,651,1,586
729,581,69,631
739,682,68,567
727,639,0,594
732,594,68,623
734,599,68,620
730,585,68,628
730,648,0,589
732,601,68,618
732,680,0,568
729,597,68,621
738,709,68,550
725,635,1,597
732,604,69,616
738,698,1,557
727,628,1,601
725,610,0,613
730,567,68,640
738,682,1,567
730,646,1,590
723,599,1,620
734,568,69,639
734,658,1,582
727,603,1,617
736,585,69,629
732,644,1,591
732,648,1,589
734,541,69,656
732,644,1,591
727,522,68,668
734,651,0,586
727,565,0,641
738,666,68,577
730,621,0,606
725,538,0,658
736,662,0,579
730,604,0,616
730,541,68,655
734,640,0,593
725,601,0,618
727,554,68,648
716,617,1,608
738,666,69,577
736,682,0,567
730,658,0,582
725,635,0,597
729,592,68,624
739,689,68,562
734,680,0,568
725,639,0,594
727,585,68,628
738,624,69,604
738,687,1,563
730,660,1,581
727,631,1,599
727,581,69,631
732,592,69,624
727,642,1,592
725,585,1,628
730,579,68,632
739,664,68,578
734,660,0,581
725,621,0,606
727,565,68,641
739,648,68,589
732,658,1,582
725,610,1,613
734,570,69,638
738,667,1,576
729,630,1,600
723,581,1,631
736,576,69,634
736,687,0,564
721,563,0,642
734,669,0,575
725,500,0,681
736,658,0,582
725,572,0,637
734,531,68,662
732,646,0,590
723,531,0,662
734,664,0,578
721,558,0,646
734,671,1,574
721,594,1,623
738,689,1,562
729,633,1,598
725,541,1,655
739,631,69,599
730,624,0,603
727,538,68,658
739,621,68,606
734,531,68,662
729,604,0,616
727,540,68,657
734,599,0,620
730,536,68,659
736,527,68,664
739,601,68,618
727,599,1,619
727,538,69,658
738,549,69,651
734,613,1,610
736,541,69,655
730,594,1,623
738,684,1,566
727,529,1,663
732,662,0,579
734,581,68,631
729,642,0,592
738,703,68,553
725,597,0,621
734,676,0,570
736,581,68,631
730,644,0,591
738,696,1,558
721,554,1,648
730,653,1,585
736,579,69,632
725,583,1,630
734,666,1,577
730,520,69,669
730,633,1,598
736,685,0,565
727,486,68,690
730,628,0,601
739,523,68,667
725,558,0,646
727,649,0,587
734,676,0,570
729,691,0,561
736,702,0,554
738,712,0,548
725,613,0,610
736,693,0,560
725,550,0,650
734,673,1,573
738,718,1,544
727,628,1,601
736,597,69,621
736,639,1,594
711,613,0,610
718,673,0,573
709,563,0,642
725,577,68,633
716,640,0,593
723,444,69,714
716,432,69,722
720,433,69,721
718,448,69,712
712,451,68,710
712,451,68,710
707,644,0,591
711,664,0,578
718,676,0,570
718,687,0,563
711,487,68,689
711,613,0,610
718,673,0,573
709,563,0,642
725,577,68,633
709,572,0,636
720,671,1,574
716,574,1,635
718,527,69,664
707,525,1,666
714,644,1,591
720,655,69,584
712,585,0,628
718,678,0,569
712,545,68,653
716,666,0,577
709,538,68,658
712,635,0,597
714,651,0,586
716,658,0,582
712,662,0,580
714,594,1,623
718,561,0,643
709,504,68,679
721,504,68,679
716,642,0,592
707,527,0,664
707,468,0,700
729,460,68,705
716,455,69,708
714,540,1,657
707,518,1,670
716,538,69,658
718,610,0,613
709,577,0,633
707,516,0,671
720,637,0,595
718,568,68,639
720,626,0,602
707,563,0,642
712,520,68,669
720,642,0,592
712,612,0,612
712,549,1,651
720,550,1,650
721,567,69,640
714,525,69,666
727,558,69,645
712,577,1,633
707,550,1,650
721,612,69,611
718,635,0,597
716,648,1,589
720,711,0,549
716,691,0,561
718,712,0,548
712,473,68,697
707,541,0,655
718,538,68,658
720,606,0,615
712,595,0,622
709,568,1,639
714,563,0,642
718,495,68,684
712,563,0,642
714,453,68,709
723,520,68,669
705,455,0,708
721,541,68,655
707,448,0,712
712,599,0,620
716,493,68,685
712,516,1,671
714,478,69,694
712,577,1,633
712,473,69,697
712,590,1,625
712,651,0,586
712,651,0,586
714,649,0,587
712,649,0,587
716,651,1,586
716,658,1,582
720,633,0,598
711,556,0,647
716,646,0,590
709,495,68,684
709,579,0,632
718,657,0,583
709,579,0,632
718,657,0,583
709,498,68,682
716,621,0,606
707,545,0,653
712,653,68,585
707,567,68,640
703,606,1,615
721,617,69,608
711,644,1,591
707,505,0,678
723,585,69,628
707,549,1,651
718,644,1,591
707,495,1,684
716,633,1,598
712,498,68,682
712,622,0,605
720,543,68,654
712,592,0,624
711,505,68,678
716,624,0,603
718,599,0,620
714,581,0,631
718,673,0,573
714,597,0,621
718,684,0,566
711,570,1,638
716,667,1,576
718,671,69,574
716,671,1,574
720,685,1,565
711,545,1,653
714,655,1,584
720,678,0,569
718,687,0,564
718,682,0,567
709,583,1,630
716,673,1,573
716,543,69,654
718,669,0,575
720,671,0,574
711,480,69,693
714,626,1,602
720,599,69,620
716,612,1,612
709,502,69,680
718,631,0,599
709,534,0,660
720,640,0,593
712,588,0,626
727,514,68,672
716,507,68,677
720,511,68,674
714,514,68,672
723,536,68,659
709,585,0,628
714,565,69,641
712,599,1,619
718,595,69,622
705,561,68,643
700,559,68,644
716,660,0,581
711,577,68,633
720,664,68,578
716,628,1,601
709,576,69,634
718,644,1,591
712,473,69,697
712,577,1,633
718,649,1,587
707,507,0,677
720,626,68,602
712,451,68,710
718,486,68,690
716,473,68,697
712,581,0,631
721,613,68,610
711,543,0,654
716,642,0,592
712,527,68,665
707,604,1,616
718,684,1,566
712,532,69,661
709,613,1,610
716,689,1,562
707,534,1,660
716,669,0,575
712,541,68,655
709,622,0,605
718,702,0,554
707,543,0,654
718,675,0,572
709,585,0,628
720,617,68,608
709,577,0,633
718,676,0,570
709,540,69,657
714,655,1,584
709,550,69,650
714,644,1,591
712,554,69,648
709,583,1,630
716,673,1,573
709,586,1,627
721,687,69,564
714,628,1,601
718,585,68,628
714,631,0,599
712,541,68,656
716,655,0,584
714,642,0,592
712,644,0,591
712,642,0,592
712,644,0,591
712,644,0,591
712,644,0,591
711,644,0,591
703,646,0,590
702,648,1,589
702,651,1,586
703,653,1,585
718,653,1,585
712,669,0,575
716,671,0,574
714,675,0,572
712,675,1,571
718,675,1,571
716,676,1,570
718,678,1,569
716,675,1,571
718,673,1,573
714,673,1,573
716,673,1,573
711,657,0,583
707,658,0,582
709,666,0,577
712,669,0,575
716,671,0,574
714,675,0,572
712,675,1,571
718,675,1,571
716,676,1,570
718,678,1,569
716,675,1,571
718,673,1,573
714,673,1,573
716,673,1,573
714,671,1,574
712,669,1,575
712,667,0,576
714,705,0,552
714,712,0,548
714,721,0,542
716,729,0,537
718,738,0,532
718,747,0,526
716,511,68,674
707,613,1,610
712,687,1,563
718,727,1,539
716,522,69,668
716,635,1,597
720,707,1,551
720,514,68,672
714,712,0,548
714,721,0,542
716,729,0,537
718,738,0,532
718,747,0,526
716,511,68,674
707,613,1,610
712,687,1,563
718,727,1,539
716,522,69,668
716,635,1,597
720,707,1,551
720,514,68,672
712,595,0,622
711,675,0,571
712,716,0,545
718,739,0,531
718,696,68,558
705,547,0,652
709,657,0,583
718,702,0,554
716,504,68,679
707,509,0,676
712,642,1,592
714,689,1,562
718,714,1,547
720,729,1,537
712,577,1,633
707,469,1,699
712,624,1,604
712,662,1,579
716,495,68,684
712,594,0,623
718,671,0,574
712,518,68,670
707,635,0,597
716,702,0,555
720,741,1,530
721,471,69,698
707,523,1,667
721,511,69,674
718,468,68,701
709,468,68,701
712,570,0,638
721,655,68,584
716,495,68,684
712,594,0,623
718,671,0,574
712,518,68,670
707,635,0,597
716,702,0,555
720,741,1,530
707,628,1,601
716,714,1,547
707,577,1,633
716,698,1,557
707,549,1,651
716,691,0,561
709,554,68,648
718,687,0,563
709,612,0,612
718,617,68,608
716,657,0,583
707,556,0,647
721,628,68,601
712,624,0,603
707,552,0,649
718,687,1,563
711,628,1,601
716,567,69,640
716,662,1,579
707,585,1,628
720,687,1,564
709,626,1,602
718,554,69,648
720,662,0,580
707,536,0,659
705,482,1,692
711,622,1,605
721,509,69,676
711,453,69,709
712,595,1,622
714,651,1,586
718,673,0,573
712,482,68,692
707,599,0,619
712,595,1,622
714,651,1,586
718,673,0,573
712,482,68,692
707,599,0,619
709,662,0,579
716,687,0,563
718,705,0,552
725,507,68,677
707,500,0,681
712,637,0,596
709,558,0,646
707,514,1,672
716,653,1,585
707,527,1,664
714,657,1,583
712,529,69,663
712,642,1,592
716,558,68,645
705,563,68,642
698,507,68,677
698,585,0,628
712,675,0,572
720,723,0,541
707,588,0,626
716,687,0,563
709,581,0,631
718,689,0,562
707,541,1,656
716,666,1,577
709,518,69,670
714,651,1,586
709,516,69,671
716,660,1,581
709,505,0,678
714,655,0,584
711,516,68,671
711,639,0,594
718,691,0,561
707,558,0,645
718,666,1,577
718,671,1,574
718,673,0,573
718,675,0,572
718,675,0,572
718,675,0,571
716,669,0,575
720,563,68,642
705,489,1,687
714,617,1,608
709,466,69,702
712,626,1,602
711,478,68,694
718,621,0,606
712,468,68,700
709,540,0,657
727,489,68,688
721,466,68,702
718,468,68,701
727,489,68,688
721,466,68,702
718,468,68,701
712,468,68,701
716,473,68,697
709,475,68,696
712,599,0,620
711,505,68,678
721,612,69,611
714,498,69,682
712,495,69,684
714,606,1,615
714,682,0,567
718,723,0,541
709,516,68,671
712,657,0,583
718,718,0,544
707,559,0,644
714,678,0,569
720,734,0,534
712,586,0,627
716,691,0,561
712,525,68,666
712,657,0,583
718,718,1,544
712,585,1,629
718,687,1,563
709,567,1,640
718,675,1,571
709,552,1,649
718,673,0,573
707,549,0,651
716,667,0,576
712,662,0,580
718,671,1,574
721,558,69,645
721,513,69,673
718,480,69,693
718,585,1,629
712,523,0,667
703,473,0,697
716,610,0,613
709,648,0,589
712,662,0,580
720,671,0,574
707,513,0,673
716,478,68,694
720,457,68,707
709,493,0,685
720,468,68,700
711,507,68,677
720,617,0,608
709,574,0,635
727,568,68,639
709,568,0,639
707,513,0,673
721,639,68,594
712,565,0,641
716,531,68,662
712,590,0,625
712,491,68,686
714,608,0,614
714,511,69,674
716,619,1,607
707,572,1,637
712,552,69,649
716,639,0,594
711,561,68,643
718,662,0,579
712,568,68,639
709,567,68,640
720,628,68,601
711,579,68,632
709,487,68,689
721,628,68,601
714,585,0,629
707,541,0,655
716,543,68,654
718,619,0,607
712,583,0,630
716,529,69,663
721,648,69,589
716,536,69,659
723,538,69,658
716,543,68,654
711,547,68,652
712,613,0,610
716,581,68,631
712,568,68,639
714,642,0,592
720,572,68,637
712,565,0,641
712,527,68,665
721,579,68,632
709,527,68,665
709,529,69,663
716,550,69,650
714,556,68,647
727,572,68,637
709,612,0,611
709,570,68,638
718,577,68,633
721,657,68,583
712,631,0,599
712,500,68,681
721,628,68,601
709,567,0,640
705,541,0,656
718,523,68,667
718,615,0,609
707,547,0,652
716,531,68,662
716,599,1,619
714,478,68,694
712,480,68,693
711,484,68,691
709,491,68,686
712,489,68,687
712,558,0,646
711,568,0,639
709,482,68,692
709,462,68,704
716,603,1,617
709,637,0,595
718,664,0,578
718,563,68,642
709,603,0,617
720,669,0,575
709,576,0,634
720,559,68,644
711,608,0,614
712,486,68,690
703,529,0,663
709,651,1,586
709,653,1,585
709,651,1,586
709,653,1,585
709,655,1,584
711,658,1,582
711,658,0,582
709,660,0,581
711,662,0,580
711,664,0,578
712,666,0,577
712,669,0,575
716,671,0,574
716,675,0,572
716,675,0,571
716,680,0,568
716,682,1,567
718,684,1,566
705,556,1,647
712,664,1,578
712,664,1,578
718,662,0,579
698,469,0,699
709,615,0,609
712,648,0,589
716,655,0,584
714,475,68,696
711,601,0,618
709,646,0,590
696,648,1,589
714,658,1,582
716,442,69,715
703,466,1,702
712,612,1,612
711,462,69,704
712,421,68,728
705,453,0,709
707,592,0,624
716,646,0,590
718,545,68,653
709,608,0,614
718,516,68,671
707,538,0,658
716,511,68,674
721,619,68,607
709,556,68,647
721,585,68,629
718,567,68,640
711,541,69,656
723,592,69,624
709,552,68,649
709,554,68,648
716,558,68,645
712,610,0,613
711,550,69,650
709,550,69,650
716,558,68,646
709,572,69,637
721,588,69,626
709,568,68,639
718,585,68,629
709,572,0,637
725,556,68,647
716,547,68,652
723,552,68,649
718,549,68,651
725,556,68,647
716,558,68,645
714,559,68,644
714,568,68,639
712,568,68,639
721,547,68,652
712,547,68,652
712,556,69,647
709,556,68,647
720,576,68,634
712,568,68,639
711,568,68,639
709,572,68,636
712,577,68,633
712,585,68,628
714,588,68,626
716,595,69,622
718,599,69,620
720,576,68,634
712,568,68,639
711,568,68,639
709,572,68,636
712,577,68,633
712,585,68,628
714,585,68,628
714,586,68,627
714,588,68,626
716,595,69,622
718,599,69,620
718,597,69,621
721,603,69,617
721,608,69,614
721,610,69,613
721,613,68,610
720,610,68,613
718,606,68,615
718,608,68,614
718,603,68,617
718,597,68,621
730,583,68,630
741,563,68,642
727,556,68,647
727,567,68,640
730,572,68,637
729,576,68,634
730,581,68,631
736,585,68,628
736,588,68,626
743,606,68,615
738,597,69,621
734,603,69,617
734,604,69,616
732,608,69,614
730,610,69,613
730,583,68,630
741,563,68,642
727,556,68,647
727,567,68,640
730,572,68,637
729,576,68,634
730,581,68,631
736,585,68,628
736,588,68,626
743,606,68,615
738,597,69,621
734,603,69,617
734,604,69,616
732,608,69,614
730,610,69,613
730,612,69,612
727,610,68,613
729,610,68,613
723,568,69,639
712,552,68,649
716,561,68,643
714,558,68,645
711,563,68,642
709,565,68,641
709,568,68,639
709,612,0,611
721,585,68,629
718,583,68,630
721,594,69,623
721,594,69,623
725,594,69,623
721,585,69,629
716,558,68,645
712,558,68,645
716,558,68,645
712,558,68,645
712,561,69,643
711,559,69,644
709,558,69,645
709,561,69,643
711,545,68,653
709,574,0,635
718,563,68,642
712,561,68,643
725,592,68,624
718,572,68,636
716,572,68,636
716,581,68,631
718,563,68,642
712,561,68,643
725,592,68,624
718,572,68,636
716,572,68,636
716,581,68,631
718,576,68,634
721,585,68,629
727,588,68,626
739,608,68,614
734,601,69,618
732,601,69,618
732,604,69,616
732,606,69,615
712,541,68,656
720,610,68,613
709,547,68,652
709,547,69,652
703,556,69,647
723,595,69,622
709,572,69,637
721,646,68,590
716,583,68,630
716,583,68,630
720,586,68,627
721,586,68,627
725,594,68,623
729,597,68,621
709,572,69,637
723,617,69,608
725,558,68,646
714,545,68,653
714,552,68,649
714,561,69,643
718,561,69,643
718,570,69,638
732,604,69,616
725,583,69,630
745,612,69,612
734,597,68,621
730,599,68,619
727,604,68,616
725,606,68,615
725,612,68,612
721,601,68,618
721,599,68,619
712,554,69,648
712,554,69,648
712,558,69,645
716,561,69,643
718,565,68,641
725,567,68,640
718,572,68,636
714,572,68,636
743,592,69,624
727,581,69,631
725,583,68,630
725,585,68,628
732,590,68,625
738,594,68,623
739,599,68,619
738,594,68,623
739,599,68,619
736,601,68,618
732,603,68,617
732,608,68,614
734,608,68,614
745,653,68,585
734,608,68,614
729,610,68,613
727,608,69,614
727,608,69,614
727,612,69,611
727,612,69,611
725,610,69,613
725,610,69,613
725,608,68,614
723,606,68,615
723,599,68,620
721,594,68,623
725,597,68,621
727,597,68,621
712,563,68,642
716,543,68,654
709,541,68,655
718,559,68,644
709,556,68,647
727,595,68,622
712,563,68,642
723,633,68,598
712,572,68,637
716,637,1,596
716,588,69,626
718,590,69,625
723,595,69,622
727,601,69,618
730,601,69,618
732,608,68,614
732,610,68,613
712,565,68,641
712,572,68,637
712,574,69,635
716,581,69,631
711,579,68,632
709,599,1,619
716,574,69,635
707,588,1,626
711,574,0,635
716,545,68,653
712,545,68,653
711,550,68,650
712,558,68,646
711,565,68,641
712,570,68,638
712,576,68,634
718,538,68,658
714,540,68,657
716,552,68,649
712,550,68,650
712,554,68,648
709,594,0,623
716,568,68,639
712,568,68,639
716,536,68,659
716,543,68,654
716,541,68,655
720,552,69,649
721,552,69,649
721,558,69,646
718,563,69,642
716,567,69,640
718,567,69,640
718,570,68,638
714,572,68,637
714,576,68,634
718,610,68,613
720,594,68,623
718,534,68,660
716,538,68,658
712,538,68,658
714,541,68,655
718,541,68,655
720,549,68,651
723,552,68,649
727,556,68,647
729,559,69,644
727,568,69,639
725,565,69,641
725,572,69,636
716,579,68,632
718,581,68,631
718,567,68,640
709,541,68,655
709,547,68,652
711,549,68,651
732,595,68,622
720,565,68,641
718,567,68,640
734,601,68,618
743,577,68,633
738,577,68,633
743,577,69,633
754,624,69,604
739,588,69,626
732,590,69,625
718,588,68,626
716,534,68,660
718,538,68,658
716,534,68,660
718,538,68,658
716,541,68,655
716,547,68,652
712,554,68,648
712,558,68,646
718,561,68,643
716,567,68,640
718,570,68,638
745,660,0,581
752,698,0,557
739,610,69,613
745,644,69,591
752,621,69,606
734,608,69,614
730,608,69,614
729,610,69,613
711,561,68,643
709,541,1,656
720,559,69,644
709,547,69,652
721,581,68,631
709,561,68,643
709,608,0,614
718,577,68,633
714,577,68,633
712,585,68,629
714,594,68,623
712,599,68,619
716,604,68,616
716,613,68,610
718,615,68,609
718,619,68,607
734,655,68,584
736,664,68,578
738,662,68,580
712,570,68,638
711,543,69,654
709,550,69,650
712,556,69,647
711,561,68,643
712,570,68,638
712,576,68,634
712,585,68,629
714,590,68,625
727,640,69,593
730,640,69,593
745,655,68,584
709,545,69,653
709,550,69,650
711,558,68,646
721,572,68,637
718,574,68,635
718,583,68,630
718,585,68,628
718,588,68,626
714,572,68,636
712,570,68,638
716,545,69,653
716,550,69,650
725,568,68,639
721,568,68,639
720,572,68,637
720,574,68,635
732,603,68,617
727,585,68,629
727,585,68,628
720,572,69,637
718,567,68,640
716,561,68,643
716,561,69,643
721,561,69,643
721,567,69,640
721,570,68,638
714,572,68,636
714,572,68,636
712,576,68,634
718,577,68,633
716,581,68,631
721,585,68,628
720,585,68,628
721,558,69,645
721,558,69,645
739,570,69,638
730,565,68,641
725,565,68,641
721,567,68,640
716,567,68,640
716,570,68,638
720,572,68,636
727,574,68,635
736,585,68,629
727,585,68,629
720,583,68,630
712,568,68,639
709,550,1,650
716,561,69,643
712,556,68,647
712,558,69,645
712,558,68,645
711,561,68,643
709,563,68,642
709,567,68,640
720,583,68,630
712,568,68,639
711,570,68,638
709,570,68,638
712,570,68,638
716,547,68,652
716,549,68,651
714,550,69,650
714,552,69,649
709,554,69,648
721,577,69,633
711,565,69,641
716,613,1,610
712,572,68,636
709,572,68,637
721,588,68,626
709,574,68,635
711,608,0,614
716,579,68,632
712,576,68,634
712,612,0,611
712,585,68,629
712,570,69,638
714,570,69,638
718,568,69,639
718,572,69,637
725,576,68,634
721,577,68,633
718,577,68,633
718,585,68,629
716,577,69,633
714,570,69,638
718,572,68,637
718,576,68,634
721,581,68,631
721,579,68,632
723,588,68,626
725,588,69,626
718,507,68,677
714,500,68,681
721,549,68,651
711,538,0,658
709,507,0,677
712,511,68,674
718,525,68,666
723,567,68,640
709,509,69,676
718,529,69,663
709,543,1,654
709,518,69,670
718,534,68,660
714,525,68,666
709,549,0,651
714,525,68,666
718,538,68,658
716,532,68,661
711,522,68,668
721,586,68,627
714,523,68,667
723,540,68,657
714,576,0,634
714,532,68,661
714,576,0,634
718,545,68,653
716,545,68,653
711,552,68,649
723,637,68,596
712,561,68,643
711,574,69,635
712,561,68,643
709,570,68,638
709,601,1,618
718,583,69,630
711,574,69,635
709,568,69,639
723,646,69,590
714,576,69,634
712,576,68,634
709,574,68,635
718,649,0,588
725,586,68,627
721,594,68,623
712,540,68,657
711,549,68,651
725,590,68,625
721,567,68,640
718,567,68,640
718,572,68,637
725,572,68,637
712,545,68,653
711,549,68,651
725,590,68,625
721,567,68,640
718,567,68,640
718,572,68,637
718,576,68,634
721,579,69,632
721,581,69,631
721,585,69,628
727,610,69,613
729,597,68,621
729,606,68,615
716,541,68,656
716,543,68,654
714,545,68,653
716,541,68,656
716,543,68,654
714,545,68,653
718,552,68,649
720,563,68,642
757,619,68,607
747,585,68,628
741,585,68,629
739,585,68,629
739,590,69,625
743,588,69,626
748,588,69,626
747,595,69,622
750,603,69,617
757,613,69,610
709,540,68,657
714,543,68,654
721,640,68,593
716,558,68,645
716,563,68,642
712,565,68,641
711,572,68,637
712,572,68,637
716,576,68,634
712,577,68,633
711,583,69,630
712,585,69,628
712,588,69,626
709,559,1,644
721,588,68,626
721,567,68,640
711,552,68,649
709,556,68,647
707,558,68,646
707,559,68,644
721,588,68,626
711,572,68,637
712,576,68,634
711,577,68,633
711,581,68,631
712,579,69,632
712,581,69,631
712,579,69,632
712,585,69,629
712,552,68,649
709,552,68,649
709,558,68,646
720,570,68,638
714,563,68,642
712,565,68,641
712,565,68,641
712,567,68,640
711,567,68,640
709,567,68,640
712,570,69,638
716,574,69,635
721,576,69,634
721,576,69,634
718,572,69,636
716,572,69,636
721,619,68,607
711,581,68,631
709,583,68,630
720,601,68,618
712,597,68,621
712,599,68,620
712,599,68,619
712,604,68,616
712,608,68,614
716,612,69,611
720,613,69,610
718,615,69,609
718,615,69,609
718,619,69,607
721,615,69,609
721,619,69,607
718,619,69,607
721,615,69,609
721,619,69,607
712,585,68,629
711,585,68,629
709,585,68,629
712,617,0,608
716,595,68,622
712,595,68,622
725,610,68,613
716,603,68,617
725,610,68,613
716,603,68,617
716,603,68,617
716,606,69,615
725,610,68,613
716,603,68,617
716,603,68,617
716,606,69,615
712,610,69,613
712,619,69,607
712,621,69,606
712,621,68,606
714,626,68,602
716,624,68,603
716,624,68,603
711,599,69,620
721,667,68,576
709,590,68,625
712,570,69,638
718,577,69,633
714,577,69,633
714,583,69,630
721,588,68,626
716,590,68,625
716,594,68,623
716,599,68,620
738,612,68,611
730,612,68,612
738,612,68,611
730,612,68,612
734,615,68,609
734,613,68,610
739,617,68,608
743,619,68,607
747,624,68,603
741,624,68,603
741,628,69,601
739,631,69,599
745,639,69,594
743,619,68,607
747,624,68,603
741,624,68,603
741,628,69,601
739,631,69,599
745,639,69,594
738,637,69,595
734,635,69,597
734,637,69,596
716,567,68,640
716,608,0,614
725,577,68,633
711,572,69,636
712,579,69,632
716,585,69,629
721,592,69,624
716,567,68,640
716,608,0,614
725,577,68,633
711,572,69,636
712,579,69,632
716,585,69,629
721,592,69,624
718,595,68,622
721,599,68,620
725,599,68,619
721,599,68,620
725,599,68,619
725,603,68,617
725,606,68,615
725,610,68,613
727,612,68,612
727,615,68,609
729,622,68,605
725,619,68,607
721,622,68,605
729,635,68,597
734,637,69,595
736,640,69,593
729,622,68,605
725,619,68,607
721,622,68,605
729,635,68,597
734,637,69,595
736,640,69,593
734,642,69,592
734,644,69,591
734,644,69,591
730,639,69,594
730,639,68,594
727,640,68,593
727,640,68,593
721,631,68,599
711,568,68,639
718,624,0,603
709,577,68,633
709,585,68,629
712,588,69,626
718,594,69,623
716,597,69,621
716,603,69,617
718,610,68,613
720,612,68,612
720,617,68,608
720,622,68,605
718,624,68,603
718,624,68,603
718,628,68,601
718,628,68,601
718,628,68,601
725,631,69,599
723,628,69,601
718,586,69,627
718,586,69,627
718,597,69,621
721,601,68,618
718,597,69,621
721,601,68,618
725,604,68,616
725,612,68,612
723,612,68,612
723,613,68,610
721,617,68,608
723,624,68,603
723,624,68,603
725,628,68,601
729,630,68,600
734,631,69,599
712,565,68,641
721,640,68,593
718,585,68,629
718,585,68,628
723,597,69,621
721,599,69,620
730,612,69,611
727,610,69,613
730,617,68,608
730,624,69,603
729,628,68,601
730,631,68,599
730,631,68,599
730,635,68,597
736,658,68,582
734,660,68,581
736,664,69,578
736,664,69,578
732,651,68,586
730,653,68,585
729,633,68,598
730,631,68,599
730,631,68,599
730,635,68,597
730,639,68,594
732,660,68,581
734,660,68,581
736,658,68,582
734,660,68,581
736,658,68,582
739,675,69,572
739,680,69,568
738,673,69,573
736,669,69,575
736,664,69,578
736,664,69,578
734,658,68,582
732,651,68,586
730,653,68,585
730,653,68,585
729,651,68,586
727,651,68,586
729,651,68,586
718,601,68,618
714,608,68,614
720,613,68,610
730,628,68,601
727,626,68,602
725,633,68,598
730,651,69,586
736,653,69,585
727,626,68,602
725,633,68,598
727,644,68,591
730,651,69,586
736,653,69,585
736,662,69,579
734,666,69,577
734,669,68,575
738,678,68,569
738,684,68,566
734,669,68,575
736,678,68,569
738,678,68,569
738,684,68,566
743,693,68,560
748,696,68,558
752,696,68,558
752,700,68,556
752,696,68,558
750,689,68,562
754,691,68,561
752,687,68,564
750,684,68,566
748,684,68,566
748,680,68,568
747,675,68,571
721,635,69,597
721,637,69,595
721,644,68,591
721,628,69,601
721,635,69,597
721,637,69,595
721,644,68,591
723,646,68,590
727,655,68,584
741,684,68,566
739,667,68,576
741,684,68,566
739,667,68,576
721,644,68,591
723,646,68,590
727,655,68,584
741,684,68,566
739,667,68,576
739,669,68,575
738,675,68,571
736,673,68,573
736,675,68,571
736,678,68,569
736,675,68,571
736,673,68,573
736,673,69,573
736,669,69,575
734,662,69,579
734,662,69,580
734,666,69,577
734,669,69,575
734,669,68,575
734,671,68,574
734,671,68,574
734,669,68,575
734,666,68,577
721,619,68,607
721,628,68,601
739,646,69,590
738,649,69,588
739,646,69,590
738,649,69,588
739,649,69,587
743,657,68,583
745,658,68,582
752,675,68,572
754,667,68,576
754,671,68,574
754,671,68,574
750,667,68,576
743,657,68,583
745,658,68,582
752,675,68,572
754,667,68,576
754,671,68,574
750,667,68,576
745,667,68,576
743,675,68,572
741,675,68,572
741,675,68,571
741,675,68,572
736,666,69,577
736,666,69,577
736,667,69,576
736,669,69,575
736,667,69,576
736,671,68,574
736,666,68,577
712,595,68,622
712,595,68,622
712,621,0,606
711,585,68,629
720,631,68,599
712,595,68,622
712,595,68,622
712,599,68,619
712,601,68,618
730,642,69,592
730,642,69,592
729,640,69,593
730,642,69,592
730,642,68,592
727,655,68,584
730,662,68,580
732,667,69,576
729,648,69,589
736,662,68,580
730,651,68,586
727,655,68,584
729,658,68,582
729,658,68,582
730,662,68,579
730,662,68,580
730,664,68,578
730,664,68,578
730,667,68,576
732,667,69,576
734,667,69,576
716,631,69,599
712,619,68,607
712,624,68,604
714,626,69,602
716,631,69,599
716,637,69,596
716,639,69,594
716,642,69,592
716,644,69,591
718,648,68,589
718,653,68,585
720,655,68,584
720,653,68,585
721,660,68,581
721,653,68,585
721,660,68,581
721,653,68,585
721,651,68,586
718,653,68,585
720,655,68,584
720,653,68,585
721,660,68,581
721,653,68,585
721,651,68,586
721,651,68,586
721,655,68,584
723,657,68,583
727,658,69,582
727,655,69,584
730,658,69,582
730,658,69,582
718,624,68,603
716,626,68,602
716,631,68,599
720,630,69,600
721,637,69,595
721,644,69,591
721,646,69,590
725,642,69,592
725,648,69,589
725,651,68,586
727,657,68,583
727,658,68,582
727,662,68,580
720,630,69,600
721,637,69,595
721,644,69,591
721,646,69,590
725,642,69,592
725,648,69,589
725,651,68,586
727,657,68,583
727,658,68,582
727,662,68,580
729,667,68,576
729,664,68,578
730,669,68,575
730,669,68,575
725,648,69,589
725,651,68,586
727,657,68,583
727,658,68,582
727,662,68,580
729,667,68,576
729,664,68,578
730,669,68,575
730,669,68,575
730,666,68,577
730,669,68,575
730,669,69,575
732,667,69,576
734,669,69,575
736,667,69,576
734,666,69,577
734,662,69,580
734,662,69,580
734,662,69,580
738,660,68,581
739,666,69,577
741,667,69,576
745,669,69,575
745,673,69,573
748,675,69,571
748,680,69,568
720,621,68,606
725,624,68,603
729,631,68,599
732,639,68,594
730,642,68,592
729,649,68,588
730,649,68,587
736,658,68,582
738,660,68,581
739,666,69,577
741,667,69,576
745,669,69,575
745,673,69,573
748,675,69,571
748,680,69,568
752,687,68,563
748,687,68,563
748,689,68,562
747,689,68,562
745,691,68,561
745,693,68,560
745,687,68,564
732,639,68,594
730,642,68,592
729,649,68,588
730,649,68,587
736,658,68,582
738,660,68,581
739,666,69,577
741,667,69,576
745,669,69,575
745,673,69,573
748,675,69,571
748,680,69,568
752,687,68,563
748,687,68,563
748,689,68,562
747,689,68,562
745,691,68,561
745,694,68,559
745,693,68,560
745,687,68,564
745,696,68,558
747,693,68,560
747,693,69,560
747,694,69,559
748,696,69,558
748,689,69,562
748,689,69,562
747,687,69,563
747,684,69,566
745,685,69,565
745,678,68,569
734,630,68,600
739,648,68,589
739,651,68,586
743,655,68,584
756,685,68,565
752,678,68,569
725,613,68,610
727,617,68,608
734,630,68,600
736,633,68,598
738,639,68,594
739,648,68,589
739,651,68,586
743,655,68,584
756,685,68,565
752,678,68,569
747,675,68,571
748,675,69,572
752,675,69,571
754,682,69,567
757,684,69,566
765,691,69,561
747,675,68,571
748,675,69,572
752,675,69,571
754,682,69,567
757,684,69,566
765,691,69,561
765,687,69,563
766,689,68,562
766,687,68,563
766,696,68,558
768,698,68,557
770,707,68,551
770,703,68,553
754,689,68,562
754,689,69,562
752,684,69,566
752,678,69,569
750,675,69,571
730,642,68,592
729,640,68,593
730,648,68,589
732,649,68,588
734,648,68,589
721,619,69,607
723,624,69,604
725,630,69,600
730,642,68,592
729,640,68,593
730,648,68,589
732,649,68,588
734,648,68,589
734,658,68,582
734,658,68,582
736,662,68,580
738,664,68,578
756,676,68,570
747,669,68,575
756,676,68,570
754,675,68,572
757,675,69,572
759,676,69,570
763,689,68,562
763,689,68,562
759,687,68,563
754,685,68,565
754,689,68,562
752,687,68,563
752,684,68,566
750,678,68,569
748,684,68,566
748,678,68,569
748,675,68,571
748,673,69,573
720,624,69,604
723,635,68,597
727,639,68,594
774,689,68,562
775,689,68,562
783,698,69,557
777,689,69,562
784,885,69,441
784,694,69,559
781,685,68,565
775,685,68,565
788,718,68,544
763,689,68,562
761,687,68,563
757,687,68,564
756,685,68,565
754,678,68,569
752,675,69,571
750,671,69,574
729,621,68,606
734,626,69,602
732,635,69,597
734,642,69,592
734,651,69,586
734,657,69,583
739,660,69,581
739,662,68,579
736,667,68,576
736,671,68,574
736,678,68,569
736,685,68,565
748,696,68,558
752,700,68,556
748,696,68,558
752,700,68,556
759,703,69,553
761,705,69,552
765,718,69,544
761,712,69,548
757,707,69,551
757,709,69,550
757,709,69,550
757,702,68,554
756,702,68,555
756,702,68,555
756,694,68,559
754,687,68,564
752,682,68,567
748,676,68,570
736,676,69,570
738,682,69,567
730,653,68,585
730,658,68,582
730,664,68,578
730,666,68,577
730,671,68,574
732,673,68,573
732,676,68,570
734,682,68,567
736,685,68,565
736,678,68,569
736,676,69,570
738,682,69,567
739,685,69,565
739,685,69,565
739,687,69,564
741,687,69,564
743,675,69,571
741,667,69,576
734,673,69,573
723,649,68,587
723,653,68,585
729,657,68,583
734,658,68,582
732,662,68,580
734,666,68,577
734,667,68,576
734,669,68,575
732,667,68,576
732,669,68,575
734,666,68,577
734,673,69,573
734,669,69,575
734,673,69,573
736,667,68,576
734,664,68,578
741,678,69,569
752,653,68,585
757,660,68,581
752,662,68,580
743,662,68,580
739,664,68,578
739,667,68,576
739,673,68,573
739,675,68,572
739,675,68,571
739,676,68,570
741,678,69,569
743,678,69,569
741,678,69,569
741,687,69,564
741,682,69,567
741,682,69,567
741,684,68,566
741,680,68,568
743,680,68,568
743,682,68,567
741,678,68,569
739,675,68,571
739,676,68,570
739,675,68,571
739,682,68,567
739,684,68,566
739,685,68,565
739,689,68,562
741,698,68,557
745,700,68,556
745,700,69,556
748,707,69,551
754,702,69,554
754,705,69,552
754,707,69,551
752,705,69,552
752,702,69,554
752,698,69,557
750,698,68,557
734,648,69,589
730,651,69,586
730,655,69,584
734,660,69,581
739,667,69,576
743,667,69,576
745,673,68,573
743,675,68,571
739,676,68,570
739,675,68,571
739,682,68,567
739,684,68,566
739,685,68,565
739,689,68,562
741,698,68,557
745,700,68,556
745,700,69,556
748,707,69,551
754,702,69,554
754,705,69,552
754,707,69,551
752,705,69,552
752,702,69,554
752,698,69,557
750,698,68,557
750,700,68,556
748,694,68,559
748,689,68,562
747,685,68,565
745,682,68,567
734,633,68,598
729,626,68,602
725,633,68,598
729,644,68,591
727,651,68,586
729,662,69,580
734,664,69,578
761,698,68,557
763,700,68,556
754,698,68,557
752,694,68,559
752,689,68,562
752,691,69,561
752,693,69,560
752,691,69,561
750,687,69,564
752,687,69,564
761,698,68,557
763,700,68,556
761,702,68,555
757,694,68,559
754,698,68,557
754,698,68,557
752,694,68,559
752,689,68,562
750,687,69,564
752,687,69,564
752,691,69,561
752,693,69,560
752,691,69,561
750,687,69,564
752,687,69,564
752,687,69,564
752,685,68,565
750,684,68,566
750,684,68,566
748,675,68,571
721,603,68,617
725,617,68,608
725,624,68,604
757,693,68,560
756,700,68,556
761,691,68,561
770,707,68,551
759,689,68,562
757,693,68,560
757,691,68,561
756,696,68,558
756,700,68,556
757,703,68,553
759,703,69,553
761,698,69,557
759,698,69,557
761,702,69,554
761,700,69,556
761,694,69,559
757,687,69,564
757,685,68,565
756,682,68,567
727,599,68,619
721,603,68,617
730,624,68,603
734,635,68,597
734,637,68,595
738,646,68,590
743,648,68,589
745,651,68,586
745,658,69,582
743,664,69,578
748,667,69,576
747,671,69,574
763,689,68,562
761,687,68,563
754,675,68,571
754,675,68,571
752,675,68,572
750,675,68,572
748,676,68,570
752,678,68,569
756,682,68,567
759,682,68,567
761,676,68,570
761,682,69,567
763,684,69,566
761,676,69,570
754,669,69,575
761,676,68,570
761,682,69,567
763,684,69,566
761,676,69,570
754,669,69,575
752,673,69,573
738,676,68,570
738,675,68,572
738,673,68,573
739,673,68,573
738,667,68,576
736,673,68,573
738,669,68,575
736,673,69,573
739,675,69,572
739,673,69,573
739,671,69,574
738,669,69,575
720,648,68,589
725,649,69,587
725,655,69,584
727,657,69,583
727,662,69,580
729,664,69,578
730,664,69,578
732,673,69,573
734,673,69,573
736,675,68,571
738,676,68,570
738,675,68,572
738,673,68,573
739,673,68,573
738,667,68,576
736,673,68,573
738,669,68,575
736,673,69,573
739,675,69,572
739,673,69,573
739,671,69,574
738,669,69,575
725,646,68,590
727,646,69,590
727,649,69,588
729,655,69,584
730,655,69,584
730,658,69,582
734,666,69,577
739,667,68,576
739,673,68,573
743,678,68,569
741,678,68,569
743,682,68,567
745,678,68,569
743,678,68,569
741,678,68,569
743,682,68,567
745,678,68,569
743,678,68,569
743,675,69,571
743,675,69,572
743,671,69,574
729,622,68,605
748,676,69,570
748,682,69,567
752,675,69,571
747,675,68,572
747,684,68,566
747,685,68,565
747,685,68,565
748,691,68,561
748,687,68,563
748,689,68,562
748,689,68,562
747,685,68,565
748,691,68,561
748,687,68,563
748,689,68,562
748,689,68,562
748,693,68,560
743,655,68,584
743,660,69,581
743,662,69,579
752,675,69,571
748,676,69,570
748,682,69,567
752,675,69,571
747,675,68,572
747,684,68,566
747,685,68,565
747,685,68,565
748,691,68,561
748,687,68,563
748,689,68,562
748,689,68,562
748,693,68,560
748,689,68,562
748,689,69,562
748,689,69,562
748,687,69,563
748,680,69,568
736,630,68,600
734,655,68,584
734,662,69,580
734,667,69,576
736,666,69,577
736,667,69,576
736,669,69,575
736,675,69,572
739,678,69,569
741,676,68,570
743,680,68,568
743,675,68,571
743,676,68,570
743,676,68,570
743,678,68,569
743,675,68,571
743,675,68,572
745,673,68,573
745,673,68,573
734,635,68,597
732,637,68,595
732,640,68,593
734,646,68,590
734,651,68,586
734,655,68,584
734,662,69,580
734,667,69,576
736,666,69,577
736,667,69,576
736,669,69,575
736,675,69,572
739,678,69,569
741,676,68,570
743,680,68,568
743,675,68,571
743,676,68,570
743,676,68,570
743,678,68,569
743,675,68,571
743,675,68,572
745,673,68,573
745,673,68,573
745,671,69,574
745,667,69,576
734,626,68,602
730,622,68,605
748,642,68,592
743,651,68,586
743,655,68,584
748,667,68,576
748,671,69,574
748,669,69,575
745,675,69,572
743,675,69,571
743,684,69,566
743,687,69,563
743,685,68,565
743,689,68,562
743,691,68,561
745,687,68,563
743,680,68,568
739,676,68,570
739,631,68,599
739,631,68,599
748,642,68,592
757,648,68,589
747,646,68,590
743,651,68,586
743,655,68,584
748,667,68,576
748,671,69,574
748,669,69,575
745,675,69,572
743,675,69,571
743,684,69,566
743,687,69,563
743,685,68,565
743,693,68,560
743,689,68,562
743,691,68,561
745,687,68,563
743,680,68,568
739,676,68,570
739,675,68,571
739,678,68,569
739,676,68,570
739,675,68,571
739,675,69,572
739,631,69,599
739,635,69,597
747,639,69,594
745,642,69,592
748,651,69,586
729,619,69,607
729,613,69,610
718,626,68,602
718,626,68,602
718,624,68,603
721,637,69,595
709,579,69,632
721,630,69,600
709,585,69,628
718,599,69,620
716,635,69,597
716,637,69,596
716,637,69,595
716,639,69,594
718,583,69,630
716,588,69,626
712,592,69,624
716,597,69,621
718,601,68,618
720,630,68,600
720,631,68,599
718,637,68,595
721,635,68,597
718,635,68,597
712,585,68,629
720,644,68,591
721,649,69,587
721,646,68,590
721,644,68,591
721,640,68,593
721,639,68,594
721,637,68,596
720,606,68,615
720,594,68,623
754,680,68,568
743,662,68,580
738,660,69,581
743,662,68,580
738,660,69,581
738,664,69,578
736,664,69,578
734,666,69,577
734,662,69,579
734,664,69,578
734,662,68,579
734,660,68,581
732,657,68,583
732,653,68,585
732,642,69,592
730,637,69,595
709,608,0,614
714,586,68,627
725,599,68,620
714,586,68,627
725,599,68,620
709,595,68,622
709,631,1,599
727,637,68,596
727,637,68,595
725,644,68,591
727,640,68,593
727,649,68,588
727,651,68,586
730,657,68,583
766,689,69,562
757,680,69,568
756,676,69,570
754,660,68,581
756,662,69,579
766,689,69,562
757,680,69,568
756,676,69,570
754,673,69,573
754,671,69,574
754,667,68,576
752,667,68,576
747,664,68,578
748,667,68,576
747,664,68,578
732,637,68,596
734,637,68,595
736,639,68,594
741,644,68,591
738,648,68,589
747,658,68,582
743,653,68,585
743,653,68,585
743,655,68,584
738,655,69,584
734,653,69,585
734,651,69,586
738,658,69,582
727,648,68,589
727,644,68,591
707,613,0,610
721,648,69,589
721,646,69,590
716,639,69,594
718,648,68,589
718,649,68,588
721,653,68,585
721,653,68,585
723,658,68,582
730,660,68,581
732,660,68,581
732,658,68,582
730,658,68,582
730,658,68,582
729,662,68,580
730,664,68,578
730,666,69,577
730,666,69,577
732,666,69,577
736,666,69,577
743,664,69,578
743,660,69,581
734,649,68,587
711,585,68,629
723,622,68,605
712,597,68,621
712,597,68,621
712,601,68,618
712,604,68,616
723,637,68,595
727,644,68,591
736,649,68,587
727,653,69,585
734,653,68,585
730,651,68,586
729,651,68,586
727,649,68,587
727,651,68,586
727,653,69,585
729,640,68,593
711,570,68,638
725,626,68,602
716,586,68,627
716,592,68,624
718,597,68,621
725,642,69,592
727,644,68,591
729,646,68,590
730,651,68,586
741,660,68,581
727,644,68,591
729,646,68,590
730,651,68,586
741,660,68,581
745,662,68,579
745,660,68,581
748,662,68,580
745,662,68,579
743,666,68,577
741,666,68,577
739,669,68,575
739,666,69,577
741,666,69,577
738,667,69,576
736,664,69,578
743,655,69,584
743,655,69,584
745,664,69,578
739,649,69,587
743,655,69,584
745,664,69,578
743,669,69,575
743,669,69,575
741,671,69,574
748,680,68,568
754,682,68,567
759,691,68,561
757,689,68,562
748,680,68,568
754,682,68,567
759,691,68,561
757,689,68,562
752,684,68,566
750,685,68,565
750,685,68,565
748,685,68,565
748,682,69,567
747,682,69,567
747,678,69,569
747,678,69,569
745,676,69,570
745,675,69,571
745,671,69,574
721,588,69,626
725,592,68,624
727,601,68,618
727,604,68,616
739,673,68,573
739,673,68,573
739,680,68,568
747,649,69,587
745,649,69,587
750,655,69,584
748,660,69,581
745,660,69,581
743,662,69,580
739,666,68,577
739,667,68,576
739,673,68,573
739,673,68,573
739,680,68,568
739,680,68,568
741,682,68,567
739,678,68,569
741,682,68,567
741,669,68,575
739,664,69,578
739,669,69,575
739,664,69,578
721,621,69,606
745,673,68,573
743,675,68,571
743,675,68,571
741,676,68,570
743,651,69,586
743,655,69,584
743,660,69,581
743,662,69,580
754,684,69,566
752,675,69,572
748,673,68,573
745,673,68,573
743,675,68,571
743,675,68,571
741,676,68,570
743,676,68,570
741,680,68,568
741,678,68,569
739,678,68,569
739,675,68,571
739,675,69,571
739,673,69,573
738,669,69,575
709,585,69,629
718,603,68,617
709,599,68,620
718,621,68,606
734,669,69,575
736,671,69,574
734,675,68,571
734,676,68,570
709,630,68,600
711,635,68,597
716,642,68,592
720,644,68,591
725,651,68,586
725,658,68,582
727,660,69,581
727,662,69,580
730,667,69,576
734,669,69,575
736,671,69,574
736,673,69,573
734,671,69,574
734,675,69,572
734,675,69,571
734,675,68,571
734,676,68,570
734,675,68,571
734,675,68,571
732,675,68,572
734,675,68,572
734,673,68,573
734,673,68,573
734,671,69,574
721,624,68,603
712,579,69,632
709,586,69,627
709,595,69,622
712,628,68,601
716,637,68,596
718,639,68,594
720,648,68,589
723,653,68,585
725,657,68,583
729,666,68,577
730,667,68,576
730,667,69,576
730,671,69,574
730,669,69,575
730,671,69,574
732,675,69,571
732,675,69,571
734,678,69,569
736,684,69,566
739,680,68,568
745,676,68,570
747,673,68,573
745,678,68,569
745,680,68,568
743,676,68,570
741,675,68,571
743,675,68,572
712,588,68,626
712,585,68,629
712,581,68,631
712,581,68,631
712,586,69,627
714,613,69,610
714,624,69,603
716,631,68,599
716,637,68,595
716,633,68,598
716,626,68,602
725,621,68,606
723,597,69,621
723,597,69,621
718,599,69,620
720,608,68,614
721,612,68,612
725,621,68,606
723,624,68,603
721,631,68,599
721,637,68,596
730,648,68,589
730,684,69,566
729,667,69,576
729,671,69,574
730,673,69,573
730,684,69,566
732,685,69,565
721,631,68,599
721,637,68,596
730,648,68,589
725,649,68,588
725,658,68,582
725,658,68,582
727,664,68,578
727,669,68,575
727,664,69,578
729,667,69,576
729,671,69,574
730,673,69,573
730,684,69,566
732,685,69,565
734,685,68,565
734,680,68,568
734,678,68,569
736,682,68,567
723,626,69,602
721,624,69,604
709,577,0,633
718,594,69,623
729,624,68,604
727,624,69,604
718,594,68,623
720,599,68,619
721,603,68,617
721,608,68,614
734,619,68,607
743,619,68,607
721,604,69,616
723,608,69,614
718,608,69,614
721,613,69,610
730,626,68,602
725,622,68,605
720,624,68,603
721,622,68,605
709,592,68,624
709,592,68,624
718,615,68,609
718,649,68,588
718,649,68,588
718,649,68,588
718,649,68,587
718,651,68,586
720,658,68,582
720,658,68,582
721,662,68,580
721,662,69,579
723,666,69,577
725,662,69,579
723,660,69,581
711,637,69,595
718,648,69,589
718,617,68,608
718,622,68,605
727,624,68,604
730,630,68,600
732,635,68,597
745,644,68,591
739,646,68,590
734,644,68,591
729,649,68,588
727,624,68,604
730,630,68,600
732,635,68,597
745,644,68,591
739,646,68,590
734,644,68,591
729,649,68,588
729,649,69,588
725,651,68,586
725,649,68,588
725,648,68,589
721,626,68,602
721,633,68,598
725,635,68,597
727,639,68,594
721,626,68,602
721,633,68,598
725,635,68,597
727,639,68,594
730,615,69,609
729,619,68,607
725,621,68,606
721,626,68,602
721,633,68,598
725,635,68,597
727,639,68,594
732,646,68,590
727,649,69,588
711,610,68,613
720,662,0,580
709,594,69,623
716,612,69,612
718,658,1,582
709,608,68,614
721,639,68,594
716,617,68,608
712,619,68,607
711,610,68,613
720,662,0,580
709,610,68,613
720,642,68,592
721,678,68,569
709,615,69,609
720,637,69,596
709,624,69,603
709,624,69,603
721,685,69,565
712,628,69,601
709,624,68,604
711,624,68,603
711,624,68,604
712,617,68,608
711,622,68,605
712,624,68,603
711,626,68,602
709,628,68,601
721,644,68,591
712,637,68,596
711,635,69,597
712,637,69,596
712,635,69,597
716,639,68,594
716,642,68,592
716,642,68,592
716,612,69,612
718,615,69,609
718,621,68,606
716,622,68,605
712,628,68,601
716,631,68,599
718,635,68,597
716,639,68,594
716,642,68,592
716,642,68,592
716,646,68,590
720,637,68,595
736,637,69,595
729,635,68,597
727,631,68,599
727,635,68,597
723,631,68,599
721,635,68,597
720,637,68,595
718,639,68,594
718,646,68,590
721,640,68,593
720,642,68,592
721,640,68,593
720,572,69,637
718,599,1,620
712,576,1,634
709,523,69,667
721,601,68,618
718,595,0,622
709,561,1,643
711,527,69,664
716,541,69,656
712,563,1,642
732,687,0,563
736,702,68,554
729,669,0,575
738,624,69,603
734,624,0,604
732,624,0,604
729,612,0,611
729,613,0,610
725,613,0,610
732,594,68,623
736,599,68,619
747,599,69,619
723,714,5,546
738,635,69,597
730,784,5,503
727,592,68,624
730,606,68,615
734,630,68,600
738,676,68,570
736,671,0,574
736,660,0,581
723,649,0,587
734,705,0,552
730,612,69,612
721,754,5,521
730,774,5,509
732,585,69,629
730,775,5,508
734,599,68,619
736,574,69,635
725,725,5,540
734,585,68,628
736,649,0,588
730,622,0,605
725,588,0,626
734,583,68,630
739,651,68,586
721,594,0,623
738,664,68,578
738,720,0,543
739,732,69,535
725,766,5,514
738,775,5,508
718,741,5,529
736,768,5,512
718,698,5,557
732,754,5,521
738,754,5,522
727,622,0,605
723,662,0,580
738,729,68,537
729,694,0,559
736,797,5,495
721,700,5,556
736,790,5,499
720,723,5,541
736,784,5,503
720,743,5,528
734,621,69,606
729,766,5,514
729,588,68,626
732,682,0,567
725,574,0,635
729,673,0,573
736,709,0,550
718,624,0,603
729,689,0,562
734,714,0,547
734,817,5,482
721,712,5,548
739,712,69,548
727,671,0,574
738,693,68,560
729,673,0,573
732,612,68,611
732,694,0,559
727,603,68,617
732,703,0,553
729,601,68,618
729,772,5,510
739,768,69,512
734,817,5,482
721,712,5,548
739,712,69,548
727,671,0,574
738,693,68,560
729,673,0,573
732,612,68,611
732,694,0,559
727,603,68,617
732,703,0,553
729,601,68,618
729,772,5,510
739,768,69,512
725,766,5,514
738,772,69,510
723,743,5,528
734,759,5,518
738,628,69,601
727,745,5,527
739,720,68,543
739,624,68,604
727,666,0,577
738,716,68,545
727,687,0,563
738,748,68,525
725,594,5,623
732,779,5,506
723,624,5,603
738,801,5,493
721,761,5,517
739,649,68,588
730,675,0,571
723,615,0,609
736,702,0,555
721,648,0,589
736,711,0,549
721,648,0,589
736,711,0,549
718,727,5,539
730,768,5,513
736,768,5,513
718,684,5,566
730,754,5,521
736,756,5,520
738,754,5,522
738,673,69,573
723,729,5,537
730,739,5,531
727,783,5,504
736,613,69,610
730,739,0,531
729,617,68,608
739,714,68,547
725,675,0,572
738,736,68,533
725,685,0,565
736,676,68,570
730,705,0,552
730,639,69,594
738,851,5,462
727,628,69,601
743,702,69,554
725,784,5,503
736,630,69,600
732,815,5,484
727,606,69,615
738,811,5,486
721,741,5,530
730,606,68,615
734,696,0,558
721,644,0,591
739,714,68,546
727,667,0,576
738,705,68,552
725,664,0,578
734,768,5,512
738,660,69,581
725,756,5,520
736,766,5,514
720,694,5,559
732,754,5,521
738,723,69,541
723,734,5,534
734,747,5,526
727,581,69,631
736,777,5,507
725,635,5,597
723,655,0,584
739,685,69,565
727,770,5,511
734,597,69,621
721,576,69,634
703,556,69,647
712,741,5,530
727,748,5,525
734,754,5,522
734,592,69,624
727,738,5,532
736,747,5,526
725,574,5,635
736,698,0,557
727,626,0,602
727,559,68,644
730,664,0,578
732,734,5,534
734,738,5,532
736,739,5,531
738,637,69,596
723,718,5,544
732,734,5,534
736,736,5,533
738,687,69,563
723,702,5,554
730,725,5,540
739,801,69,492
725,763,5,516
736,631,69,599
732,804,5,490
727,612,0,611
736,714,0,546
725,662,0,580
738,739,68,531
727,685,0,565
732,637,68,595
734,811,5,486
723,658,5,582
739,770,69,511
729,581,68,631
730,655,0,584
738,684,68,566
725,644,0,591
736,696,0,558
725,644,0,591
736,696,0,558
721,741,5,529
734,770,5,511
727,585,69,629
734,775,5,508
729,585,69,628
732,779,5,506
730,597,69,621
734,784,5,502
725,597,0,621
738,698,0,557
727,657,0,583
730,608,68,614
732,689,0,562
721,626,0,602
738,711,68,549
727,666,0,577
736,784,5,502
723,628,5,601
736,788,5,500
721,680,5,568
734,781,5,505
725,612,5,611
736,774,5,509
723,617,5,608
734,768,5,512
727,577,69,633
736,750,0,524
721,631,0,599
738,696,0,558
725,633,0,598
734,599,68,619
729,653,0,585
732,729,5,537
734,747,5,526
738,628,69,601
725,732,5,535
723,777,5,507
736,637,69,595
730,752,0,523
738,775,0,508
725,662,0,579
736,747,0,526
725,642,0,592
734,738,0,532
730,622,68,605
730,720,0,543
736,811,5,486
721,739,5,531
730,711,0,549
734,648,69,589
736,847,5,464
730,637,69,595
739,817,69,482
730,639,69,594
738,849,5,463
729,630,69,600
734,631,0,599
729,585,0,629
739,666,68,577
729,639,0,594
727,574,68,635
732,772,5,510
732,651,0,586
730,595,68,622
736,676,0,570
725,615,0,609
718,561,68,643
711,558,69,645
721,765,5,515
739,635,69,597
729,772,5,510
730,595,68,622
738,678,0,569
727,637,0,595
734,608,68,614
736,676,0,570
725,621,0,606
734,601,69,618
730,786,5,501
723,658,0,582
736,711,0,549
734,673,68,573
734,667,68,576
734,667,68,576
734,662,68,579
732,664,68,578
734,673,68,573
734,667,68,576
734,667,68,576
730,639,68,594
732,640,68,593
739,646,68,590
734,628,68,601
727,624,68,604
725,624,68,604
723,626,68,602
725,635,68,597
729,648,68,589
730,649,68,587
729,649,68,587
730,653,68,585
734,655,68,584
734,657,68,583
730,658,69,582
730,658,69,582
730,658,69,582
730,655,69,584
730,653,69,585
730,651,69,586
730,653,68,585
721,628,0,601
720,581,68,631
727,658,0,582
718,590,68,625
729,648,68,589
718,604,69,616
718,622,68,605
718,624,68,603
725,653,0,585
725,637,68,595
718,660,0,581
727,642,68,592
718,630,68,600
718,621,68,606
725,678,0,569
725,660,69,581
725,662,69,580
727,660,69,581
727,662,69,580
720,633,68,598
718,635,68,597
718,640,68,593
718,644,68,591
720,648,68,589
721,651,68,586
721,655,68,584
721,655,68,584
725,660,69,581
725,662,69,580
727,660,69,581
727,662,69,580
725,662,69,580
727,662,69,580
725,660,69,581
725,660,69,581
727,660,68,581
718,610,68,613
718,612,68,612
721,617,68,608
723,619,68,607
727,615,69,609
727,621,69,606
725,626,68,602
734,649,68,587
736,649,68,587
720,599,68,620
725,599,69,619
721,594,69,623
720,595,69,622
723,599,68,619
720,599,68,620
725,635,0,597
723,603,68,617
718,601,68,618
711,585,68,628
712,637,0,596
711,595,68,622
709,568,68,639
711,630,68,600
716,642,68,592
718,640,68,593
718,646,68,590
720,646,68,590
721,649,68,588
723,653,69,585
725,651,69,586
725,653,69,585
725,653,69,585
725,653,69,585
734,662,68,579
736,667,68,576
720,631,69,599
721,637,68,596
721,637,68,595
725,642,68,592
727,649,68,587
730,653,68,585
729,653,68,585
730,658,68,582
730,660,68,581
732,662,68,579
734,662,68,579
736,667,68,576
738,667,68,576
738,667,69,576
738,669,69,575
736,669,69,575
738,667,69,576
738,667,69,576
738,669,69,575
736,667,68,576
738,669,68,575
736,667,68,576
736,666,68,577
736,662,68,579
739,675,68,572
739,678,68,569
741,684,68,566
743,687,68,563
745,689,69,562
727,646,69,590
727,649,68,588
730,658,68,582
730,658,68,582
732,667,68,576
734,669,68,575
736,673,68,573
739,675,68,572
739,678,68,569
741,684,68,566
743,680,68,568
743,682,68,567
743,687,68,563
745,689,69,562
747,687,69,564
750,687,69,564
750,689,69,562
748,685,69,565
748,685,69,565
748,682,68,567
747,678,68,569
745,678,68,569
745,675,68,571
743,671,68,574
729,635,68,597
730,639,69,594
730,640,69,593
734,648,69,589
739,673,68,573
739,675,68,572
729,635,68,597
730,639,69,594
730,640,69,593
734,648,69,589
736,657,69,583
736,651,69,586
736,658,69,582
738,660,68,581
736,667,68,576
738,671,68,574
739,673,68,573
739,675,68,572
752,709,68,550
745,680,68,568
745,678,68,569
745,676,68,570
745,676,68,570
745,676,69,570
745,675,69,571
745,675,69,571
745,675,69,572
745,673,69,573
745,673,69,573
745,669,68,575
743,667,68,576
741,651,68,586
743,649,69,587
745,651,68,586
745,660,68,581
747,658,68,582
745,664,68,578
743,666,68,577
743,669,68,575
745,660,68,581
747,658,68,582
745,664,68,578
745,660,68,581
743,664,68,578
743,666,68,577
743,666,68,577
743,669,68,575
743,666,68,577
743,667,68,576
745,669,69,575
745,669,69,575
745,667,69,576
743,664,69,578
743,662,69,579
743,662,69,580
730,649,68,588
730,649,68,588
730,649,68,587
712,624,69,603
725,635,69,597
721,631,69,599
725,640,69,593
739,669,69,575
745,669,69,575
736,648,68,589
730,649,68,588
730,649,68,588
730,649,68,587
730,651,68,586
730,655,68,584
730,655,68,584
730,655,68,584
730,658,68,582
732,657,68,583
730,657,69,583
730,658,69,582
732,655,69,584
720,640,68,593
709,599,68,619
734,612,68,612
730,610,68,613
729,606,68,615
709,621,68,606
712,631,68,599
716,637,68,595
716,646,68,590
720,651,68,586
721,655,68,584
714,626,69,602
716,633,68,598
725,640,68,593
721,648,68,589
723,649,68,587
725,655,68,584
725,640,68,593
725,648,68,589
725,648,68,589
727,658,68,582
721,639,68,594
721,640,68,593
709,599,69,619
709,603,69,617
716,619,68,607
727,648,69,589
725,642,68,592
727,646,69,590
727,648,69,589
729,646,69,590
729,644,69,591
729,648,69,589
729,649,69,587
727,649,69,588
727,649,69,588
716,628,68,601
723,649,69,588
725,651,69,586
723,649,69,588
725,651,69,586
727,649,69,587
727,649,69,587
721,653,68,585
723,658,68,582
712,619,68,607
712,630,68,600
714,639,68,594
716,639,68,594
718,644,68,591
720,649,68,587
721,653,68,585
723,658,68,582
725,662,68,580
727,669,68,575
730,673,69,573
732,675,69,572
727,637,68,596
727,637,68,595
727,649,68,587
709,586,68,627
707,588,68,626
718,637,69,596
721,642,69,592
721,640,69,593
709,572,68,637
707,577,68,633
707,585,68,629
720,617,68,608
712,599,69,619
711,606,69,615
711,608,68,614
711,610,68,613
707,583,69,630
721,748,69,525
709,588,69,626
707,597,69,621
709,604,68,616
707,608,68,614
709,613,68,610
721,633,68,598
709,603,69,617
711,608,69,614
711,612,69,611
712,619,68,607
716,622,68,605
716,619,68,607
716,624,68,603
716,626,68,602
721,640,68,593
720,640,68,593
721,640,68,593
716,626,68,602
721,640,68,593
720,640,68,593
721,640,68,593
723,648,68,589
725,653,68,585
727,658,68,582
730,658,68,582
730,651,69,586
730,653,69,585
732,653,69,585
734,651,69,586
734,649,69,587
736,655,69,584
736,653,68,585
707,597,0,621
723,628,69,601
723,617,69,608
721,621,69,606
723,631,69,599
721,631,68,599
721,635,68,597
723,646,68,590
727,649,68,588
729,649,68,588
721,635,68,597
723,646,68,590
727,649,68,588
729,649,68,588
729,649,68,587
730,655,68,584
730,653,68,585
730,653,68,585
730,660,68,581
730,667,68,576
730,662,68,580
732,662,68,580
732,662,69,579
734,666,69,577
736,664,69,578
736,666,69,577
736,662,69,579
736,667,69,576
736,664,68,578
711,572,68,637
712,585,68,629
711,581,68,631
712,619,69,607
712,624,69,603
716,631,69,599
720,637,69,595
721,639,69,594
723,646,69,590
723,648,68,589
723,646,69,590
723,648,68,589
725,649,68,588
725,648,68,589
723,649,68,587
725,658,68,582
727,655,68,584
725,658,68,582
727,657,68,583
729,657,68,583
730,658,68,582
730,660,69,581
730,660,69,581
730,660,69,581
730,660,69,581
730,662,69,580
730,660,69,581
730,662,68,579
707,603,0,617
721,590,68,625
718,588,68,626
721,617,68,608
721,622,68,605
725,628,69,601
734,648,69,589
748,649,69,587
743,648,69,589
739,646,69,590
748,667,68,576
748,669,68,575
748,669,68,575
748,669,68,575
747,667,68,576
745,669,69,575
747,671,69,574
747,673,69,573
747,671,69,574
734,648,69,589
748,649,69,587
743,648,69,589
739,646,69,590
741,649,69,587
743,658,68,582
745,660,68,581
745,662,68,580
748,667,68,576
748,667,68,576
748,669,68,575
748,667,68,576
748,669,68,575
748,669,68,575
747,667,68,576
745,669,69,575
747,671,69,574
747,673,69,573
747,671,69,574
747,667,69,576
745,666,69,577
745,664,68,578
745,662,68,580
732,640,68,593
730,642,68,592
730,644,68,591
730,646,68,590
730,649,68,588
730,648,68,589
730,655,68,584
730,655,68,584
732,657,68,583
730,653,68,585
730,651,69,586
730,653,69,585
730,655,69,584
720,603,68,617
712,597,68,621
727,644,68,591
727,648,68,589
725,649,68,588
712,599,68,619
712,610,68,613
714,613,68,610
727,639,69,594
729,640,69,593
732,649,69,588
734,646,69,590
736,646,69,590
734,649,69,587
734,651,68,586
732,653,68,585
734,655,68,584
732,657,68,583
732,655,68,584
734,662,68,580
734,662,68,580
736,658,68,582
734,660,68,581
734,657,68,583
707,585,68,628
709,592,68,624
714,592,68,624
709,588,68,626
709,592,68,624
721,673,68,573
709,599,69,620
712,770,5,511
716,619,69,607
712,619,69,607
711,621,69,606
712,581,69,631
709,585,69,629
712,595,69,622
709,595,68,622
709,599,68,619
709,604,68,616
712,613,68,610
709,615,68,609
709,622,68,605
716,644,68,591
743,664,68,578
709,622,68,605
716,644,68,591
743,664,68,578
741,655,68,584
739,646,68,590
738,649,68,588
736,648,68,589
736,649,69,587
734,653,69,585
736,657,69,583
734,655,69,584
734,657,69,583
732,658,69,582
732,655,68,584
730,657,68,583
730,653,68,585
730,653,68,585
721,612,68,611
716,612,68,611
718,644,0,591
718,599,68,619
712,612,68,612
718,606,69,615
718,621,68,606
712,595,68,622
707,595,68,622
707,599,68,620
718,619,68,607
712,612,68,611
712,613,69,610
707,590,68,625
705,617,0,608
716,606,68,615
712,606,68,615
721,628,68,601
718,619,68,607
712,617,68,608
709,613,68,610
712,588,69,626
705,610,5,613
721,612,69,612
707,601,69,618
705,610,5,613
721,612,69,612
707,601,69,618
714,646,69,590
716,642,69,592
712,586,69,627
711,714,5,546
716,594,69,623
714,594,69,623
712,594,69,623
711,597,69,621
712,599,68,619
712,617,68,608
716,624,69,604
716,646,0,590
709,601,68,618
718,662,0,580
712,612,68,611
716,628,68,601
716,628,68,601
716,621,68,606
716,624,68,603
716,628,68,601
712,588,68,626
707,594,68,623
718,594,68,623
718,637,69,596
718,633,69,598
721,637,69,595
718,599,69,620
714,599,69,619
725,624,68,603
730,644,68,591
721,628,68,601
723,628,68,601
725,633,68,598
707,572,68,636
725,597,68,621
707,585,68,629
721,606,68,615
709,594,68,623
734,621,69,606
725,612,69,611
723,619,68,607
725,622,68,605
730,633,68,598
730,633,68,598
730,637,68,595
730,640,68,593
732,642,68,592
743,673,68,573
712,653,5,585
700,642,5,592
709,640,0,593
712,644,0,591
716,640,0,593
712,532,68,661
707,586,0,627
714,622,0,605
718,640,0,593
725,567,0,640
736,651,0,586
729,549,0,651
736,646,0,590
736,567,68,640
736,640,0,593
734,608,0,614
707,574,0,635
712,599,68,620
714,653,0,585
705,583,0,630
716,671,69,574
700,547,69,652
691,559,5,644
718,766,5,514
705,585,0,629
705,608,0,614
718,680,0,568
709,621,0,606
721,678,69,569
709,739,5,531
707,554,69,648
718,752,5,523
703,590,0,625
712,574,68,635
714,585,68,629
711,648,0,589
718,637,68,595
709,635,0,597
720,752,69,523
705,727,5,538
716,574,69,635
712,745,5,527
703,572,0,637
707,572,68,636
720,640,68,593
703,608,0,614
702,581,0,631
720,649,68,587
703,568,0,639
716,581,68,631
721,567,68,640
723,572,68,637
709,558,68,646
720,628,68,601
711,558,69,645
711,703,5,553
712,570,69,638
705,558,69,645
703,577,0,633
718,628,68,601
714,563,68,642
712,619,0,607
718,664,0,578
705,563,0,642
712,651,5,586
716,709,5,550
709,532,68,661
714,599,0,619
707,531,68,662
720,597,68,621
707,631,5,599
716,694,5,559
709,549,69,651
714,628,0,601
707,559,68,644
714,642,0,592
703,574,0,635
709,669,5,575
718,662,69,579
716,615,0,609
703,567,5,640
718,585,69,629
716,723,0,541
703,595,0,622
712,576,68,634
718,653,0,585
709,617,0,608
707,567,68,640
720,646,68,590
712,635,0,597
703,592,0,624
716,613,68,610
712,698,5,557
709,568,69,639
720,754,69,521
709,736,5,533
703,649,5,587
718,595,68,622
714,646,0,590
714,576,68,634
709,624,0,604
714,581,68,631
716,649,0,587
705,597,0,621
718,626,68,602
712,648,0,589
707,588,0,626
718,748,69,525
707,709,5,550
714,570,69,638
718,752,5,523
716,570,68,638
714,639,0,594
703,597,0,621
718,682,68,567
712,642,0,592
709,581,68,631
718,667,0,576
707,624,0,603
709,585,68,629
718,675,0,572
709,637,0,595
716,588,68,626
718,631,0,599
711,610,0,613
705,567,0,640
716,585,68,628
712,628,5,601
707,570,69,638
721,653,69,585
720,651,68,586
709,608,0,614
716,662,0,579
705,583,0,630
718,626,68,602
714,648,0,589
705,667,5,576
718,613,69,610
714,748,5,525
705,646,5,590
712,574,68,635
716,642,0,592
721,585,68,628
703,585,0,628
720,671,68,574
707,725,5,540
716,581,69,631
718,590,69,625
707,572,69,637
721,630,68,600
707,570,68,638
718,603,68,617
711,626,0,602
707,576,68,634
718,604,68,616
711,630,0,600
709,576,68,634
721,657,68,583
725,594,68,623
718,649,68,587
714,538,69,658
711,702,5,554
718,568,69,639
711,714,5,547
711,550,69,650
716,718,5,544
703,545,0,653
720,622,69,605
707,651,5,586
718,716,69,545
718,727,0,538
703,612,0,612
714,743,5,528
703,585,5,628
716,745,5,527
703,702,5,554
718,741,69,529
707,720,5,543
720,676,69,570
707,716,5,545
718,696,68,558
705,619,0,607
712,669,0,575
712,687,0,563
721,646,69,590
712,768,5,513
705,585,5,629
721,628,68,601
707,649,0,588
716,714,0,547
707,583,68,630
716,687,0,563
705,588,0,626
716,691,0,561
703,603,0,617
716,754,5,521
703,619,5,607
720,613,69,610
712,759,5,518
703,622,5,605
720,622,69,605
712,738,0,532
703,657,5,583
718,741,0,530
707,619,0,607
718,673,0,573
702,568,0,639
712,648,0,589
718,594,68,623
711,633,0,598
712,574,68,635
711,691,5,561
716,576,69,634
721,732,69,535
703,714,5,546
714,585,69,629
716,768,5,513
703,662,5,579
720,702,68,555
709,644,0,591
716,613,68,610
709,658,0,582
712,592,68,624
712,671,0,574
705,574,0,635
718,597,68,621
712,633,0,598
705,563,0,642
721,608,69,614
707,723,5,541
707,558,69,645
721,671,69,574
711,734,5,534
703,606,5,615
718,700,68,556
709,619,0,607
712,565,68,641
712,633,0,598
714,565,68,641
709,626,0,602
718,662,0,579
705,599,0,619
716,649,0,588
709,572,68,636
720,662,68,580
709,622,0,605
716,590,69,625
714,761,5,517
703,583,5,630
721,619,69,607
712,765,5,515
709,581,69,631
720,685,68,565
709,637,0,596
709,585,68,629
718,667,0,576
703,606,0,615
718,628,68,601
709,639,0,594
707,574,68,635
718,669,0,575
703,619,0,607
721,669,69,575
709,741,5,530
709,567,69,640
718,747,5,526
703,698,5,557
718,579,69,632
709,669,0,575
707,543,68,654
714,639,0,594
702,561,0,643
716,642,0,592
707,532,0,661
712,630,0,600
716,581,68,631
709,615,0,609
718,658,0,582
712,624,0,603
712,568,68,639
709,612,0,612
718,590,69,625
705,588,5,626
721,597,69,621
711,583,69,630
712,590,69,625
705,687,5,564
730,615,69,609
712,585,69,628
709,585,68,628
707,585,0,628
720,691,68,561
707,585,68,629
720,606,68,615
709,635,0,597
712,595,68,622
716,662,0,579
703,655,5,584
720,603,69,617
714,750,5,524
703,613,5,610
721,662,69,580
709,725,5,540
712,558,69,645
712,727,5,539
707,538,69,658
716,720,5,543
703,541,0,655
714,711,5,549
712,545,68,653
712,619,0,607
718,597,68,621
709,606,0,615
716,651,5,586
716,709,5,550
718,714,5,547
709,628,0,601
716,675,0,571
711,550,69,650
709,727,5,539
712,549,69,651
709,720,5,543
716,572,69,636
709,721,5,542
712,556,69,647
711,727,5,539
711,543,69,654
712,723,5,541
716,712,5,548
718,608,69,614
707,700,5,556
716,707,5,551
718,707,5,551
700,669,5,575
712,703,5,553
718,705,5,552
700,655,5,584
712,698,5,557
716,700,5,556
718,702,5,555
702,549,0,651
711,635,0,597
714,664,0,578
716,675,0,571
718,603,68,617
707,615,0,609
718,585,69,629
712,756,5,520
707,563,69,642
703,529,5,663
716,707,5,551
700,619,5,607
712,702,5,554
712,556,68,647
709,613,0,610
718,662,0,580
702,558,0,645
712,626,0,602
709,558,68,646
716,649,0,587
703,720,5,543
716,581,69,631
712,750,5,524
703,583,5,630
721,684,69,566
709,738,5,532
707,558,68,645
718,662,0,580
707,612,0,612
718,624,68,603
709,630,0,600
718,678,68,569
709,630,0,600
718,682,0,567
705,608,0,614
718,667,0,576
702,675,5,571
716,723,5,541
703,610,5,613
718,595,68,622
707,748,5,525
718,585,69,628
707,727,5,539
716,583,69,630
712,765,5,515
707,574,69,635
721,642,68,592
705,606,0,615
718,622,68,605
709,628,0,601
714,590,68,625
712,648,0,589
709,565,68,641
716,653,0,585
703,583,0,630
718,662,0,580
703,660,5,581
718,730,5,536
711,624,0,603
709,567,68,640
714,646,0,590
703,599,5,619
721,633,69,598
707,741,5,530
709,567,69,640
720,741,69,530
705,714,5,547
714,559,69,644
711,703,5,553
718,599,68,620
718,586,68,627
709,619,0,607
720,678,68,569
705,601,0,618
718,675,68,572
707,558,68,645
716,648,0,589
707,568,68,639
718,664,68,578
703,592,0,624
721,725,69,540
707,736,5,533
712,581,69,631
718,757,5,519
703,655,5,584
720,612,69,612
709,637,0,596
712,574,68,635
712,649,0,588
709,559,68,644
714,653,0,585
707,550,68,650
712,648,0,589
714,576,68,634
711,633,0,598
718,622,68,605
709,711,5,549
718,725,5,540
707,702,5,554
718,718,5,544
703,684,5,566
718,723,5,541
705,678,5,569
718,716,5,545
703,550,0,650
718,644,0,591
703,574,0,635
718,649,0,587
703,574,0,635
718,649,0,588
703,576,0,634
718,644,0,591
703,678,5,569
720,707,69,551
705,691,5,561
716,714,5,547
716,572,69,637
