716,689,5,562
716,691,5,561
718,696,5,558
720,702,5,555
725,707,5,551
727,493,69,685
718,628,5,601
721,509,69,675
718,687,5,564
721,513,69,673
718,507,69,677
718,637,5,595
730,576,69,634
720,513,69,673
718,511,5,674
718,655,5,584
727,529,69,663
723,511,69,674
720,513,69,673
720,518,69,670
720,516,69,671
720,518,69,670
721,518,69,670
716,622,5,605
720,649,5,587
727,538,69,658
725,516,69,671
725,516,69,671
721,514,69,672
725,518,69,670
725,518,69,670
721,516,69,671
723,513,69,673
721,513,69,673
721,513,69,673
720,511,69,674
718,624,5,603
721,667,5,576
730,676,69,570
723,505,69,678
720,502,69,680
718,622,5,605
727,709,5,550
725,500,69,681
720,493,69,685
716,595,5,622
716,617,5,608
725,696,5,558
727,702,5,555
727,500,69,681
721,489,69,687
712,606,5,615
721,685,5,565
725,689,5,562
727,687,5,563
727,687,5,563
725,500,69,681
732,612,1,611
709,676,5,570
709,680,5,568
714,685,5,565
716,687,5,563
718,685,5,565
718,684,5,566
718,684,5,566
720,687,5,564
718,685,5,565
723,687,5,563
725,687,5,563
716,509,5,675
718,685,5,565
725,689,5,562
721,446,69,713
720,682,5,567
727,689,5,562
725,444,69,714
716,673,5,573
727,687,5,564
727,687,5,563
727,687,5,563
727,687,5,563
714,514,5,672
721,676,5,570
703,673,5,573
705,675,5,571
711,684,5,566
711,685,5,565
714,689,5,562
716,691,5,561
718,687,5,563
716,687,5,563
721,689,5,562
723,694,5,559
721,691,5,561
721,698,5,557
725,694,5,559
725,694,5,559
725,698,5,557
723,451,69,710
712,678,5,569
725,691,5,561
725,696,5,558
725,694,5,559
687,617,5,608
734,633,0,598
738,741,0,530
732,529,0,663
736,631,0,599
736,653,0,585
736,696,0,558
734,529,69,663
736,599,1,620
734,558,1,646
730,509,1,676
738,630,69,600
730,527,1,664
736,606,1,615
727,513,1,673
736,500,69,681
720,687,0,564
725,702,0,555
727,705,0,552
730,716,0,545
734,727,0,538
738,648,68,589
725,718,0,544
736,541,68,655
725,642,1,592
738,583,69,630
729,534,69,660
730,541,69,656
730,545,69,653
730,545,69,653
727,662,0,580
738,684,0,566
736,541,68,655
734,545,68,653
734,547,68,652
736,543,68,654
730,545,68,653
727,621,0,606
732,667,0,576
736,545,68,653
736,527,69,664
736,527,69,664
734,527,69,665
727,523,69,667
727,639,1,594
729,513,68,673
727,513,68,673
723,626,0,602
723,646,0,590
732,698,0,557
734,527,68,664
730,723,0,541
712,594,0,623
712,534,68,660
712,594,0,623
712,534,68,660
723,514,68,672
721,514,68,672
721,513,69,673
725,514,69,672
725,423,101,727
716,424,101,726
721,417,100,730
716,419,100,729
723,518,69,670
729,426,101,725
729,415,101,731
720,415,101,731
721,414,101,732
721,513,69,673
725,513,69,673
723,408,101,735
711,504,69,679
721,509,69,675
725,405,100,737
716,403,100,738
721,500,68,681
725,498,68,682
723,493,68,685
721,397,100,741
718,396,101,742
718,489,69,687
721,489,69,687
716,489,69,687
718,489,69,687
718,489,69,688
734,628,1,601
709,486,1,690
712,491,69,686
711,498,69,682
711,520,1,669
716,505,68,678
718,509,68,676
720,509,68,676
712,511,68,674
716,507,68,677
720,507,68,677
721,509,68,676
721,509,68,675
723,514,68,672
721,514,68,672
721,513,69,673
725,514,69,672
725,423,101,727
716,424,101,726
723,417,101,730
725,421,101,728
725,423,101,727
725,417,101,730
720,516,68,671
725,520,68,669
725,426,100,725
725,419,100,729
714,415,100,731
721,520,68,669
729,417,100,730
721,417,100,730
716,419,100,729
723,518,69,670
729,426,101,725
729,415,101,731
720,415,101,731
721,414,101,732
721,513,69,673
725,513,69,673
723,408,101,735
711,504,69,679
721,509,69,675
725,405,100,737
716,403,100,738
721,500,68,681
725,498,68,682
723,493,68,685
721,397,100,741
718,396,101,742
718,489,69,687
721,489,69,687
716,489,69,687
718,489,69,687
718,489,69,688
734,628,1,601
718,491,68,686
718,498,68,682
716,496,69,683
716,500,69,681
714,498,69,682
721,502,69,680
716,487,69,689
711,493,69,685
721,525,69,666
716,491,69,686
716,493,68,685
718,491,68,686
721,495,68,684
721,493,68,685
721,498,68,682
725,498,68,682
718,493,68,685
716,545,0,653
714,518,0,670
712,500,0,681
718,489,68,688
716,493,68,685
718,491,68,686
718,498,68,682
716,496,69,683
716,500,69,681
714,498,69,682
721,502,69,680
716,487,69,689
711,493,69,685
721,525,69,666
716,491,69,686
716,493,68,685
718,491,68,686
721,495,68,684
721,493,68,685
721,498,68,682
725,498,68,682
721,396,100,742
714,489,68,687
718,495,69,684
727,446,101,713
721,396,101,742
720,493,69,685
721,495,69,684
721,495,69,684
721,495,69,684
723,491,69,686
723,487,69,689
720,486,69,690
720,482,68,692
718,478,68,694
716,477,68,695
718,475,68,696
721,471,68,698
712,460,69,705
718,513,1,673
714,498,69,682
718,487,68,689
709,482,68,692
711,484,68,691
714,487,68,689
712,493,68,685
711,498,68,682
712,495,68,684
712,500,68,681
714,504,68,679
721,507,68,677
721,509,69,676
725,505,69,678
723,505,69,678
723,509,69,676
725,509,69,676
720,408,101,735
720,507,68,677
725,516,68,671
727,415,100,731
725,415,100,731
720,414,101,732
721,414,101,732
725,414,101,732
729,414,101,732
729,417,101,730
730,421,101,728
730,419,101,729
730,417,101,730
734,415,101,731
730,414,101,732
730,412,101,733
720,412,101,733
716,410,101,734
721,410,101,734
716,601,1,618
716,410,100,734
712,484,69,691
718,504,69,679
718,502,69,680
714,504,69,679
734,723,1,541
721,662,1,580
709,547,69,652
714,545,69,653
720,639,0,594
709,547,68,652
725,613,68,610
712,549,68,651
712,552,68,649
714,550,68,650
716,550,68,650
718,549,68,651
716,547,68,652
721,545,68,653
725,459,101,706
712,455,69,708
718,543,69,654
720,540,69,657
721,534,69,660
718,540,69,657
718,540,69,657
721,538,69,658
721,536,68,659
720,437,100,719
716,527,68,665
718,527,68,665
723,523,68,667
723,419,100,729
718,511,68,674
718,520,68,669
721,516,69,671
721,513,69,673
725,509,69,676
725,507,69,677
720,504,69,679
718,403,101,738
712,493,69,685
716,493,69,685
716,489,69,687
712,487,68,689
712,484,68,691
716,482,68,692
712,482,68,692
718,484,68,691
716,484,68,691
716,480,68,693
712,489,1,688
714,401,69,739
712,487,69,689
739,570,1,638
720,714,0,546
709,455,68,708
718,705,0,552
712,576,0,634
720,523,68,667
718,624,0,603
720,687,0,563
716,599,1,620
712,462,69,704
720,644,1,591
716,554,1,648
712,464,69,703
711,496,1,683
714,475,69,696
718,500,69,681
716,563,0,642
711,507,0,677
709,475,0,696
714,469,68,699
720,505,68,678
720,612,68,611
714,459,68,706
714,527,0,665
709,460,68,705
707,451,1,710
712,480,0,693
725,529,0,663
730,559,0,644
736,585,0,628
738,603,1,617
712,489,68,688
720,702,0,555
716,489,68,687
714,489,68,688
712,491,68,686
712,489,68,687
714,493,69,685
711,491,69,686
714,509,69,676
718,496,69,683
716,496,69,683
716,495,69,684
718,493,69,685
716,493,69,685
718,493,68,685
716,491,68,686
716,493,68,685
716,495,68,684
718,491,68,686
718,489,68,688
718,486,68,690
718,486,68,690
716,482,69,692
716,473,69,697
712,585,0,628
730,648,0,589
739,714,0,547
743,727,0,538
747,741,0,530
748,745,1,527
714,518,68,670
716,514,68,672
716,511,68,674
718,522,68,668
718,520,68,669
721,520,68,669
720,520,68,669
725,520,68,669
721,504,69,679
725,511,69,674
716,408,101,735
714,505,69,678
718,511,69,674
725,509,101,675
714,451,69,710
718,509,69,676
721,507,68,677
709,498,69,682
711,500,69,681
712,523,1,667
712,507,69,677
720,541,68,656
709,518,0,670
714,518,68,670
716,514,68,672
716,511,68,674
718,522,68,668
718,520,68,669
721,520,68,669
720,520,68,669
725,520,68,669
721,504,69,679
725,511,69,674
716,408,101,735
714,505,69,678
718,511,69,674
725,509,101,675
714,451,69,710
718,509,69,676
721,507,68,677
721,507,68,677
721,507,68,677
721,505,68,678
725,509,68,676
727,414,100,732
723,406,100,736
718,405,100,737
718,399,101,740
712,469,69,699
718,493,69,685
720,491,69,686
725,491,69,686
721,394,101,743
721,498,69,682
716,493,69,685
720,491,69,686
720,491,69,686
721,486,68,690
734,568,0,639
743,612,0,612
748,639,0,594
754,662,0,580
757,675,0,571
709,480,68,693
721,554,68,648
718,498,68,682
716,504,68,679
716,671,0,574
709,520,0,669
718,523,68,667
716,523,68,667
716,529,68,663
718,531,68,662
718,534,69,660
716,527,69,664
718,531,69,662
720,532,69,661
729,442,100,715
730,437,100,719
730,439,101,718
732,437,101,719
730,433,101,721
730,437,101,719
730,433,101,721
732,433,101,721
730,433,101,721
730,433,101,721
732,433,101,721
729,433,101,721
730,432,100,722
727,432,100,722
727,428,100,724
729,426,100,725
727,424,100,726
727,424,100,726
727,424,101,726
730,426,101,725
729,426,101,725
730,426,101,725
725,428,101,724
723,428,101,724
727,428,101,724
725,424,101,726
727,419,101,729
727,415,101,731
721,415,101,731
721,415,101,731
721,415,101,731
716,414,101,732
709,520,0,669
718,523,68,667
716,523,68,667
716,529,68,663
718,531,68,662
718,534,69,660
716,527,69,664
718,531,69,662
720,532,69,661
720,532,69,661
725,538,69,658
725,536,69,659
720,432,101,722
718,426,100,725
716,480,68,693
720,531,68,662
723,532,68,661
725,536,68,659
727,448,100,712
729,442,100,715
730,437,100,719
730,439,101,718
732,437,101,719
730,433,101,721
730,437,101,719
730,433,101,721
732,433,101,721
730,433,101,721
730,433,101,721
732,433,101,721
729,433,101,721
730,432,100,722
727,432,100,722
727,428,100,724
729,426,100,725
727,424,100,726
727,424,100,726
727,424,101,726
730,426,101,725
729,426,101,725
730,426,101,725
725,428,101,724
723,428,101,724
727,428,101,724
725,424,101,726
727,419,101,729
727,415,101,731
721,415,101,731
721,415,101,731
721,415,101,731
716,414,101,732
757,734,0,534
756,739,0,531
754,738,0,532
754,736,0,533
754,738,0,532
754,739,0,531
754,739,0,531
756,741,1,530
756,741,1,530
757,739,1,531
754,739,1,531
754,739,1,531
721,439,101,717
720,439,100,718
712,439,68,717
712,500,68,681
712,527,68,665
712,531,68,662
712,532,68,661
714,540,68,657
714,541,68,655
716,545,68,653
718,547,68,652
720,550,69,650
723,550,69,650
720,462,101,704
718,459,101,706
716,459,101,706
718,459,101,706
716,462,101,704
721,538,69,658
727,469,101,699
716,469,100,699
721,559,68,644
725,475,100,696
714,477,68,695
727,471,100,698
718,460,100,705
720,460,100,705
720,459,100,706
727,453,101,709
725,453,101,709
729,453,101,709
727,448,101,712
727,453,101,709
727,453,101,709
729,451,101,710
727,455,101,708
727,451,101,710
730,455,101,708
727,450,100,711
725,457,100,707
727,453,100,709
725,448,100,712
725,448,100,712
725,441,100,716
729,439,101,717
727,435,101,720
729,437,101,719
729,433,101,721
725,437,101,719
727,433,101,721
727,433,101,721
729,433,101,721
727,432,101,722
729,435,101,720
729,435,100,720
730,439,100,718
725,441,100,716
779,766,0,514
779,766,0,514
779,766,0,514
779,765,0,515
779,765,1,515
779,763,1,516
775,761,1,517
775,757,1,519
747,457,100,707
736,448,100,712
721,450,100,711
716,453,100,709
721,516,68,671
721,541,68,656
721,468,100,700
716,464,100,703
716,468,100,701
718,468,100,700
718,468,100,700
718,471,100,698
716,477,101,695
721,552,69,649
727,486,101,690
727,484,101,691
725,482,101,692
729,484,101,691
730,489,101,688
730,487,101,689
734,487,100,689
734,489,100,687
736,489,100,688
734,489,100,688
738,489,100,687
739,486,100,690
743,482,100,692
736,477,100,695
732,486,101,690
736,482,101,692
739,482,101,692
739,478,101,694
739,475,101,696
739,475,101,696
743,477,101,695
743,475,101,696
743,478,100,694
743,477,101,695
743,477,101,695
743,477,100,695
738,471,100,698
739,468,100,700
738,466,100,702
738,464,100,703
745,468,100,701
739,466,101,702
736,464,101,703
739,466,101,702
743,464,101,703
736,464,101,703
736,466,101,702
734,464,101,703
734,462,101,704
756,599,0,619
765,635,0,597
772,700,0,556
777,703,0,553
779,734,0,534
788,772,1,510
788,772,1,510
788,772,1,510
786,772,0,510
784,770,0,511
784,770,0,511
779,768,0,512
775,766,0,514
775,766,0,514
775,765,0,515
775,765,0,515
775,763,0,516
779,761,0,517
775,761,1,517
774,761,1,517
775,761,1,517
745,468,101,700
738,466,100,702
734,462,100,704
727,464,100,703
727,466,100,702
730,466,100,702
727,475,100,696
721,475,100,696
725,477,100,695
723,477,100,695
725,478,100,694
725,480,100,693
723,484,100,691
725,480,101,693
725,477,101,695
725,482,101,692
723,482,101,692
725,482,101,692
727,486,101,690
729,486,100,690
729,486,100,690
727,487,100,689
727,486,100,690
732,487,100,689
734,489,100,687
734,489,100,687
734,489,100,688
736,484,100,691
738,484,100,691
734,480,101,693
739,480,101,693
739,477,101,695
736,475,101,696
736,469,101,699
736,468,101,700
734,473,100,697
734,475,100,696
732,471,100,698
730,468,100,700
730,468,100,701
730,469,100,699
732,469,100,699
734,471,100,698
736,471,100,698
734,473,100,697
736,471,101,698
736,471,101,698
738,468,101,701
736,464,101,703
730,462,101,704
730,459,101,706
730,457,101,707
727,457,100,707
752,630,0,600
761,714,0,546
766,765,0,515
772,766,0,514
777,768,0,513
784,774,0,509
783,770,0,511
774,545,100,653
747,451,100,710
736,444,100,714
736,442,100,715
743,613,0,610
736,439,100,717
725,439,100,718
720,437,100,719
718,437,100,719
739,669,1,575
748,734,1,534
725,444,101,714
720,441,101,716
716,448,100,712
718,509,68,675
718,522,68,668
721,532,68,661
725,453,100,709
712,489,68,687
716,531,68,662
720,538,68,658
721,540,68,657
720,538,68,658
720,534,68,660
720,538,68,658
721,536,69,659
720,446,101,713
718,448,101,712
716,446,101,713
716,507,69,677
718,527,69,664
723,469,100,699
714,453,100,709
718,514,68,672
718,545,68,653
723,552,68,649
725,558,68,646
718,468,100,701
721,466,100,702
721,468,100,700
721,469,100,699
721,469,101,699
723,468,101,700
723,469,101,699
721,468,101,700
725,471,101,698
721,471,101,698
721,468,101,700
727,469,101,699
727,466,100,702
721,464,100,703
721,468,100,701
725,466,100,702
721,466,100,702
721,464,100,703
718,462,100,704
720,459,100,706
716,462,101,704
718,460,101,705
716,459,101,706
718,460,101,705
718,516,69,671
721,464,101,703
716,459,100,706
743,702,0,554
756,741,0,529
761,761,0,517
766,766,0,514
770,768,0,512
718,482,69,692
716,482,69,692
718,482,69,692
716,484,69,691
709,484,69,691
718,489,69,688
711,487,69,689
714,486,69,690
721,484,69,691
720,486,69,690
720,487,69,689
721,489,69,687
721,489,69,688
721,489,69,687
721,379,101,751
718,480,69,693
721,486,69,690
723,484,69,691
718,376,101,753
712,482,69,692
725,484,69,691
718,487,68,689
712,473,68,697
716,471,68,698
711,475,68,696
720,496,68,683
718,538,1,658
718,482,69,692
716,482,69,692
718,482,69,692
716,484,69,691
709,484,69,691
718,489,69,688
711,487,69,689
714,486,69,690
721,484,69,691
720,486,69,690
720,487,69,689
721,489,69,687
721,489,69,688
721,489,69,687
721,379,101,751
718,480,69,693
721,486,69,690
723,484,69,691
718,376,101,753
712,482,69,692
725,484,69,691
725,482,69,692
721,374,101,754
714,473,69,697
718,477,69,695
718,475,69,696
721,473,69,697
714,473,69,697
714,471,69,698
723,469,69,699
725,468,69,701
720,466,69,702
718,466,69,702
721,464,69,703
725,462,69,704
718,459,69,706
711,459,69,706
712,457,69,707
709,455,69,708
714,513,1,673
712,509,1,676
714,493,69,685
711,498,68,682
718,513,68,673
709,502,68,680
718,529,68,663
721,639,68,594
716,511,68,674
716,516,68,671
716,514,68,672
718,507,68,677
718,504,68,679
714,504,69,679
718,504,69,679
718,507,69,677
711,509,69,675
712,509,69,675
716,509,69,676
714,509,68,676
714,509,68,675
718,513,68,673
716,513,68,673
718,514,68,672
721,511,68,674
727,477,100,695
714,410,100,734
725,511,68,674
716,410,100,734
716,509,69,675
721,511,69,674
725,414,101,732
716,408,101,735
721,509,69,676
725,408,101,735
718,405,101,737
720,507,69,677
720,507,68,677
721,405,100,737
718,399,100,740
712,495,68,684
716,496,68,683
716,493,68,685
720,489,68,687
718,487,68,689
725,486,69,690
723,484,69,691
736,572,1,637
748,612,1,612
754,633,1,598
759,649,1,588
761,653,1,585
718,520,69,669
718,525,69,666
714,527,68,665
712,527,68,664
709,523,68,667
711,527,68,664
716,529,68,663
725,541,101,655
712,480,69,693
720,540,69,657
721,444,100,714
712,511,68,674
718,538,68,658
721,541,68,656
721,540,68,657
714,437,100,719
725,538,68,658
727,439,100,717
716,435,101,720
725,536,69,659
716,435,101,720
716,484,69,691
725,439,101,717
712,489,69,687
725,531,69,662
716,432,101,722
723,529,68,663
712,478,68,694
720,525,68,666
718,523,68,667
720,520,68,669
721,516,68,671
721,516,68,671
721,516,68,671
720,514,69,672
739,729,1,537
748,747,1,526
754,752,1,523
756,754,1,522
759,754,1,521
711,547,68,652
709,547,68,652
714,547,68,652
712,549,68,651
714,549,68,651
716,547,68,652
716,547,68,652
718,541,68,655
716,543,69,654
716,541,69,655
716,545,69,653
716,547,69,652
718,545,69,653
721,543,69,654
721,543,68,654
720,545,68,653
721,545,68,653
721,545,68,653
721,545,68,653
723,549,68,651
725,455,100,708
716,442,100,715
720,549,68,651
721,545,68,653
718,444,101,714
714,439,101,718
720,545,69,653
721,545,69,653
718,439,101,718
716,435,101,720
716,540,68,657
718,536,68,659
718,532,68,661
723,531,68,662
718,529,68,663
718,527,68,664
720,531,68,662
720,534,68,660
721,531,68,662
721,531,68,662
750,754,1,522
761,585,101,629
727,442,101,715
716,439,101,718
720,498,68,682
730,567,0,640
727,450,100,711
730,444,100,714
711,491,68,686
714,504,68,679
729,455,100,708
732,453,100,709
711,505,68,678
716,514,68,672
730,459,101,706
727,455,101,708
727,455,100,708
712,477,68,695
727,590,68,625
709,529,68,663
709,541,68,655
721,678,0,569
709,534,68,660
721,549,68,651
709,541,68,656
718,545,68,653
709,549,68,651
718,549,68,651
712,550,69,650
712,545,69,653
712,550,69,650
709,552,69,649
712,558,68,646
711,558,68,645
712,561,68,643
712,563,68,642
714,567,68,640
714,568,68,639
718,567,68,640
718,568,68,639
718,572,68,637
721,572,68,637
720,572,68,637
718,572,68,637
721,570,68,638
721,568,69,639
721,574,69,635
723,574,69,635
723,574,69,635
721,475,101,696
716,473,101,697
716,469,100,699
712,520,68,669
721,568,68,639
721,473,100,697
716,471,100,698
718,469,100,699
718,468,100,701
718,468,100,700
718,468,100,701
721,464,100,703
716,466,101,702
718,464,101,703
718,527,69,664
725,563,69,642
718,464,101,703
716,464,101,703
716,464,101,703
718,522,69,668
718,558,68,646
721,556,68,647
721,468,100,701
716,462,100,704
718,518,68,670
718,552,68,649
721,552,68,649
750,716,0,545
761,763,1,516
757,509,101,675
736,475,101,696
721,468,101,701
723,466,100,702
725,464,100,703
729,460,100,705
734,486,0,690
727,466,100,702
729,464,100,703
734,464,100,703
734,466,100,702
716,613,1,610
714,525,68,666
720,523,68,667
711,516,68,671
720,516,68,671
716,649,0,587
712,514,68,672
718,518,68,670
721,685,68,565
712,586,0,627
712,522,68,668
718,518,68,670
709,541,0,656
711,516,69,671
716,518,69,670
720,590,1,625
712,518,69,670
709,522,69,668
720,666,1,577
712,516,68,671
711,522,68,668
711,523,68,667
712,520,68,669
714,520,68,669
712,520,68,669
712,520,68,669
714,518,68,670
718,518,68,670
720,520,68,669
721,516,68,671
714,444,69,714
718,513,69,673
720,513,69,673
723,511,69,674
721,509,69,675
721,509,69,676
723,504,69,679
723,504,69,679
723,500,69,681
721,498,69,682
718,496,68,683
721,493,68,685
718,495,68,684
716,496,68,683
718,495,68,684
718,493,68,685
718,489,69,688
711,511,69,674
716,516,69,671
718,586,0,627
714,523,68,667
718,520,68,669
716,523,68,667
720,523,68,667
720,523,68,667
721,527,68,664
723,432,100,722
712,527,69,665
721,527,69,664
721,432,101,722
721,529,69,663
721,437,101,719
718,531,69,662
727,513,101,673
714,520,69,669
725,536,69,659
725,538,69,658
718,437,101,719
720,433,101,721
718,432,100,722
729,444,100,714
720,432,100,722
716,432,100,722
718,532,69,661
721,432,101,722
716,514,69,672
725,432,101,722
716,426,101,725
721,523,69,667
725,426,101,725
718,520,69,669
721,415,101,731
721,511,69,674
727,414,101,732
714,496,69,683
725,505,69,678
716,401,101,739
723,498,69,682
723,498,68,682
725,493,68,685
718,489,69,687
739,576,1,634
770,741,1,529
770,748,1,525
766,750,0,524
763,750,0,524
727,468,100,701
718,466,100,702
712,525,68,666
714,538,68,658
714,558,68,645
716,565,68,641
718,572,68,636
721,574,68,635
721,574,69,635
723,581,69,631
723,572,69,636
725,498,101,682
716,495,101,684
718,496,101,683
718,500,100,681
721,502,100,680
720,502,100,680
721,504,100,679
720,507,100,677
725,504,100,679
723,507,100,677
725,505,100,678
727,509,100,676
727,509,100,675
732,509,101,676
727,509,101,676
730,513,101,673
732,511,101,674
732,509,101,675
734,509,101,676
730,509,101,676
730,507,101,677
730,509,100,676
736,505,100,678
734,505,100,678
727,504,100,679
730,502,100,680
732,495,100,684
732,493,100,685
727,491,100,686
730,491,101,686
729,491,101,686
730,495,101,684
729,491,101,686
729,493,101,685
732,495,101,684
727,491,101,686
727,489,101,688
725,486,100,690
723,486,100,690
723,484,100,691
725,484,100,691
720,482,100,692
752,675,0,572
761,743,0,528
765,757,0,519
766,761,1,517
781,743,0,528
781,741,0,530
781,738,0,532
781,754,0,521
781,748,0,525
781,754,0,521
775,759,0,518
775,761,0,517
774,761,0,517
772,759,1,518
772,759,1,518
770,757,1,519
768,756,1,520
768,756,0,520
768,754,0,521
768,754,0,521
736,460,100,705
734,455,100,708
721,450,100,711
718,455,100,708
712,525,68,666
714,532,68,661
716,552,68,649
720,550,68,650
721,556,68,647
718,558,69,645
720,558,69,645
720,559,69,644
718,563,69,642
721,567,68,640
721,568,69,639
723,568,68,639
716,477,100,695
716,477,100,695
714,471,100,698
718,549,68,651
718,576,68,634
721,574,68,635
721,572,68,636
727,570,100,638
714,459,100,706
718,570,69,638
723,572,69,637
721,469,101,699
718,460,101,705
716,459,101,706
716,457,101,707
718,455,101,708
716,451,100,710
716,450,100,711
718,448,100,712
718,446,100,713
716,442,100,715
718,444,100,714
716,446,100,713
716,446,100,713
718,442,100,715
716,444,101,714
716,442,101,715
716,442,101,715
718,543,69,654
720,540,69,657
721,532,69,661
721,527,69,665
721,522,69,668
723,522,68,668
718,516,68,671
721,516,68,671
723,500,68,681
748,727,0,539
761,765,0,515
768,772,0,510
772,779,0,506
779,784,1,502
784,774,0,509
786,774,0,509
786,775,0,508
786,775,0,508
772,491,100,686
738,462,100,704
729,451,100,710
721,446,100,713
730,554,0,648
756,700,0,556
763,752,1,523
766,757,1,519
768,761,1,517
772,763,1,516
775,766,0,514
777,768,0,512
743,475,100,696
730,471,100,698
721,468,100,700
723,468,100,701
720,469,100,699
716,469,100,699
716,529,68,663
718,558,68,645
721,563,68,642
725,570,68,638
725,568,69,639
723,572,69,637
721,489,101,688
718,486,101,690
718,486,101,690
716,480,101,693
716,480,100,693
721,482,100,692
716,480,100,693
718,473,100,697
720,473,100,697
718,473,100,697
720,469,100,699
720,469,100,699
721,468,100,700
718,469,100,699
718,468,101,700
721,468,101,700
725,468,101,700
725,468,101,701
727,468,101,701
730,466,101,702
729,464,101,703
729,462,101,704
725,462,100,704
721,464,100,703
721,466,100,702
725,466,100,702
727,468,100,701
727,466,100,702
725,466,100,702
727,468,100,701
727,464,101,703
730,459,101,706
729,439,101,717
727,430,101,723
723,424,101,726
718,417,101,730
721,412,101,733
712,507,69,677
714,509,68,676
716,504,68,679
712,498,68,682
747,594,0,623
759,662,0,579
765,714,0,547
766,748,0,525
772,770,0,511
777,748,0,525
752,635,1,597
756,662,0,579
757,685,0,565
718,365,100,759
716,489,68,688
716,495,68,684
718,531,0,662
712,489,68,687
712,516,0,671
716,504,68,679
714,505,68,678
709,509,68,676
712,511,68,674
712,513,68,673
711,513,69,673
712,513,69,673
711,518,69,670
716,523,69,667
712,523,69,667
716,525,69,666
720,525,68,666
718,527,68,664
718,527,68,664
718,527,68,664
721,531,68,662
723,536,68,659
712,455,68,708
725,529,100,663
716,516,68,671
727,441,100,716
714,523,69,667
727,441,101,716
716,505,69,678
720,439,101,717
723,534,69,660
727,446,101,713
712,459,69,706
727,433,101,721
718,426,100,725
721,531,68,662
725,480,100,693
720,527,68,665
727,532,100,661
712,466,68,702
723,527,68,664
716,423,100,727
720,523,69,667
716,417,101,730
721,516,69,671
716,408,101,735
718,505,69,678
723,504,69,679
725,498,69,682
721,493,69,685
716,394,100,743
723,491,68,686
743,590,0,625
754,646,0,590
761,689,0,562
766,716,0,545
770,738,0,532
774,748,0,525
772,754,0,521
772,757,0,519
772,759,0,518
774,759,0,518
770,759,0,518
770,756,0,520
768,754,1,522
768,752,1,523
768,752,1,523
716,525,0,666
712,493,69,685
707,493,1,685
711,498,69,682
712,505,69,678
709,502,69,680
716,509,69,676
718,545,0,653
709,513,68,673
712,507,68,677
709,502,68,680
720,511,68,674
720,518,68,670
723,520,68,669
718,520,68,669
721,523,68,667
721,523,68,667
721,424,100,726
720,527,69,665
718,430,101,723
720,534,69,660
716,430,101,723
718,534,69,660
718,435,101,720
718,540,69,657
720,437,101,719
723,541,68,656
712,532,68,661
723,442,100,715
718,543,68,654
720,439,100,717
718,541,68,656
720,439,100,718
725,540,68,657
721,433,101,721
716,430,101,723
720,527,69,664
725,424,101,726
718,419,101,729
718,509,69,675
725,415,101,731
718,410,101,734
720,414,101,732
745,572,1,637
725,423,100,727
718,417,100,730
709,487,68,689
716,513,68,673
779,766,1,514
779,768,1,513
779,768,1,513
779,768,0,513
779,768,0,513
779,768,0,513
779,766,0,514
775,766,0,514
772,766,0,514
774,765,0,515
774,765,0,515
774,763,0,516
775,765,0,515
774,763,1,516
775,765,1,515
775,765,1,515
777,765,1,515
739,475,100,696
730,468,100,701
723,468,100,701
718,473,100,697
723,477,100,695
725,482,100,692
734,489,100,687
732,496,100,683
736,493,100,685
727,495,100,684
723,493,100,685
721,495,100,684
727,495,101,684
730,496,101,683
734,496,101,683
730,489,101,688
730,484,101,691
721,480,101,693
725,478,100,694
725,477,101,695
729,475,100,696
725,477,100,695
725,475,100,696
727,475,100,696
730,471,100,698
727,473,100,697
727,471,100,698
730,469,100,699
730,473,101,697
734,475,101,696
732,468,101,700
732,473,101,697
734,475,101,696
736,473,101,697
734,477,101,695
734,471,101,698
734,475,100,696
736,480,100,693
738,478,100,694
738,478,100,694
738,477,100,695
741,477,100,695
747,480,100,693
752,482,100,692
752,478,100,694
748,475,101,696
747,468,101,700
743,466,101,702
739,464,101,703
743,464,101,703
748,462,101,704
752,459,101,706
752,457,101,707
745,450,101,711
743,450,101,711
745,455,100,708
739,459,100,706
765,694,0,559
797,788,1,500
797,788,1,500
797,788,0,500
795,786,0,501
795,784,0,502
790,783,0,504
788,781,0,505
788,779,0,506
786,779,0,506
784,777,0,507
784,775,0,508
784,774,0,509
784,775,1,508
788,774,1,509
788,775,1,508
752,493,101,685
748,487,100,689
743,489,100,687
745,489,100,687
743,489,100,688
732,489,100,687
730,489,100,688
729,489,100,687
727,495,100,684
727,495,100,684
730,495,100,684
725,486,100,690
723,484,100,691
727,484,101,691
727,484,101,691
727,486,101,690
727,486,101,690
727,489,101,688
730,486,101,690
730,482,101,692
730,482,101,692
732,480,100,693
730,477,100,695
745,480,100,693
747,486,100,690
747,484,100,691
747,486,100,690
745,484,100,691
745,484,100,691
748,486,101,690
752,482,101,692
754,482,101,692
757,484,101,691
757,482,101,692
757,484,101,691
757,487,101,689
757,484,101,691
757,484,101,691
757,480,101,693
759,478,100,694
759,480,101,693
763,478,100,694
763,480,100,693
761,480,100,693
763,482,100,692
761,484,101,691
761,484,101,691
757,484,101,691
756,487,101,689
754,482,101,692
754,478,101,694
747,475,101,696
745,475,101,696
745,475,101,696
745,473,100,697
743,473,100,697
748,471,100,698
750,477,101,695
738,469,101,699
734,468,100,700
725,468,100,701
725,468,100,700
723,469,100,699
720,469,100,699
720,473,100,697
720,475,100,696
723,477,100,695
721,478,100,694
718,484,100,691
723,480,100,693
730,484,100,691
727,480,101,693
730,480,101,693
732,482,101,692
729,480,101,693
732,478,101,694
738,478,101,694
736,480,101,693
736,484,101,691
736,486,100,690
736,484,100,691
736,480,100,693
734,482,100,692
734,482,100,692
736,486,100,690
739,487,100,689
745,487,100,689
748,489,101,688
752,486,101,690
745,486,101,690
748,486,101,690
748,486,101,690
750,486,101,690
754,486,101,690
754,487,101,689
754,489,101,687
754,486,101,690
754,482,100,692
754,484,100,691
754,478,100,694
754,480,100,693
754,477,100,695
748,473,100,697
743,469,101,699
741,469,101,699
738,475,101,696
748,477,101,695
748,475,101,696
748,480,101,693
745,475,101,696
770,766,1,514
779,783,0,504
784,786,0,501
788,792,0,498
790,797,0,495
790,768,1,512
790,768,1,512
786,770,0,511
784,768,0,513
783,766,0,514
784,766,0,514
781,768,0,513
779,766,0,514
779,765,0,515
775,763,0,516
775,765,0,515
775,763,0,516
777,763,0,516
777,763,0,516
775,761,1,517
739,469,101,699
730,462,101,704
729,459,101,706
723,459,100,706
718,462,100,704
716,464,100,703
721,464,100,703
716,469,100,699
718,468,100,701
720,468,100,700
725,473,100,697
725,471,100,698
723,469,100,699
723,477,100,695
721,478,100,694
727,480,101,693
725,484,101,691
721,489,101,688
729,489,101,688
729,495,101,684
734,496,101,683
734,496,101,683
732,498,101,682
736,502,100,680
739,500,100,681
738,502,100,680
736,498,100,682
743,500,100,681
743,495,100,684
739,495,100,684
734,495,100,684
739,496,101,683
743,498,101,682
745,493,101,685
745,493,101,685
743,491,101,686
741,493,101,685
736,495,101,684
738,493,101,685
743,491,100,686
743,487,100,689
738,484,100,691
745,484,100,691
743,480,100,693
739,480,100,693
736,478,100,694
738,480,100,693
736,475,101,696
736,475,101,696
734,477,101,695
734,473,101,697
736,473,101,697
727,469,101,699
759,711,1,549
770,714,1,547
777,732,0,535
781,754,0,521
784,772,0,510
790,770,1,511
790,752,0,523
788,754,0,522
788,768,0,513
786,768,0,512
784,774,0,509
784,777,0,507
783,777,0,507
784,777,0,507
784,775,0,508
784,777,0,507
788,774,0,509
757,477,100,695
741,464,101,703
743,462,101,704
736,459,101,706
729,459,101,706
725,455,100,708
725,459,100,706
721,459,100,706
718,460,100,705
716,513,68,673
716,529,68,663
720,547,68,652
720,552,68,649
720,556,68,647
721,556,68,647
723,558,68,645
721,559,68,644
725,561,68,643
725,565,69,641
721,487,101,689
721,486,101,690
718,486,101,690
720,487,101,689
721,487,101,689
720,489,100,687
721,489,100,687
718,489,100,687
721,493,100,685
721,495,100,684
725,491,100,686
723,495,100,684
725,495,100,684
725,493,100,685
723,491,100,686
725,491,101,686
725,489,101,687
725,489,101,688
727,489,101,688
727,487,101,689
727,486,101,690
727,486,101,690
727,484,101,691
725,480,100,693
723,480,100,693
723,478,100,694
725,478,100,694
725,475,100,696
723,475,100,696
721,473,100,697
725,471,100,698
721,469,101,699
721,469,101,699
725,468,101,701
721,468,101,701
720,468,101,701
754,631,1,599
765,673,1,573
772,702,1,554
775,736,0,533
779,754,0,521
790,777,1,507
790,775,1,508
788,779,0,506
790,779,0,506
786,779,0,506
783,777,0,507
766,502,100,680
752,444,100,714
748,442,100,715
736,435,100,720
736,480,0,693
757,594,0,623
763,734,0,534
766,754,0,521
734,444,101,714
720,441,101,716
716,441,101,716
714,502,69,680
714,536,68,659
718,538,68,658
720,538,68,658
720,541,68,656
718,545,68,653
721,545,68,653
725,547,68,652
725,552,68,649
723,552,68,649
725,556,68,647
716,460,100,705
714,459,100,706
720,549,69,651
725,558,69,645
718,464,101,703
718,468,101,701
714,466,101,702
714,468,101,701
721,529,68,663
721,570,68,638
723,475,100,696
720,471,100,698
725,473,100,697
721,471,100,698
725,468,100,700
721,469,100,699
723,468,100,701
727,468,100,700
723,469,100,699
729,468,101,700
725,469,101,699
729,468,101,701
729,466,101,702
725,466,101,702
729,464,101,703
729,464,100,703
730,460,100,705
727,460,100,705
730,457,100,707
729,455,100,708
727,457,100,707
725,453,100,709
725,455,100,708
721,451,100,710
727,450,100,711
727,446,101,713
723,444,101,714
721,442,101,715
716,442,101,715
754,693,1,560
766,756,1,520
774,774,1,509
775,777,0,507
779,784,0,503
788,775,1,508
788,775,0,508
786,775,0,508
783,774,0,509
781,774,0,509
783,774,0,509
783,774,0,509
781,774,0,509
781,772,0,510
779,770,0,511
779,770,0,511
779,772,0,510
745,444,100,714
738,437,101,719
727,424,101,726
718,423,101,727
716,426,101,725
712,484,68,691
716,516,68,671
714,523,68,667
712,525,68,666
714,529,68,663
716,529,68,663
718,534,68,660
716,536,68,659
718,538,68,658
720,543,68,654
718,547,68,652
718,545,68,653
720,547,69,652
718,441,101,716
718,437,101,719
721,437,101,719
721,435,101,720
720,432,101,722
718,435,100,720
723,437,100,719
721,437,100,719
720,435,100,720
720,437,100,719
720,433,100,721
727,433,100,721
720,437,100,719
716,437,100,719
718,432,100,722
718,437,101,719
721,439,101,718
727,437,101,719
720,437,101,719
720,439,101,718
721,437,101,719
721,437,101,719
721,435,101,720
727,437,100,719
725,437,100,719
729,435,100,720
723,433,100,721
721,433,100,721
718,433,100,721
718,432,100,722
716,428,100,724
718,426,100,725
716,514,69,672
723,527,69,664
725,527,69,664
754,720,1,543
766,759,1,518
772,772,1,510
775,777,0,507
777,779,0,506
784,768,1,512
784,768,1,513
781,766,0,514
775,765,0,515
772,761,0,517
772,757,0,519
772,757,0,519
770,757,0,519
768,756,0,520
768,754,0,521
770,754,0,521
770,756,0,520
730,439,100,717
718,433,100,721
714,473,69,697
716,523,69,667
718,540,69,657
718,543,69,654
720,547,69,652
721,448,100,712
716,547,68,652
720,549,68,651
718,552,68,649
723,552,68,649
716,444,100,714
720,552,68,649
720,444,100,714
716,541,68,655
721,556,68,647
721,448,100,712
714,442,101,715
725,556,69,647
721,450,101,711
723,446,101,713
723,446,101,713
720,448,101,712
721,448,100,712
723,450,100,711
725,450,100,711
721,444,100,714
718,451,100,710
720,448,100,712
725,451,100,710
725,451,100,710
727,450,100,711
730,446,100,713
725,450,101,711
725,451,101,710
727,446,101,713
725,450,101,711
725,444,101,714
727,446,101,713
730,439,101,717
727,442,101,715
730,442,100,715
729,444,100,714
736,444,100,714
730,439,100,717
727,439,100,717
727,439,100,718
736,441,100,716
730,439,100,718
727,439,101,717
727,437,101,719
730,430,101,723
725,433,101,721
721,433,101,721
718,433,101,721
718,433,101,721
754,624,1,604
739,437,100,719
734,435,100,720
721,428,100,724
777,765,1,515
775,763,1,516
770,761,1,517
768,759,0,518
766,757,0,519
768,756,0,520
770,756,0,520
766,754,0,521
765,754,0,521
765,754,0,521
765,754,0,521
766,754,0,521
739,446,100,713
736,444,100,714
727,442,100,715
720,439,101,717
720,439,101,718
709,496,69,683
711,525,69,666
723,666,0,577
709,507,68,677
712,545,68,653
716,547,68,652
714,550,68,650
716,554,68,648
716,556,68,647
718,554,68,648
720,554,68,648
718,558,68,646
721,556,68,647
718,554,68,648
721,558,69,646
723,559,69,644
718,448,101,712
721,451,101,710
718,453,101,709
718,453,101,709
720,453,101,709
725,450,101,711
721,455,101,708
720,457,101,707
727,459,100,706
721,459,101,706
730,457,100,707
721,457,100,707
727,457,100,707
727,457,100,707
734,457,101,707
736,460,101,705
741,460,101,705
739,459,101,706
739,453,101,709
730,455,101,708
734,457,101,707
743,459,101,706
738,457,101,707
745,457,101,707
745,455,101,708
748,453,101,709
748,451,100,710
736,446,100,713
730,446,100,713
730,441,100,716
729,444,101,714
727,441,101,716
725,439,101,717
727,439,101,718
721,437,101,719
721,439,101,717
786,768,1,513
784,768,0,513
784,761,0,517
784,754,0,521
781,766,0,514
781,766,0,514
777,765,0,515
774,763,0,516
741,464,100,703
725,442,100,715
725,441,100,716
718,441,100,716
714,471,69,698
714,520,69,669
720,545,69,653
721,550,69,650
720,549,69,651
721,547,69,652
721,549,68,651
720,550,68,650
721,549,68,651
721,545,68,653
720,549,68,651
721,550,68,650
716,439,100,717
718,441,100,716
716,439,100,718
720,547,68,652
725,545,69,653
723,545,69,653
725,547,69,652
720,439,101,718
720,439,101,717
721,441,101,716
721,439,101,718
721,442,101,715
721,441,100,716
723,442,101,715
723,441,100,716
727,441,100,716
729,442,100,715
727,441,100,716
727,444,100,714
725,439,100,717
727,441,101,716
729,441,101,716
727,441,101,716
727,439,101,718
730,439,101,717
736,441,101,716
741,439,101,717
747,437,101,719
739,435,100,720
732,432,100,722
734,428,100,724
725,426,100,725
725,423,100,727
727,419,100,729
718,417,100,730
721,414,100,732
718,410,101,734
754,671,1,574
748,419,101,729
730,414,101,732
718,408,101,735
718,498,69,682
779,766,1,514
775,763,1,516
775,761,1,517
774,759,0,518
770,757,0,519
768,757,0,519
768,756,0,520
770,756,0,520
772,757,0,519
770,757,0,519
770,756,0,520
734,426,100,725
718,426,100,725
712,480,68,693
714,527,68,664
716,545,69,653
716,549,69,651
718,552,69,649
720,552,69,649
721,554,68,648
721,558,68,645
721,559,68,644
720,561,68,643
721,563,68,642
723,567,68,640
718,459,100,706
716,459,100,706
718,457,100,707
716,505,68,678
721,561,68,643
725,471,100,698
727,457,100,707
718,460,101,705
718,459,101,706
716,459,101,706
721,457,101,707
718,459,101,706
723,459,101,706
725,460,101,705
725,460,101,705
727,460,100,705
729,459,100,706
727,459,100,706
730,453,100,709
729,457,100,707
727,460,100,705
730,455,100,708
730,455,100,708
730,457,101,707
734,451,101,710
734,450,101,711
730,453,101,709
729,451,101,710
730,450,101,711
730,448,100,712
729,446,101,713
729,444,100,714
727,441,100,716
725,439,100,717
725,439,100,718
720,437,100,719
723,433,100,721
721,432,100,722
718,428,100,724
752,561,1,643
765,684,1,566
772,747,1,526
779,770,1,511
752,432,101,722
739,421,101,728
732,414,101,732
725,414,100,732
716,412,100,733
712,486,68,690
709,516,68,671
739,720,0,543
754,743,0,528
757,754,0,521
736,442,100,715
727,439,100,717
718,444,100,714
712,489,68,688
716,529,68,663
716,549,69,651
718,558,69,646
718,558,69,645
718,462,101,704
716,455,101,708
716,455,101,708
714,509,68,675
718,563,68,642
723,565,68,641
723,565,68,641
725,466,100,702
716,464,100,703
718,460,100,705
721,462,100,704
720,464,100,703
718,464,100,703
721,464,101,703
723,466,101,702
725,462,101,704
725,460,101,705
729,464,101,703
727,462,101,704
727,462,101,704
732,459,101,706
727,464,100,703
730,460,100,705
727,462,100,704
730,464,100,703
741,464,100,703
739,462,100,704
739,460,100,705
739,460,100,705
734,462,100,704
739,464,101,703
748,464,101,703
743,460,101,705
736,460,101,705
748,460,101,705
748,459,101,706
745,455,101,708
743,459,101,706
752,455,100,708
748,451,100,710
745,448,100,712
738,442,100,715
730,441,100,716
736,441,100,716
729,439,100,718
761,642,0,592
748,441,101,716
743,437,101,719
730,433,101,721
748,446,101,713
757,727,1,538
766,754,0,522
772,763,0,516
774,768,0,512
777,770,0,511
779,774,0,509
781,766,68,514
750,457,100,707
745,453,100,709
745,453,100,709
745,455,100,708
739,455,100,708
734,450,100,711
725,453,101,709
723,453,101,709
721,457,101,707
721,457,101,707
718,460,101,705
720,464,100,703
718,468,100,701
718,466,100,702
718,468,100,701
721,468,100,700
718,468,100,700
721,469,100,699
721,469,100,699
725,469,100,699
721,469,100,699
725,469,100,699
727,469,101,699
729,468,101,700
727,469,101,699
729,468,101,700
736,468,101,700
734,468,101,701
734,466,100,702
727,469,100,699
730,469,100,699
736,469,100,699
736,468,100,700
738,468,100,701
738,464,100,703
736,468,100,701
738,466,100,702
739,466,100,702
739,468,101,701
738,466,101,702
739,464,101,703
736,466,101,702
736,468,101,701
739,466,101,702
739,466,101,702
738,464,101,703
736,460,100,705
736,460,100,705
736,457,100,707
730,469,100,699
730,455,100,708
729,453,100,709
725,453,100,709
759,723,0,541
745,455,100,708
736,446,101,713
729,448,101,712
786,779,0,506
786,779,0,506
788,779,0,506
788,779,0,506
786,777,0,507
786,775,0,508
783,775,0,508
781,777,1,507
784,779,1,506
788,779,1,506
784,777,1,507
781,774,0,509
781,772,0,510
781,772,0,510
781,770,0,511
781,770,0,511
748,455,100,708
752,451,100,710
752,455,100,708
745,457,100,707
738,451,100,710
725,450,100,711
723,453,100,709
720,455,101,708
721,459,101,706
720,460,101,705
718,466,101,702
718,468,101,700
721,468,101,700
721,466,100,702
718,468,100,700
718,471,100,698
720,469,100,699
721,471,100,698
721,473,100,697
721,473,100,697
725,473,100,697
725,480,100,693
725,478,100,694
725,480,101,693
729,478,101,694
730,478,101,694
732,475,101,696
730,478,101,694
729,477,101,695
734,473,100,697
732,475,101,696
734,475,100,696
734,473,100,697
734,471,100,698
734,473,100,697
734,473,100,697
738,473,100,697
736,473,100,697
743,473,100,697
745,471,101,698
741,471,101,698
739,471,101,698
738,471,101,698
743,468,101,700
748,468,101,700
752,468,101,701
750,466,101,702
747,462,100,704
743,459,100,706
738,460,100,705
736,460,100,705
734,460,100,705
736,459,100,706
763,745,0,527
775,770,0,511
781,784,1,502
786,790,1,499
790,795,1,496
788,779,0,506
788,777,0,507
788,777,0,507
788,779,0,506
788,775,0,508
788,775,0,508
781,772,0,510
779,770,0,511
783,770,1,511
783,768,1,512
781,768,1,512
779,768,1,513
775,768,0,513
777,768,0,513
779,768,0,513
779,768,0,513
748,471,100,698
738,455,100,708
730,450,100,711
730,466,100,702
721,469,100,699
721,469,100,699
721,462,100,704
721,460,100,705
718,469,101,699
716,471,101,698
716,460,101,705
718,464,101,703
718,464,100,703
718,466,100,702
718,468,100,701
718,468,100,700
721,469,100,699
721,471,100,698
723,475,100,696
727,475,100,696
727,478,100,694
727,469,100,699
725,471,100,698
727,473,100,697
727,471,101,698
730,473,101,697
730,469,101,699
729,469,101,699
734,471,101,698
734,471,101,698
734,473,101,697
736,471,101,698
738,469,100,699
738,471,100,698
739,471,100,698
748,475,100,696
748,475,100,696
743,471,100,698
748,471,100,698
752,473,100,697
752,473,101,697
757,473,101,697
757,471,101,698
754,468,101,700
757,466,101,702
752,462,101,704
752,459,101,706
750,459,101,706
748,457,101,707
739,457,101,707
741,453,100,709
743,459,100,706
743,457,100,707
748,451,100,710
739,453,100,709
747,451,100,710
743,450,101,711
766,572,1,637
775,657,1,583
745,468,101,701
736,448,101,712
730,442,101,715
723,439,100,717
777,768,0,512
779,752,0,523
779,743,0,528
781,732,0,535
779,768,0,513
781,768,0,513
775,748,0,525
772,761,0,517
772,754,1,522
772,754,1,521
774,754,1,521
774,748,1,525
772,741,1,529
772,757,0,519
772,759,0,518
772,759,0,518
738,442,100,715
723,439,100,717
720,437,100,719
716,439,100,718
714,459,68,706
712,511,68,674
716,540,68,657
720,549,68,651
721,552,68,649
721,556,69,647
725,559,69,644
725,469,101,699
720,468,101,700
721,471,101,698
725,473,101,697
725,477,100,695
725,477,100,695
732,473,100,697
730,473,100,697
729,475,100,696
730,478,100,694
730,478,100,694
734,478,100,694
734,477,100,695
736,482,100,692
734,480,101,693
738,478,101,694
739,478,101,694
739,477,101,695
739,477,101,695
748,482,101,692
752,478,101,694
752,473,101,697
757,471,101,698
750,469,101,699
750,469,100,699
754,469,100,699
752,468,100,701
754,471,100,698
754,468,100,701
756,466,100,702
757,462,101,704
748,459,101,706
750,455,101,708
743,455,101,708
748,453,101,709
743,451,101,710
741,451,101,710
741,451,101,710
745,455,101,708
747,446,101,713
748,451,101,710
752,450,101,711
752,446,100,713
750,442,100,715
745,444,100,714
743,441,100,716
763,748,1,525
790,777,1,507
792,775,0,508
786,774,0,509
784,772,0,510
750,480,100,693
739,473,100,697
745,460,100,705
743,459,100,706
734,459,100,706
732,462,100,704
729,462,100,704
725,462,100,704
723,464,100,703
727,468,101,701
727,464,101,703
727,468,101,700
727,471,101,698
727,469,101,699
725,477,101,695
725,477,101,695
727,477,100,695
730,480,100,693
725,482,100,692
730,482,100,692
729,482,100,692
727,482,100,692
732,482,100,692
734,480,100,693
736,480,100,693
734,487,100,689
736,482,101,692
736,482,101,692
734,480,101,693
743,484,101,691
748,482,101,692
748,482,101,692
750,480,101,693
757,482,101,692
757,478,101,694
756,477,101,695
757,480,100,693
761,478,100,694
761,478,100,694
756,473,100,697
754,468,100,700
752,464,100,703
748,459,101,706
747,457,101,707
754,457,101,707
752,459,101,706
747,455,101,708
756,453,101,709
756,448,101,712
745,441,101,716
741,439,100,718
736,433,100,721
732,435,100,720
763,705,0,552
752,437,100,719
739,430,100,723
730,426,100,725
790,779,0,506
788,781,0,505
790,779,0,506
790,779,0,506
788,779,0,506
788,777,0,507
784,775,0,508
783,772,0,510
784,772,0,510
784,772,0,510
784,772,1,510
784,772,1,510
784,772,1,510
784,770,1,511
784,770,0,511
784,770,0,511
748,469,100,699
745,460,100,705
741,457,100,707
736,460,100,705
727,460,100,705
727,459,100,706
721,462,100,704
721,462,100,704
721,462,100,704
723,464,100,703
718,460,101,705
721,464,101,703
718,464,101,703
718,464,101,703
718,466,100,702
718,462,101,704
718,466,100,702
718,466,100,702
721,464,100,703
721,464,100,703
725,462,100,704
725,466,100,702
725,460,100,705
727,460,100,705
727,460,100,705
730,455,100,708
727,459,100,706
727,460,101,705
727,462,101,704
734,457,101,707
730,464,101,703
736,459,101,706
736,464,101,703
734,460,100,705
739,455,100,708
734,459,100,706
734,460,100,705
730,459,100,706
736,453,100,709
736,453,100,709
738,459,100,706
741,451,100,710
745,453,100,709
754,453,101,709
747,446,101,713
745,442,101,715
743,442,101,715
748,446,101,713
745,439,101,717
739,437,101,719
738,435,101,720
732,430,100,723
727,426,100,725
759,689,0,562
747,424,100,726
730,419,100,729
725,415,100,731
721,414,100,732
738,460,100,705
734,462,100,704
792,784,0,503
790,784,0,503
792,784,0,503
793,784,0,502
793,788,0,500
793,786,0,501
793,786,0,501
793,786,0,501
792,786,0,501
793,786,0,501
793,786,0,501
793,786,1,501
793,784,1,502
793,784,1,503
792,783,1,504
770,477,100,695
761,464,100,703
754,468,100,701
754,462,100,704
752,464,100,703
745,462,100,704
741,464,100,703
738,460,100,705
734,462,100,704
734,468,100,701
729,471,100,698
732,466,100,702
730,466,101,702
732,469,101,699
727,473,101,697
729,473,101,697
730,475,101,696
736,471,101,698
732,478,100,694
730,477,100,695
732,475,100,696
709,489,0,687
725,397,100,741
718,392,101,744
721,396,101,742
712,477,69,695
727,480,101,693
723,397,101,741
723,394,101,743
725,396,101,742
721,399,101,740
727,397,100,741
725,396,100,742
723,397,100,741
721,399,100,740
725,397,100,741
721,399,100,740
723,397,100,741
721,396,100,742
718,394,100,743
723,388,101,746
725,388,101,746
725,387,101,747
711,460,68,705
720,513,68,673
711,473,68,697
720,522,68,668
712,478,68,694
711,480,69,693
716,529,1,663
709,480,69,693
718,489,69,687
718,493,69,685
712,478,69,694
716,482,69,692
714,489,69,687
712,498,68,682
721,502,68,680
723,491,68,686
721,383,100,749
718,405,100,737
721,388,100,746
709,489,0,687
725,397,100,741
718,392,101,744
721,396,101,742
712,477,69,695
727,480,101,693
723,397,101,741
723,394,101,743
725,396,101,742
721,399,101,740
727,397,100,741
725,396,100,742
723,397,100,741
721,399,100,740
725,397,100,741
721,399,100,740
723,397,100,741
721,396,100,742
718,394,100,743
723,388,101,746
725,388,101,746
725,387,101,747
725,387,101,747
723,383,101,749
721,379,101,751
720,376,101,753
718,370,101,756
718,369,100,757
718,464,68,703
720,466,68,702
720,459,68,706
720,455,68,708
720,455,68,708
718,451,68,710
732,558,0,645
725,509,68,675
725,414,100,732
725,414,100,732
725,412,100,733
725,412,101,733
725,414,101,732
721,415,101,731
727,415,101,731
727,415,101,731
727,415,101,731
727,415,100,731
730,415,100,731
723,412,100,733
730,414,100,732
727,412,100,733
729,414,100,732
729,410,100,734
729,408,100,735
729,405,100,737
725,405,100,737
727,403,101,738
727,397,101,741
721,396,101,742
725,394,101,743
725,390,101,745
727,388,101,746
725,388,101,746
721,385,101,748
721,383,100,749
721,383,100,749
720,381,100,750
718,381,100,750
716,379,100,751
714,378,100,752
714,376,100,753
732,538,0,658
712,455,68,708
718,518,0,670
714,468,68,700
712,489,0,687
716,482,68,692
716,484,68,691
714,493,68,685
714,489,69,688
712,511,1,674
709,493,69,685
714,493,69,685
711,504,69,679
709,502,69,680
721,507,68,677
725,509,68,675
718,405,100,737
718,408,100,735
718,516,68,671
723,511,68,674
727,417,100,730
725,414,100,732
725,414,100,732
725,412,100,733
725,412,101,733
725,414,101,732
721,415,101,731
727,415,101,731
727,415,101,731
727,415,101,731
727,415,100,731
730,415,100,731
723,412,100,733
730,414,100,732
727,412,100,733
729,414,100,732
729,410,100,734
729,408,100,735
729,405,100,737
725,405,100,737
727,403,101,738
727,397,101,741
721,396,101,742
725,394,101,743
725,390,101,745
727,388,101,746
725,388,101,746
721,385,101,748
721,383,100,749
721,383,100,749
720,381,100,750
718,381,100,750
716,379,100,751
714,378,100,752
714,376,100,753
732,538,0,658
714,493,0,685
716,455,68,708
709,459,68,706
711,469,68,699
714,473,68,697
712,473,68,697
712,482,68,692
712,482,68,692
711,489,69,687
716,496,69,683
714,502,69,680
721,500,69,681
725,388,101,746
720,383,101,749
716,489,69,688
725,496,69,683
725,396,101,742
725,388,101,746
721,390,101,745
721,392,101,744
727,390,101,745
725,392,101,744
725,396,101,742
727,392,100,744
725,390,100,745
723,394,101,743
723,392,101,744
727,392,101,744
725,396,101,742
725,396,101,742
727,394,101,743
727,394,101,743
725,394,101,743
727,392,101,744
729,388,101,746
727,388,101,746
727,381,101,750
725,379,101,751
727,378,101,752
725,374,100,754
721,372,100,755
723,370,101,756
725,369,101,757
721,370,101,756
723,369,101,757
721,365,101,759
720,363,101,760
720,360,101,762
716,358,101,763
711,437,69,719
712,457,69,707
718,480,69,693
727,433,101,721
727,428,100,724
729,426,100,725
723,432,100,722
725,430,100,723
725,430,100,723
725,428,100,724
727,430,100,723
720,428,101,724
720,428,101,724
723,426,101,725
727,424,101,726
725,424,101,726
725,424,101,726
721,424,101,726
721,421,101,728
723,415,101,731
720,412,101,733
718,412,101,733
718,410,101,734
712,489,68,687
718,509,68,676
720,509,68,675
721,505,68,678
723,502,69,680
712,505,68,678
714,511,68,674
712,514,68,672
718,527,68,664
721,523,68,667
718,520,68,669
720,514,69,672
720,527,69,664
721,525,69,666
721,516,69,671
721,523,69,667
723,529,69,663
714,415,100,731
720,525,69,666
723,523,68,667
725,527,68,664
725,417,100,730
721,414,100,732
716,412,100,733
718,415,100,731
714,505,68,678
721,527,68,665
725,421,101,728
721,414,101,732
721,412,101,733
721,408,101,735
718,406,101,736
716,408,101,735
720,511,69,674
720,511,69,674
725,439,100,718
718,405,100,737
714,495,68,684
718,505,68,678
718,504,68,679
718,496,68,683
720,495,68,684
718,491,68,686
718,502,68,680
716,505,68,678
712,509,68,676
714,509,68,675
709,516,68,671
718,518,68,670
716,513,68,673
718,516,68,671
716,504,69,679
716,511,69,674
716,509,69,675
716,513,69,673
721,511,69,674
718,513,69,673
721,514,69,672
721,507,69,677
723,513,68,673
725,514,68,672
721,406,100,736
718,401,100,739
720,399,100,740
718,401,100,739
712,473,68,697
720,509,68,675
725,513,69,673
723,507,69,677
723,401,101,739
716,394,101,743
716,392,101,744
712,495,69,684
718,496,69,683
721,496,69,683
716,491,68,686
707,487,0,689
712,541,0,656
712,489,68,687
720,563,0,642
709,498,68,682
714,505,68,678
712,504,68,679
711,504,68,679
714,507,69,677
714,496,69,683
714,498,69,682
714,498,69,682
721,700,69,556
721,505,69,678
716,509,69,676
718,509,69,675
718,509,68,675
720,511,68,674
721,516,68,671
720,513,68,673
721,511,68,674
721,516,68,671
721,516,68,671
725,514,68,672
723,426,101,725
721,423,101,727
721,424,101,726
718,426,101,725
721,522,69,668
723,522,69,668
727,433,101,721
721,428,101,724
725,426,101,725
725,423,101,727
721,424,100,726
720,424,100,726
721,423,100,727
725,421,100,728
721,419,100,729
712,466,68,702
721,502,69,680
721,505,69,678
720,417,101,730
718,412,101,733
720,410,101,734
720,408,101,735
716,428,69,724
714,469,69,699
718,489,69,687
723,489,69,688
721,486,69,690
720,487,69,689
723,484,69,691
721,482,69,692
721,478,68,694
712,556,0,647
711,511,0,674
709,489,0,687
712,493,68,685
714,500,68,681
712,505,68,678
718,513,68,673
712,509,68,676
718,558,1,645
720,516,69,671
721,518,69,670
714,523,69,667
718,527,69,665
718,511,69,674
712,518,69,670
720,516,69,671
721,520,69,669
725,525,69,666
727,433,100,721
721,433,101,721
721,437,100,719
721,437,100,719
721,433,100,721
723,437,100,719
721,435,101,720
721,433,101,721
725,433,101,721
720,435,101,720
718,432,101,722
727,430,101,723
727,432,101,722
723,432,101,722
727,430,101,723
727,428,101,724
730,430,101,723
730,428,101,724
729,426,101,725
727,424,101,726
727,421,101,728
727,421,101,728
727,417,101,730
727,415,101,731
725,415,101,731
721,414,101,732
721,412,101,733
721,410,101,734
718,408,101,735
720,408,101,735
718,406,101,736
720,403,101,738
718,399,101,740
718,397,101,741
712,441,69,716
712,464,69,703
727,448,100,712
723,450,100,711
720,450,101,711
718,451,101,710
718,450,101,711
725,446,101,713
725,444,101,714
720,442,101,715
720,442,101,715
720,442,101,715
718,439,100,717
716,441,100,716
720,514,68,672
725,529,68,663
725,439,100,718
721,435,100,720
718,433,100,721
723,487,68,689
725,514,69,672
716,505,68,678
718,509,68,675
716,509,68,676
718,514,68,672
712,520,68,669
716,523,68,667
718,527,68,665
718,531,69,662
718,531,69,662
721,538,69,658
725,540,69,657
723,541,69,656
725,532,69,661
720,451,101,710
718,504,69,679
725,455,100,708
725,451,100,710
716,455,100,708
716,451,100,710
725,513,68,673
725,457,100,707
716,451,100,710
727,448,100,712
723,450,100,711
720,450,101,711
718,451,101,710
718,450,101,711
725,446,101,713
725,444,101,714
720,442,101,715
720,442,101,715
720,442,101,715
718,439,100,717
716,441,100,716
720,514,68,672
725,529,68,663
725,439,100,718
721,435,100,720
718,433,100,721
723,487,68,689
725,514,69,672
714,428,101,724
718,473,69,697
721,507,69,677
723,509,69,676
725,435,101,720
718,421,101,728
714,417,101,730
718,468,68,701
716,489,68,687
716,491,68,686
716,489,68,687
714,489,68,687
734,572,0,637
723,532,68,661
714,451,100,710
723,536,69,659
727,453,101,709
716,451,101,710
721,513,69,673
721,455,101,708
718,455,101,708
721,518,68,670
727,455,100,708
720,451,100,710
721,543,68,654
729,457,100,707
718,455,100,708
714,509,68,676
725,547,68,652
721,453,100,709
720,451,100,710
721,451,101,710
721,451,101,710
718,450,101,711
721,446,101,713
720,446,101,713
720,446,101,713
716,442,101,715
725,439,100,718
721,439,100,718
718,437,100,719
716,432,100,722
716,430,100,723
716,509,68,676
721,516,68,671
718,421,100,728
721,513,68,673
716,426,100,725
716,509,69,676
723,513,69,673
718,430,101,723
721,504,69,679
716,410,101,734
718,489,69,687
757,714,0,546
754,741,0,529
754,748,0,525
754,748,0,525
754,752,0,523
754,750,0,524
754,750,0,524
754,748,0,525
754,748,1,525
754,747,1,526
754,745,1,527
754,748,1,525
732,441,100,716
716,428,100,724
716,487,68,689
721,509,68,676
718,527,68,665
721,531,68,662
721,523,68,667
721,527,68,665
716,448,100,712
718,527,68,665
723,532,68,661
714,451,100,710
723,536,69,659
727,453,101,709
716,451,101,710
721,513,69,673
721,455,101,708
718,455,101,708
721,518,68,670
727,455,100,708
720,451,100,710
721,543,68,654
729,457,100,707
718,455,100,708
714,509,68,676
725,547,68,652
721,453,100,709
720,451,100,710
721,451,101,710
721,451,101,710
718,450,101,711
721,446,101,713
720,446,101,713
720,446,101,713
716,442,101,715
725,439,100,718
721,439,100,718
718,437,100,719
716,432,100,722
716,430,100,723
716,509,68,676
721,516,68,671
718,421,100,728
721,513,68,673
716,426,100,725
716,509,69,676
723,513,69,673
718,430,101,723
721,504,69,679
716,410,101,734
718,489,69,687
723,493,68,685
718,401,100,739
716,397,100,741
712,439,68,718
734,558,0,645
757,738,0,532
748,487,100,689
709,414,68,732
714,439,68,717
712,509,0,676
720,549,0,651
736,714,0,547
741,714,0,547
709,444,68,714
718,477,68,695
718,613,0,610
716,682,0,567
712,509,0,676
718,523,68,667
718,698,0,557
720,714,0,547
718,694,0,559
714,538,0,658
711,475,69,696
720,590,1,625
712,505,1,678
709,468,69,700
712,480,69,693
718,486,69,690
718,540,0,657
712,496,1,683
712,471,68,698
716,550,0,650
709,482,0,692
714,475,68,696
721,577,68,633
716,473,68,697
714,477,68,695
716,514,0,672
714,475,69,696
712,473,69,697
714,475,69,696
712,475,69,696
714,471,69,698
712,471,69,698
712,469,69,699
711,469,69,699
714,468,68,700
709,473,1,697
718,466,68,702
709,462,68,704
714,489,0,688
712,460,68,705
720,523,68,667
709,455,68,708
720,558,1,646
716,466,69,702
698,451,1,710
720,612,69,611
718,662,1,579
718,694,1,559
711,595,0,622
718,518,68,670
718,711,0,549
705,568,0,639
720,694,68,559
718,718,0,544
716,520,68,669
716,716,0,545
711,556,0,647
716,518,68,670
712,480,69,693
716,487,69,689
712,489,69,687
712,491,69,686
711,487,69,689
714,478,69,694
716,637,0,595
716,487,68,689
712,486,68,690
714,489,68,687
714,489,68,688
712,491,68,686
714,491,68,686
716,491,68,686
716,493,68,685
718,495,68,684
718,493,69,685
718,495,69,684
718,495,69,684
718,495,69,684
716,493,69,685
720,493,69,685
718,489,69,687
718,489,69,687
716,484,68,691
716,480,68,693
712,477,68,695
711,471,68,698
712,469,68,699
711,469,68,699
712,500,0,681
714,477,68,695
712,473,69,697
716,475,69,696
716,468,69,701
712,469,69,699
711,469,69,699
712,543,1,654
712,468,69,700
709,462,69,704
714,513,1,673
716,462,69,704
727,549,0,651
712,478,68,694
718,541,0,655
716,509,68,676
716,543,0,654
712,489,68,687
718,565,0,641
712,493,68,685
711,493,68,685
709,498,68,682
709,504,68,679
714,525,1,666
718,511,69,674
716,509,69,675
721,586,69,627
712,520,69,669
714,520,69,669
712,523,69,667
720,513,69,673
720,514,68,672
720,516,68,671
721,520,68,669
720,522,68,668
723,523,68,667
725,525,68,666
727,459,100,706
716,432,100,722
718,523,69,667
725,435,101,720
716,471,69,698
723,523,69,667
725,433,101,721
718,432,101,722
723,430,101,723
721,426,101,725
723,424,101,726
720,424,101,726
716,423,101,727
718,475,69,696
727,478,100,694
721,421,101,728
718,417,100,730
714,460,68,705
712,495,69,684
721,496,69,683
721,495,69,684
720,491,69,686
723,489,69,687
718,489,69,688
721,486,69,690
716,489,69,687
720,489,69,688
734,709,0,550
734,709,0,550
720,478,68,694
705,478,0,694
714,534,1,660
718,505,69,678
718,498,69,682
712,502,69,680
711,502,69,680
718,558,0,646
712,509,68,675
721,608,68,614
712,523,68,667
716,523,68,667
718,531,68,662
718,536,68,659
720,538,68,658
720,538,68,658
721,531,68,662
723,538,68,658
725,534,69,660
725,532,69,661
723,446,101,713
721,441,101,716
712,486,68,690
721,525,68,666
720,531,68,662
720,527,68,665
718,527,68,664
721,523,68,667
718,529,68,663
721,525,68,666
725,527,68,665
725,523,68,667
721,435,100,720
712,466,68,702
721,525,68,666
725,523,69,667
725,428,101,724
714,484,69,691
721,522,69,668
723,518,69,670
725,513,69,673
725,433,100,721
718,417,100,730
725,486,68,690
720,505,68,678
721,505,68,678
718,500,68,681
718,500,68,681
721,500,68,681
721,495,68,684
720,493,68,685
720,489,69,687
720,489,69,687
720,486,69,690
720,489,69,688
718,489,69,688
720,487,69,689
716,486,69,690
716,484,68,691
714,486,68,690
712,486,68,690
716,484,68,691
712,484,68,691
712,484,68,691
712,480,68,693
711,478,68,694
734,685,0,565
730,691,0,561
727,606,0,615
727,504,0,679
729,468,68,701
734,469,68,699
725,711,5,549
730,711,5,549
730,714,5,547
734,720,5,543
736,723,5,541
732,484,69,691
723,702,5,555
734,516,68,671
727,527,0,664
738,732,0,535
734,707,0,551
730,675,0,571
725,471,0,698
732,698,5,557
729,694,5,559
730,696,5,558
732,696,5,558
734,702,0,555
732,703,0,553
734,696,0,558
738,714,0,546
736,727,0,538
736,725,5,540
723,711,5,549
727,714,5,546
734,718,5,544
736,727,5,539
729,505,69,678
727,727,5,539
732,527,68,664
727,513,68,673
725,410,100,734
716,394,100,743
721,495,0,684
734,649,0,587
729,613,0,610
736,518,68,670
732,694,0,559
732,520,68,669
729,516,69,671
725,653,5,585
734,545,69,653
730,520,69,669
730,518,69,670
729,518,69,670
734,516,68,671
736,714,0,546
730,514,68,672
730,513,68,673
729,514,68,672
729,514,68,672
729,514,68,672
730,561,0,643
734,514,68,672
727,505,68,678
727,628,5,601
736,714,5,547
730,500,69,681
725,621,5,606
739,559,69,644
727,495,69,684
721,676,5,570
736,734,0,534
729,482,68,692
730,714,0,546
734,624,1,604
725,687,5,563
736,736,0,533
727,622,0,605
738,732,0,535
725,617,0,608
736,743,0,528
725,464,0,703
736,698,0,557
725,471,0,698
736,725,0,540
727,540,5,657
723,689,5,562
734,734,0,534
729,612,0,612
727,475,68,696
736,716,0,545
732,471,68,698
736,738,0,532
734,694,0,559
729,468,68,700
738,732,0,535
734,585,0,628
718,655,5,584
727,700,5,556
736,729,0,537
730,667,0,576
730,491,68,686
738,707,68,551
736,732,0,535
732,613,0,610
725,486,0,690
732,491,68,686
736,648,0,589
729,480,68,693
736,666,0,577
727,486,68,690
732,718,5,544
730,489,69,688
727,486,5,690
736,718,5,544
730,486,69,690
730,716,5,545
732,486,68,690
736,702,0,554
730,473,68,697
736,532,68,661
725,478,0,694
732,489,68,687
727,469,68,699
736,736,0,533
723,694,5,559
727,694,5,559
725,696,5,558
720,698,5,557
729,716,0,545
738,635,68,597
734,716,0,545
718,696,5,558
721,700,5,556
721,705,5,552
727,714,5,546
727,718,0,544
729,496,68,683
734,723,0,541
730,498,68,682
736,729,0,537
730,687,0,563
729,498,68,682
732,504,68,679
736,642,0,592
729,523,0,667
734,513,68,673
725,532,5,661
727,644,5,591
736,716,5,545
730,496,69,683
727,707,5,551
734,520,69,669
727,495,5,684
732,714,5,547
730,502,69,680
727,489,69,688
732,502,68,680
736,716,0,545
730,563,0,642
727,603,0,617
736,516,68,671
738,612,0,611
721,586,5,627
718,630,5,600
727,684,5,566
730,687,5,563
709,696,5,558
712,700,5,556
714,702,5,555
714,702,5,554
716,703,5,553
718,707,5,551
716,709,0,550
718,716,0,545
721,732,0,535
725,739,0,531
727,741,0,529
727,743,0,528
729,747,0,526
730,745,0,527
712,714,5,547
712,712,5,548
712,707,5,551
712,711,5,549
716,714,5,547
718,716,5,545
734,736,0,533
727,631,0,599
736,734,0,534
729,702,0,555
736,610,68,613
725,451,0,710
738,662,0,580
734,527,0,664
727,507,0,677
734,592,0,624
736,667,0,576
718,664,5,578
718,666,5,577
716,664,5,578
716,666,5,577
712,511,68,674
716,707,0,551
718,707,0,551
714,592,0,624
698,682,5,567
703,687,5,563
703,694,5,559
703,698,5,557
718,723,0,541
716,714,0,547
712,702,0,555
707,482,0,692
716,723,0,541
718,734,0,534
712,486,68,690
712,700,0,556
711,475,68,696
707,468,68,701
714,721,0,542
718,743,0,528
703,676,5,570
716,700,5,556
714,486,69,690
707,509,5,675
716,702,5,555
718,702,69,555
711,572,0,636
712,468,68,700
712,662,0,580
707,464,68,703
718,720,0,543
707,459,68,706
716,712,0,548
711,455,68,708
712,624,0,604
718,714,0,546
707,680,5,568
709,678,5,569
714,691,0,561
714,689,0,562
716,696,0,558
716,696,0,558
707,516,0,671
718,685,0,565
716,550,0,650
712,509,0,676
703,669,5,575
703,669,5,575
703,667,5,576
703,671,5,574
705,673,5,573
705,678,5,569
705,466,0,702
705,460,0,705
711,599,0,619
716,649,0,587
718,622,0,605
716,462,68,704
705,489,0,688
707,702,5,554
707,702,5,554
709,702,5,554
709,703,5,553
712,711,5,549
714,711,5,549
718,682,0,567
716,684,0,566
711,502,68,680
711,667,0,576
705,540,0,657
718,712,0,548
718,709,68,550
718,678,0,569
709,460,68,705
716,545,0,653
716,500,68,681
712,518,0,670
716,527,68,665
702,676,5,570
712,698,5,557
718,700,5,556
705,489,5,688
712,703,5,553
712,468,69,700
707,462,68,704
709,662,5,579
716,487,68,689
707,460,0,705
712,466,68,702
707,462,68,704
718,534,68,660
709,464,68,703
712,563,0,642
712,466,68,702
707,464,69,703
718,493,69,685
711,460,69,705
712,462,69,704
709,457,69,707
707,455,69,708
712,691,5,561
716,466,69,702
720,691,68,561
712,691,0,561
709,651,0,586
718,721,0,542
709,662,0,579
716,540,68,657
716,714,0,546
707,502,0,680
718,608,68,614
707,662,5,580
716,727,5,539
718,730,5,536
709,486,69,690
705,712,5,548
718,736,5,533
711,502,68,680
707,489,68,688
714,504,68,679
718,703,0,553
718,678,0,569
709,514,0,672
709,487,68,689
718,513,68,673
709,482,68,692
712,622,0,605
709,473,68,697
712,714,5,547
712,473,69,697
707,468,69,701
714,707,5,551
711,477,69,695
705,689,5,562
714,496,69,683
707,464,69,703
720,507,68,677
718,705,0,552
709,500,0,681
718,671,68,574
718,664,0,578
711,583,0,630
716,500,68,681
707,516,0,671
716,496,68,683
716,590,0,625
707,502,69,680
703,633,5,598
720,702,69,554
709,590,5,625
712,523,69,667
707,511,69,674
718,684,0,566
711,507,68,677
709,505,68,678
720,509,68,676
714,507,68,677
711,513,68,673
712,516,68,671
718,513,68,673
720,511,68,674
718,410,100,734
714,406,101,736
714,464,69,703
716,504,69,679
716,505,69,678
712,502,69,680
714,500,69,681
709,498,69,682
712,622,5,605
718,550,69,650
716,504,69,679
712,500,69,681
716,498,69,682
712,500,69,681
718,498,68,682
714,495,68,684
711,491,68,686
714,489,68,687
716,489,69,688
716,487,69,689
707,478,68,694
714,486,68,690
718,579,0,632
709,543,0,654
707,489,68,687
712,491,68,686
718,660,0,581
703,601,5,618
712,687,5,563
714,509,69,676
707,496,69,683
720,595,69,622
709,509,69,675
711,507,69,677
709,509,69,676
711,505,68,678
714,498,69,682
714,500,68,681
714,504,68,679
714,500,68,681
716,502,68,680
718,507,68,677
716,504,68,679
718,507,69,677
723,403,101,738
716,399,101,740
716,401,101,739
712,399,101,740
712,507,69,677
718,502,69,680
714,504,69,679
718,505,69,678
716,502,69,680
718,502,68,680
718,498,68,682
720,496,68,683
720,493,68,685
721,487,68,689
721,396,100,742
721,387,101,747
718,385,101,748
716,383,101,749
716,381,101,750
712,415,69,731
709,469,69,699
711,469,69,699
707,468,69,700
707,588,5,626
709,657,5,583
714,477,68,695
718,567,0,640
716,622,0,605
711,527,0,664
709,473,68,697
718,511,68,674
707,477,68,695
716,504,68,679
709,482,68,692
705,669,5,575
720,712,69,548
714,482,69,692
711,486,69,690
711,489,69,687
709,486,69,690
709,489,68,687
707,487,68,689
711,491,68,686
709,495,68,684
707,491,68,686
712,500,68,681
714,585,0,629
712,505,68,678
712,496,68,683
711,495,68,684
714,496,69,683
712,498,69,682
718,500,69,681
716,502,69,680
712,500,69,681
712,504,69,679
711,502,69,680
714,505,69,678
711,505,68,678
712,500,68,681
712,500,68,681
709,496,68,683
709,496,68,683
711,495,68,684
714,493,68,685
712,489,68,687
714,487,69,689
714,486,69,690
723,543,0,654
734,723,0,541
734,729,0,537
734,732,0,535
736,736,0,533
736,739,0,531
738,678,5,569
739,678,5,569
736,439,69,717
727,651,5,586
736,675,5,572
732,675,0,571
739,736,0,533
730,430,68,723
734,714,0,547
739,743,0,528
732,430,68,723
732,574,0,635
