736,601,1,618
730,687,69,563
730,703,69,553
736,712,69,548
734,700,69,556
730,702,69,554
736,711,69,549
739,714,69,546
739,703,69,553
730,628,69,601
729,694,69,559
732,703,69,553
739,714,69,547
743,712,69,548
730,698,69,557
732,568,1,639
734,520,69,669
729,531,1,662
732,572,1,636
734,559,1,644
736,606,1,615
734,610,1,613
727,588,1,626
732,610,1,613
734,696,69,558
730,702,69,554
729,700,69,556
732,705,69,552
736,709,69,550
730,696,69,558
739,721,69,542
738,703,69,553
734,707,69,551
732,633,101,598
732,700,69,556
739,712,69,548
743,714,69,547
738,696,69,558
736,703,69,553
739,707,69,551
741,711,69,549
734,696,69,558
732,702,69,555
736,705,69,552
739,709,69,550
730,691,69,561
734,700,69,556
734,703,69,553
732,529,69,663
730,532,69,661
730,531,69,662
729,527,69,664
732,709,68,550
738,599,1,619
734,698,68,557
736,711,68,549
732,702,68,555
727,700,68,556
732,709,68,550
730,705,68,552
730,705,69,552
730,707,69,551
732,709,68,550
734,711,69,549
734,712,68,548
734,714,68,547
734,714,68,547
736,716,68,545
734,635,100,597
734,703,69,553
739,711,69,549
739,709,69,550
734,696,69,558
739,709,69,550
741,709,69,550
734,694,69,559
734,702,69,555
741,712,69,548
734,696,69,558
732,705,69,552
739,707,69,551
736,694,69,559
734,698,68,557
736,702,68,555
727,694,68,559
734,711,68,549
739,714,68,547
730,694,68,559
734,711,69,549
739,716,69,545
739,702,69,555
736,703,69,553
738,709,68,550
741,714,68,546
732,694,68,559
734,703,68,553
738,714,69,547
743,714,69,546
736,700,69,556
739,711,69,549
739,702,68,554
734,702,68,554
739,709,68,550
739,702,68,555
736,703,69,553
727,606,0,615
734,610,0,613
734,588,0,626
732,703,68,553
734,711,68,549
736,707,68,551
730,700,68,556
727,702,68,555
734,633,101,598
730,689,69,562
730,698,69,557
730,702,69,555
732,698,68,557
734,703,68,553
736,709,68,550
736,698,68,557
729,698,68,557
734,703,68,553
736,711,69,549
734,693,69,560
729,696,69,558
734,705,69,552
736,707,68,551
736,707,68,551
730,694,68,559
734,703,68,553
736,705,69,552
738,707,69,551
739,707,69,551
739,709,69,550
734,694,68,559
736,703,68,553
738,707,68,551
739,709,68,550
739,709,69,550
730,689,69,562
734,702,69,554
739,705,69,552
739,709,68,550
739,711,68,549
734,698,68,557
729,694,68,559
736,711,69,549
739,714,69,546
738,698,69,557
736,705,69,552
743,714,68,546
739,702,68,555
732,702,68,555
738,711,68,549
741,709,69,550
732,691,69,561
738,709,69,550
741,711,69,549
739,702,68,555
732,694,68,559
730,693,68,560
730,702,68,555
720,558,0,645
729,594,0,623
732,613,0,610
734,628,1,601
736,639,1,594
734,702,68,554
736,702,69,554
730,684,69,566
730,698,68,557
730,520,68,669
734,522,69,668
734,516,68,671
743,702,68,554
738,702,68,555
738,702,68,555
736,702,68,554
730,698,68,557
738,702,69,554
736,700,69,556
743,711,69,549
739,703,69,553
736,702,69,554
734,637,101,595
738,703,69,553
739,702,69,554
736,700,69,556
736,703,69,553
736,703,69,553
736,700,69,556
736,702,69,554
738,702,69,555
736,705,69,552
739,703,69,553
736,698,69,557
734,644,0,591
732,648,0,589
732,648,0,589
734,648,0,589
734,648,1,589
736,649,1,588
734,685,69,565
732,694,69,559
734,694,68,559
730,696,68,558
734,702,68,555
730,702,68,555
730,702,68,554
732,707,68,551
734,711,68,549
736,711,68,549
736,707,69,551
734,705,69,552
738,707,69,551
739,707,69,551
738,711,68,549
738,712,68,548
739,714,68,546
736,702,69,554
738,707,69,551
739,711,69,549
739,707,69,551
734,693,69,560
736,703,69,553
739,703,69,553
739,707,69,551
739,705,69,552
736,696,69,558
736,702,69,555
739,703,69,553
739,703,69,553
741,705,69,552
739,702,69,555
738,702,69,555
739,703,69,553
741,703,69,553
739,702,69,554
738,698,69,557
738,702,69,554
739,703,69,553
736,702,69,555
739,703,69,553
739,703,69,553
741,705,69,552
739,702,69,555
738,702,69,555
739,703,69,553
741,703,69,553
739,702,69,554
738,698,69,557
738,702,69,554
739,703,69,553
739,703,69,553
739,702,69,554
738,698,69,557
736,700,69,556
739,682,1,567
736,667,1,576
797,795,0,496
797,793,0,497
797,792,0,498
797,788,0,500
799,786,1,501
799,784,1,502
799,784,0,502
797,784,0,503
797,783,0,504
797,781,0,505
797,779,0,506
797,777,0,507
797,777,1,507
795,774,0,509
797,774,0,509
797,775,0,508
795,775,0,508
797,777,1,507
797,777,1,507
788,736,0,533
732,558,68,646
734,558,68,646
732,550,68,650
736,563,69,642
738,549,69,651
738,567,68,640
738,552,68,649
739,558,68,646
738,559,68,644
741,559,68,644
738,558,68,645
743,559,69,644
743,558,69,645
739,558,68,645
741,559,68,644
743,514,100,672
736,543,68,654
736,541,68,655
734,545,68,653
736,547,68,652
736,550,68,650
736,552,69,649
736,550,69,650
734,549,68,651
736,549,68,651
736,547,68,652
736,547,68,652
739,545,68,653
738,550,68,650
736,547,69,652
736,549,69,651
736,545,69,653
736,549,69,651
736,549,68,651
734,550,68,650
739,549,68,651
736,554,68,648
736,556,69,647
739,554,69,648
739,552,69,649
738,550,69,650
739,547,68,652
736,547,68,652
736,545,68,653
736,547,68,652
736,545,69,653
738,545,69,653
734,543,69,654
730,540,69,657
730,538,69,658
732,538,69,658
730,538,69,658
732,547,68,652
734,545,68,653
734,547,68,652
734,547,68,652
732,531,68,662
732,536,68,659
732,536,68,659
734,538,68,658
734,538,68,658
734,538,68,658
734,538,68,658
734,543,68,654
734,543,68,654
736,547,69,652
736,547,69,652
736,549,69,651
793,676,101,570
790,752,69,523
793,768,69,513
770,529,101,663
768,525,101,666
781,549,101,651
770,529,101,663
770,527,101,665
792,756,0,520
792,754,0,521
790,754,0,521
790,754,1,521
792,754,1,522
790,752,0,523
790,752,0,523
790,752,0,523
788,750,0,524
788,748,0,525
788,748,0,525
792,772,68,510
790,772,68,510
790,772,68,510
790,772,68,510
790,772,68,510
790,772,69,510
790,770,69,511
792,770,69,511
790,770,68,511
790,770,68,511
790,770,68,511
790,770,68,511
790,768,68,512
790,768,68,512
790,768,69,512
790,770,69,511
790,770,68,511
788,768,68,512
790,547,101,652
790,541,101,656
772,520,101,669
802,788,69,500
802,790,68,499
779,714,0,547
765,480,100,693
754,471,100,698
747,468,100,701
739,464,100,703
732,493,68,685
730,518,68,670
734,547,0,652
739,594,0,623
734,527,68,665
732,523,69,667
732,633,5,598
739,680,0,568
738,538,68,658
732,532,68,661
730,536,68,659
730,532,68,661
730,543,0,654
741,637,69,596
734,534,69,660
730,527,69,664
730,635,5,597
743,554,68,648
732,534,68,660
730,541,0,655
739,599,0,620
736,540,69,657
730,525,69,666
727,563,5,642
