730,655,69,584
725,588,1,626
727,630,1,600
734,576,69,634
736,639,1,594
725,676,1,570
725,675,1,571
723,675,1,572
738,626,69,602
743,673,1,573
727,655,1,584
727,707,1,551
725,705,1,552
727,703,1,553
729,703,1,553
727,702,1,554
725,702,1,554
727,633,1,598
723,619,1,607
727,631,1,599
720,550,69,650
727,648,1,589
727,662,1,579
727,667,1,576
727,669,1,575
725,667,1,576
725,673,1,573
725,675,1,572
723,666,1,577
723,673,1,573
725,676,1,570
716,666,1,577
729,579,69,632
723,662,1,580
718,556,69,647
727,649,1,588
725,666,1,577
727,673,1,573
727,676,1,570
727,676,1,570
727,676,1,570
729,678,1,569
727,678,1,569
721,675,1,571
725,678,1,569
721,682,1,567
721,646,69,590
718,639,69,594
727,678,1,569
721,642,69,592
723,651,69,586
721,660,69,581
718,657,69,583
721,658,69,582
718,655,69,584
729,662,1,580
725,671,1,574
725,682,1,567
725,684,1,566
727,676,1,570
725,687,1,564
718,691,1,561
723,666,69,577
718,657,69,583
720,664,69,578
721,673,69,573
723,685,69,565
723,687,69,564
725,676,69,570
727,687,69,563
727,687,69,563
727,684,69,566
729,685,69,565
729,676,69,570
727,669,69,575
725,675,69,571
727,678,69,569
727,673,69,573
727,633,1,598
725,662,1,580
723,667,1,576
727,662,1,580
714,595,1,622
727,626,1,602
727,694,1,559
723,608,1,614
727,628,1,601
723,660,1,581
723,667,1,576
723,682,1,567
723,682,1,567
725,676,1,570
725,682,1,567
725,687,1,564
725,680,1,568
723,685,1,565
734,687,1,564
734,689,1,562
738,705,1,552
725,603,1,617
727,644,1,591
730,662,1,580
732,676,1,570
730,685,1,565
732,624,1,604
736,649,1,587
734,671,1,574
734,687,1,563
734,682,1,567
732,680,1,568
734,682,1,567
734,685,1,565
732,676,1,570
734,680,1,568
736,658,1,582
727,540,69,657
736,658,1,582
727,547,69,652
734,657,1,583
736,667,1,576
736,675,1,572
736,687,1,563
727,540,69,657
730,626,1,602
732,642,1,592
732,653,1,585
734,660,1,581
732,664,1,578
730,666,1,577
732,680,1,568
732,687,1,563
730,689,1,562
730,691,1,561
730,685,1,565
730,684,1,566
729,684,1,566
729,687,0,564
727,689,1,562
727,687,1,563
734,723,1,541
730,664,1,578
736,680,1,568
727,543,1,654
734,660,1,581
736,676,1,570
730,550,69,650
732,658,1,582
736,676,1,570
729,572,69,637
732,633,1,598
736,702,1,554
736,703,1,553
734,702,1,555
734,698,1,557
734,698,1,557
734,696,1,558
734,694,1,559
730,689,1,562
730,689,1,562
730,687,1,564
729,687,1,563
729,687,1,564
734,712,1,548
734,714,1,546
736,714,1,547
734,702,1,554
734,700,1,556
732,698,1,557
729,689,0,562
712,662,68,580
727,640,1,593
720,567,69,640
729,642,1,592
703,689,0,562
720,696,0,558
723,698,0,557
721,703,0,553
721,707,0,551
721,709,1,550
727,711,1,549
725,709,1,550
721,583,69,630
725,649,0,588
720,651,0,586
718,588,68,626
729,603,68,617
720,583,68,630
718,588,68,626
727,658,0,582
725,678,0,569
712,639,0,594
725,675,0,571
720,689,0,562
721,696,0,558
720,705,0,552
725,709,0,550
721,714,1,546
721,712,1,548
727,712,1,548
718,586,1,627
718,585,69,628
730,613,69,610
718,637,1,595
720,588,69,626
718,595,69,622
725,599,69,620
729,651,0,586
721,648,0,589
712,644,0,591
721,666,0,577
723,676,0,570
721,694,0,559
723,698,0,557
720,702,0,554
720,637,1,595
723,702,0,554
725,660,68,581
721,658,68,582
725,662,68,580
738,673,1,573
725,721,0,542
711,739,0,531
703,745,0,527
709,748,0,525
707,748,0,525
703,745,1,527
703,747,1,526
707,747,1,526
709,745,1,527
696,743,1,528
720,639,0,594
707,613,0,610
720,637,0,596
718,714,0,546
712,714,1,547
721,712,1,548
712,635,0,597
718,673,0,573
709,651,68,586
709,667,68,576
712,673,68,573
718,662,0,579
716,581,69,631
716,655,1,584
709,563,69,642
712,568,68,639
711,565,68,641
712,574,68,635
711,662,0,580
703,655,0,584
712,684,0,566
716,725,0,540
718,754,1,521
709,570,69,638
712,675,1,572
718,730,1,536
714,583,69,630
716,684,1,566
703,673,0,573
716,718,0,544
716,711,0,549
723,684,0,566
711,558,68,646
707,637,0,595
709,563,68,642
705,585,1,629
716,590,69,625
712,664,1,578
707,723,0,541
712,759,0,518
709,572,68,636
712,678,0,569
712,734,0,534
716,687,0,563
707,696,0,558
707,698,0,557
702,700,0,556
703,741,1,529
709,750,1,524
718,585,69,628
712,648,1,589
707,577,69,633
712,574,69,635
712,633,68,598
711,648,68,589
714,651,68,586
716,646,68,590
716,687,68,564
718,684,68,566
709,687,68,563
718,694,68,559
720,703,69,553
709,550,69,650
720,559,69,644
712,775,0,508
721,691,1,561
725,698,1,557
727,703,1,553
709,622,69,605
709,640,68,593
709,640,68,593
712,664,68,578
705,604,0,616
711,572,68,636
711,572,68,636
712,579,68,632
716,592,68,624
705,649,0,587
712,709,0,550
712,730,0,536
711,741,0,530
718,752,0,523
718,761,1,517
707,649,1,588
716,691,1,561
714,727,1,539
718,637,69,595
716,666,1,577
707,594,1,623
709,592,69,624
714,682,0,567
714,727,0,538
716,761,0,517
709,588,68,626
709,664,0,578
709,586,68,627
716,675,0,571
709,595,68,622
707,594,68,623
716,615,68,609
707,653,1,585
718,597,69,621
707,595,69,622
718,666,1,577
709,590,69,625
707,588,0,626
711,585,69,628
718,667,0,576
705,603,0,617
718,680,0,568
709,585,68,628
718,595,68,622
711,651,0,586
711,633,68,598
712,639,68,594
705,590,0,625
718,637,0,595
712,664,0,578
716,599,68,619
716,639,0,594
716,664,0,578
712,667,0,576
709,676,0,570
709,597,68,621
716,644,0,591
709,599,68,619
716,640,0,593
711,597,69,621
707,608,69,614
712,635,1,597
712,603,69,617
714,637,1,596
703,687,0,563
707,702,0,555
716,714,0,547
714,723,0,541
716,732,1,535
712,741,1,529
718,754,1,521
705,624,1,603
712,676,1,570
718,714,1,547
709,658,1,582
709,592,69,624
716,678,1,569
711,590,69,625
712,658,0,582
709,595,68,622
703,649,0,588
716,662,69,580
709,585,69,628
718,667,1,576
707,585,69,628
718,667,69,576
707,585,69,628
718,675,1,572
718,721,1,542
709,594,69,623
711,651,1,586
711,585,69,629
705,651,1,586
718,694,1,559
712,581,69,631
716,657,1,583
707,639,1,594
716,594,69,623
709,649,1,588
716,687,1,564
707,637,1,596
698,570,69,638
703,633,1,598
712,586,69,627
712,585,69,628
718,597,68,621
711,590,68,625
711,588,68,626
709,579,69,632
712,585,69,628
718,619,69,607
709,583,68,630
712,590,68,625
711,585,68,628
712,585,68,628
711,588,69,626
707,585,69,629
716,590,69,625
718,606,69,615
709,579,69,632
716,637,69,596
707,646,1,590
709,691,1,561
712,720,1,543
712,741,1,529
718,759,1,518
709,646,1,590
709,691,1,561
709,723,1,541
709,741,1,529
718,682,1,567
709,579,69,632
714,583,69,630
718,585,69,628
714,581,69,631
712,579,69,632
707,583,68,630
711,583,68,630
712,653,0,585
711,687,0,563
705,723,0,541
707,748,1,525
703,768,1,513
702,779,1,506
705,790,1,499
703,801,1,493
707,804,1,490
712,808,1,488
718,603,69,617
709,649,1,588
711,702,1,555
712,741,1,530
712,768,1,513
716,786,1,501
718,802,1,491
718,806,69,489
705,617,0,608
709,687,0,564
711,732,0,535
712,763,0,516
716,783,1,504
707,574,69,635
711,675,1,572
711,718,1,544
712,747,1,526
711,763,1,516
716,689,0,562
714,698,0,557
718,585,69,629
707,572,69,636
707,568,1,639
718,608,69,614
709,576,69,634
707,585,69,628
716,651,5,586
714,585,68,628
705,644,1,591
712,660,1,581
716,658,69,582
709,657,69,583
709,653,69,585
707,660,68,581
709,666,68,577
707,662,68,579
709,675,68,571
711,675,68,571
712,696,68,558
709,577,68,633
709,579,68,632
707,570,0,638
714,649,1,587
718,671,1,574
718,685,69,565
716,651,1,586
711,588,69,626
707,606,0,615
716,585,68,628
711,644,0,591
707,572,68,636
712,581,68,631
720,612,68,612
707,577,68,633
707,577,68,633
709,633,1,598
709,666,68,577
709,666,68,577
709,666,68,577
707,583,69,630
711,585,69,629
712,583,69,630
712,576,69,634
707,579,69,632
707,585,69,628
712,653,0,585
703,702,0,554
718,729,0,537
712,752,0,523
714,768,0,513
716,779,1,506
716,783,1,504
707,642,1,592
707,567,69,640
716,576,69,634
720,574,69,635
707,568,69,639
712,572,69,636
709,669,1,575
707,567,69,640
716,576,69,634
718,579,69,632
707,664,0,578
705,637,0,595
716,662,0,580
707,648,0,589
714,696,0,558
718,734,0,534
712,673,0,573
718,727,1,539
712,664,69,578
716,682,68,567
716,682,68,567
714,669,69,575
716,682,68,567
716,682,68,567
718,684,68,566
718,685,68,565
718,687,68,564
718,685,68,565
716,685,68,565
711,682,68,567
718,671,68,574
716,676,68,570
716,687,68,563
718,696,69,558
716,586,69,627
714,576,69,634
712,585,69,628
712,572,69,636
712,577,69,633
707,577,69,633
711,583,69,630
709,583,69,630
711,577,69,633
709,576,69,634
707,572,69,636
709,577,69,633
716,649,1,587
709,640,1,593
709,639,1,594
707,640,1,593
711,583,69,630
718,592,69,624
707,617,1,608
716,590,69,625
709,586,69,627
716,592,69,624
714,649,1,587
712,671,1,574
718,689,69,562
712,648,1,589
716,671,1,574
714,691,1,561
712,705,1,552
714,567,69,640
709,558,69,645
714,572,69,636
711,662,1,580
709,633,0,598
705,565,0,641
714,574,69,635
714,725,1,540
707,565,1,641
700,653,1,585
707,565,69,641
709,565,68,641
718,572,68,636
716,666,0,577
705,597,0,621
709,687,0,564
711,727,0,538
711,752,1,523
712,772,1,510
712,788,1,500
712,797,1,495
712,806,1,489
712,811,1,486
702,813,1,485
700,822,1,479
700,822,1,479
723,676,1,570
712,572,69,637
709,563,69,642
709,574,68,635
709,567,68,640
707,561,68,643
718,585,68,629
714,660,0,581
707,649,0,587
716,696,0,558
703,621,0,606
711,691,0,561
712,570,68,638
716,684,1,566
712,730,1,536
707,572,69,636
712,684,1,566
709,732,1,535
703,765,1,515
703,788,1,500
705,804,1,490
705,817,1,482
707,824,1,478
702,831,1,474
703,837,1,470
707,835,1,471
707,838,1,469
707,837,1,470
707,838,0,469
705,840,1,468
703,844,0,466
709,849,0,463
707,844,1,466
703,840,1,468
702,829,1,475
709,570,69,638
709,574,68,635
711,574,68,635
714,667,0,576
711,657,0,583
709,590,68,625
707,649,0,588
712,594,69,623
705,667,1,576
703,714,1,546
707,747,1,526
707,775,1,508
707,795,1,496
709,808,1,488
703,819,1,481
711,822,1,479
703,824,1,478
707,822,1,479
707,819,1,481
707,621,0,606
711,572,68,636
720,610,68,613
711,577,68,633
711,572,68,636
712,572,69,636
714,574,69,635
716,585,69,628
707,640,1,593
716,588,69,626
711,655,1,584
709,585,69,628
716,673,1,573
707,583,68,630
716,673,0,573
714,712,0,548
716,738,0,532
718,759,1,518
712,588,69,626
707,590,69,625
716,595,69,622
714,662,1,580
714,592,69,624
716,664,1,578
709,592,69,624
703,660,1,581
707,709,1,550
707,736,1,533
703,759,1,518
700,775,1,508
698,788,1,500
700,797,1,495
696,801,1,492
698,801,0,493
698,801,0,493
700,705,0,552
707,714,1,546
712,723,1,541
718,734,1,534
716,741,1,530
705,615,1,609
705,673,1,573
711,709,1,550
718,729,1,537
703,653,1,585
718,633,69,598
716,669,0,575
705,655,0,584
711,694,0,559
711,729,0,537
716,759,0,518
711,601,68,618
711,660,0,581
711,595,68,622
709,653,0,585
709,702,1,555
707,741,1,530
712,766,1,514
709,784,1,502
705,799,1,494
718,585,68,628
716,595,68,622
703,639,0,594
709,669,0,575
707,700,0,556
707,725,0,540
707,745,0,527
709,761,0,517
712,774,0,509
714,788,1,500
718,608,69,614
703,660,1,581
702,698,1,557
702,732,1,535
702,763,1,516
707,784,1,502
705,802,1,491
709,846,0,465
714,851,0,462
712,855,0,460
709,856,0,459
709,858,1,458
709,856,1,459
711,855,1,460
712,851,1,462
714,849,1,463
707,846,1,465
707,844,1,466
703,840,1,468
705,837,1,470
703,831,1,474
741,723,1,541
707,613,1,610
707,574,1,635
707,590,68,625
714,667,0,576
718,700,0,556
712,594,69,623
707,658,1,582
712,696,1,558
716,729,1,537
716,862,1,455
711,864,1,454
709,864,1,454
712,865,1,453
712,864,1,454
709,860,1,456
707,858,1,458
705,855,1,460
703,853,1,461
703,847,1,464
703,838,1,469
702,833,1,473
700,826,1,477
698,820,0,480
714,729,0,537
712,739,0,531
712,745,0,527
703,754,0,522
709,761,1,517
705,768,1,512
707,777,1,507
711,784,1,502
707,657,0,583
718,694,0,559
709,595,68,622
709,833,1,473
709,837,1,470
703,837,1,470
703,837,1,470
703,833,0,473
700,831,0,474
700,824,0,478
700,819,0,481
705,817,0,483
703,811,0,486
700,804,0,490
698,801,0,493
698,792,1,498
698,788,1,500
712,734,1,534
716,738,0,532
712,757,0,519
700,770,0,511
698,768,1,512
700,775,1,508
700,783,1,504
700,784,1,502
700,788,1,500
700,784,1,502
698,786,1,501
698,790,1,499
700,793,1,497
703,784,1,502
698,786,1,501
698,786,1,501
700,786,1,501
698,784,1,502
698,784,1,503
698,781,0,505
694,779,0,506
694,777,0,507
691,770,0,511
693,763,1,516
691,763,1,516
725,687,0,564
730,687,0,563
711,626,68,602
709,624,68,603
711,613,68,610
711,633,68,598
712,646,68,590
714,637,68,595
716,631,68,599
716,628,68,601
718,628,69,601
716,639,69,594
716,639,69,594
718,646,69,590
718,640,69,593
720,642,69,592
718,635,68,597
707,642,68,592
712,646,68,590
716,644,68,591
721,648,68,589
718,648,69,589
718,649,69,587
716,640,69,593
720,640,68,593
712,640,68,593
714,628,68,601
718,637,68,596
712,639,68,594
718,635,68,597
707,642,68,592
712,646,68,590
716,644,68,591
721,648,68,589
718,648,69,589
718,649,69,587
718,649,69,588
718,651,69,586
718,651,69,586
718,648,69,589
723,633,69,598
721,640,69,593
712,599,68,619
707,649,0,587
714,561,69,643
718,669,0,575
711,658,0,582
709,655,0,584
716,689,0,562
712,720,0,543
712,739,0,531
707,754,0,522
712,761,0,517
718,766,1,514
707,667,1,576
718,709,1,550
711,667,1,576
707,559,69,644
718,676,1,570
712,714,1,547
709,732,1,535
718,743,1,528
703,649,1,587
712,682,1,567
716,714,1,546
716,730,1,536
714,682,68,567
721,684,68,566
721,682,68,567
716,702,68,555
712,687,68,564
707,709,0,550
707,729,0,537
703,741,1,529
712,754,1,522
709,761,1,517
707,768,1,512
712,774,1,509
711,775,1,508
716,779,1,506
709,783,1,504
712,784,1,502
711,784,1,502
709,563,68,642
712,559,68,644
711,667,0,576
716,567,68,640
707,550,69,650
705,550,1,650
707,671,1,574
707,700,1,556
716,720,1,543
709,550,69,650
709,554,68,648
707,552,68,649
709,561,68,643
711,556,68,647
712,567,68,640
707,649,0,587
703,651,0,586
711,687,0,564
703,723,1,541
712,747,1,526
703,621,1,606
716,691,1,561
716,732,1,535
714,757,1,519
712,775,1,508
709,671,0,574
714,721,0,542
718,754,0,522
709,667,0,576
707,559,68,644
716,691,1,561
705,570,1,638
714,698,1,557
718,732,1,535
716,757,1,519
716,772,1,510
712,783,1,504
720,676,0,570
725,682,0,567
712,550,68,650
707,648,0,589
714,561,68,643
711,561,68,643
711,649,0,587
712,676,1,570
707,703,1,553
709,723,1,541
714,741,1,529
709,756,1,520
716,768,1,513
712,772,1,510
720,604,69,616
711,570,68,638
707,648,0,589
707,567,68,640
718,673,0,573
707,572,68,636
716,572,68,636
705,671,0,574
712,718,0,544
705,750,0,524
703,768,0,512
700,788,1,500
698,799,1,494
696,804,1,490
698,808,1,488
698,813,1,485
700,813,1,485
698,815,1,484
700,813,1,485
700,813,1,485
696,806,1,489
694,802,0,491
694,799,0,494
711,797,0,495
718,613,68,610
714,563,68,642
714,727,1,539
716,750,1,524
702,649,0,587
711,687,1,563
712,727,0,539
714,588,68,626
714,667,0,576
707,583,68,630
718,675,0,571
703,637,0,595
716,595,68,622
707,588,68,626
714,669,0,575
709,588,68,626
703,678,1,569
705,729,1,537
709,763,1,516
707,783,1,504
703,801,1,492
707,815,1,484
711,817,1,482
703,826,1,477
702,826,0,477
702,828,0,476
702,829,0,475
709,828,0,476
709,824,0,478
707,824,0,478
709,828,0,476
703,824,0,478
696,822,0,479
696,822,0,479
694,815,1,484
698,810,1,487
709,745,1,527
707,745,1,527
709,748,0,525
714,748,1,525
709,711,0,549
712,714,0,546
712,720,1,543
712,723,1,541
718,727,1,539
712,585,69,629
709,572,69,637
703,635,1,597
716,662,1,580
718,687,1,563
718,703,1,553
714,585,69,629
709,576,69,634
712,581,69,631
716,612,69,612
720,594,69,623
712,586,69,627
712,585,69,628
720,624,69,604
709,639,1,594
714,662,1,579
709,588,69,626
709,577,69,633
707,635,0,597
711,583,68,630
720,635,68,597
712,657,0,583
716,684,0,566
712,702,0,554
712,720,0,543
716,734,0,534
716,750,1,524
714,763,1,516
716,770,1,511
709,586,69,627
718,660,69,581
716,658,1,582
707,649,1,587
714,687,1,563
718,716,1,545
707,590,69,625
718,610,69,613
709,655,1,584
707,603,69,617
712,662,1,580
709,595,69,622
707,594,69,623
716,599,69,619
707,597,69,621
712,597,69,621
707,637,1,596
711,588,69,626
703,657,1,583
705,689,1,562
711,720,1,543
716,736,1,533
709,754,1,522
709,759,1,518
712,766,1,514
709,768,1,512
703,768,1,512
700,723,0,541
698,721,0,542
707,721,0,542
709,721,0,542
709,720,1,543
712,720,1,543
712,723,1,541
709,723,1,541
707,723,1,541
703,725,1,540
709,725,1,540
711,725,1,540
716,727,1,538
718,727,1,538
709,585,69,629
718,667,1,576
712,662,1,579
707,603,69,617
711,599,69,619
716,666,1,577
709,603,69,617
712,667,1,576
716,707,1,551
709,599,69,619
703,653,1,585
709,603,69,617
705,653,1,585
709,599,69,619
718,671,1,574
709,597,69,621
718,664,69,578
707,595,69,622
718,673,1,573
709,732,0,535
709,775,1,508
709,777,1,507
709,779,1,506
711,779,1,506
714,775,0,508
716,775,0,508
714,590,68,625
716,727,0,538
712,590,68,625
714,666,1,577
718,698,1,557
711,657,1,583
711,599,69,620
709,662,1,579
709,698,1,557
718,720,1,543
707,585,69,629
718,669,1,575
716,703,1,553
709,727,0,539
702,747,0,526
700,761,0,517
700,768,0,513
703,775,0,508
705,781,0,505
700,784,0,502
698,784,0,502
696,783,1,504
694,783,1,504
696,784,1,503
707,784,1,503
712,781,1,505
707,741,1,530
711,658,0,582
709,594,68,623
716,675,0,572
707,599,68,619
718,675,1,571
707,597,69,621
707,599,69,620
707,756,1,520
707,781,1,505
711,799,1,494
711,651,1,586
718,693,1,560
718,687,0,563
703,648,0,589
714,685,0,565
709,595,69,622
716,612,69,612
709,658,1,582
718,700,1,556
716,727,1,538
703,754,1,522
703,772,1,510
707,784,1,502
709,799,0,494
703,808,0,488
709,824,0,478
712,826,0,477
716,826,1,477
712,829,1,475
714,828,1,476
712,828,1,476
707,829,1,475
707,824,1,478
709,729,1,537
707,734,1,534
711,741,1,530
716,748,1,525
716,754,0,522
709,570,68,638
716,666,0,577
718,698,0,557
716,736,0,533
712,754,1,521
716,594,69,623
714,658,1,582
716,711,1,549
711,572,69,636
712,662,1,579
716,712,1,548
718,738,1,532
709,639,1,594
707,691,1,561
703,729,0,537
698,743,0,528
694,754,0,521
694,761,0,517
711,766,0,514
718,696,68,558
700,624,0,603
705,664,0,578
698,696,1,558
718,709,0,550
718,696,68,558
716,655,0,584
707,579,68,632
716,588,69,626
712,651,1,586
703,640,1,593
718,682,1,567
705,608,1,614
712,772,0,510
716,786,1,501
711,801,1,493
709,806,1,489
707,811,1,486
702,808,1,488
709,810,1,487
712,808,1,488
709,804,1,490
709,801,1,493
709,797,1,495
707,786,1,501
714,851,1,462
720,736,69,533
707,624,1,604
716,684,1,566
712,718,1,544
709,743,1,528
712,768,1,513
712,779,1,506
712,662,0,580
716,696,0,558
718,723,0,541
716,741,0,529
716,765,0,515
707,662,1,579
709,711,0,549
709,743,0,528
712,770,0,511
707,775,0,508
712,784,0,502
712,770,0,511
716,801,0,493
714,819,0,481
718,833,1,473
712,784,1,502
712,786,1,501
714,604,69,616
716,667,1,576
707,655,0,584
709,599,68,620
712,702,1,554
712,745,1,527
716,781,0,505
716,806,0,489
718,824,0,478
712,599,69,620
712,599,69,620
712,595,69,622
711,599,69,620
759,747,0,526
759,743,0,528
761,741,0,529
761,741,1,530
761,741,1,530
761,741,1,530
761,741,1,530
761,741,1,530
761,739,1,531
761,738,0,532
709,585,68,629
718,597,68,621
716,662,0,579
707,601,68,618
705,621,0,606
709,603,68,617
716,604,68,616
712,664,0,578
709,601,68,618
711,585,68,628
763,748,1,525
763,748,1,525
711,592,68,624
709,592,68,624
707,597,68,621
711,603,68,617
712,612,68,611
707,592,69,624
716,601,69,618
709,592,69,624
707,588,69,626
707,628,1,601
709,586,69,627
718,662,1,579
709,595,69,622
709,603,68,617
707,588,68,626
718,597,68,621
709,597,68,621
709,590,68,625
709,599,68,619
711,595,68,622
712,599,68,620
714,594,68,623
716,603,68,617
718,599,69,619
716,541,101,656
718,531,100,662
709,592,68,624
711,646,0,590
707,595,68,622
711,651,1,586
705,626,1,602
709,597,69,621
716,622,69,605
709,595,69,622
711,590,69,625
709,597,69,621
712,586,69,627
714,594,68,623
709,648,1,589
711,603,68,617
711,603,68,617
736,784,0,502
739,784,0,503
736,781,0,505
736,779,0,506
772,754,1,521
772,757,1,519
772,759,1,518
772,754,1,522
772,754,1,522
772,754,1,522
772,752,1,523
772,750,1,524
772,748,1,525
711,599,68,619
714,599,68,620
716,610,68,613
716,621,68,606
716,754,0,521
712,624,69,603
714,621,69,606
716,619,68,607
707,612,69,612
709,612,69,612
712,613,68,610
716,615,68,609
718,617,68,608
718,622,68,605
718,621,68,606
718,624,69,604
709,599,68,619
718,756,0,520
712,610,68,613
712,610,69,613
712,612,69,611
714,612,69,612
716,621,69,606
716,613,69,610
711,601,68,618
709,601,68,618
707,612,68,612
712,689,0,562
718,736,0,533
712,615,68,609
712,619,68,607
716,619,68,607
718,617,68,608
716,617,69,608
718,626,69,602
716,619,69,607
712,615,69,609
712,612,69,612
712,606,69,615
716,612,69,611
716,606,68,615
712,606,68,615
711,612,68,611
711,610,68,613
709,610,68,613
707,599,68,619
712,687,0,564
718,720,0,543
709,595,68,622
707,599,68,619
714,595,68,622
707,592,68,624
712,707,0,551
718,745,0,527
711,603,68,617
711,606,68,615
711,599,68,620
712,594,69,623
716,599,69,619
716,606,69,615
721,612,69,611
716,603,69,617
716,617,69,608
712,610,69,613
718,612,69,612
712,608,69,614
716,610,69,613
718,615,69,609
718,603,69,617
720,608,69,614
718,608,69,614
720,608,69,614
716,603,69,617
716,595,69,622
714,594,69,623
712,585,69,628
712,588,69,626
712,594,69,623
712,594,69,623
711,594,69,623
712,590,69,625
712,583,69,630
711,590,69,625
716,707,1,551
714,592,69,624
712,741,0,530
716,747,0,526
716,748,0,525
716,752,0,523
718,754,0,522
712,601,68,618
711,612,69,612
711,608,69,614
711,599,69,619
714,603,69,617
716,615,69,609
718,608,69,614
716,612,69,611
714,617,69,608
712,604,69,616
707,601,1,618
712,702,1,555
718,612,69,612
712,599,69,619
712,599,69,619
714,595,69,622
716,599,69,620
712,586,69,627
712,585,69,628
714,595,69,622
712,585,69,629
711,585,69,628
709,595,69,622
707,662,1,579
712,702,0,554
712,721,0,542
718,734,0,534
709,601,68,618
707,657,1,583
714,702,1,554
718,723,1,541
718,729,1,537
718,730,1,536
709,732,0,535
712,736,0,533
712,739,0,531
712,741,0,529
714,747,0,526
714,747,0,526
718,750,1,524
718,752,1,523
711,601,69,618
709,603,69,617
712,608,69,614
712,610,69,613
716,601,68,618
714,606,68,615
712,608,68,614
714,612,68,611
716,621,68,606
718,615,68,609
712,603,69,617
718,603,69,617
721,550,101,650
720,540,101,657
718,534,101,660
718,532,100,661
712,529,100,663
712,568,68,639
711,570,68,638
714,576,68,634
716,588,68,626
716,583,68,630
718,586,68,627
712,585,69,628
716,585,69,629
709,585,69,629
714,581,69,631
714,590,69,625
712,577,69,633
714,579,68,632
712,583,68,630
712,577,68,633
712,583,68,630
712,579,68,632
709,576,68,634
709,574,68,635
709,577,68,633
707,572,68,637
707,612,0,611
712,687,0,564
718,721,0,542
714,588,69,626
711,585,69,629
709,583,69,630
707,583,69,630
707,574,68,635
709,673,0,573
714,711,0,549
718,727,0,538
716,729,0,537
718,729,0,537
716,727,0,538
716,729,0,537
716,730,0,536
716,729,0,537
716,729,0,537
716,730,0,536
714,583,68,630
707,585,68,629
709,687,1,563
716,729,1,537
718,741,1,530
712,583,69,630
711,588,68,626
711,585,68,628
709,588,68,626
709,579,68,632
707,585,68,628
709,588,68,626
714,583,68,630
716,583,68,630
714,585,68,629
712,585,69,628
711,577,69,633
714,579,69,632
714,586,69,627
718,577,69,633
714,579,69,632
714,574,68,635
712,583,68,630
712,579,68,632
709,579,68,632
712,675,0,572
716,585,68,628
711,581,68,631
711,579,68,632
711,577,68,633
709,574,68,635
709,579,68,632
707,576,68,634
707,581,69,631
712,687,1,564
718,721,1,542
716,579,69,632
712,585,68,629
709,572,68,637
709,572,68,637
709,570,68,638
707,576,68,634
709,664,0,578
712,709,0,550
718,727,0,538
718,588,68,626
711,583,68,630
707,576,68,634
709,678,0,569
712,716,0,545
714,727,0,538
716,729,1,537
716,734,1,534
718,741,69,530
712,576,69,634
709,576,68,634
707,576,68,634
712,698,0,557
716,729,0,537
718,741,0,530
718,590,68,625
711,586,68,627
711,583,68,630
709,583,68,630
711,586,69,627
712,588,69,626
716,585,69,628
718,588,69,626
720,586,69,627
720,585,69,628
718,583,69,630
718,594,69,623
718,585,68,628
716,590,68,625
718,590,68,625
716,586,68,627
707,649,0,587
718,707,1,551
718,603,69,617
718,599,69,619
718,588,69,626
718,594,68,623
718,586,68,627
718,585,68,629
716,594,68,623
716,585,68,628
716,585,68,629
716,583,68,630
716,583,68,630
714,590,68,625
712,585,68,629
714,583,68,630
714,583,68,630
714,586,68,627
712,588,68,626
711,585,69,629
707,585,69,629
707,583,69,630
711,675,1,571
718,720,0,543
712,585,68,629
725,721,1,542
725,725,0,540
725,727,0,538
721,727,0,538
725,721,0,542
725,720,0,543
721,725,0,540
725,720,0,543
723,721,0,542
723,725,1,540
730,732,1,535
734,736,1,533
736,738,0,532
716,556,69,647
716,547,69,652
712,543,69,654
712,552,69,649
709,540,69,657
709,541,69,656
707,538,68,658
707,626,0,602
720,622,68,605
709,547,68,652
709,545,68,653
709,541,68,656
707,536,69,659
718,712,1,548
709,543,69,654
720,723,0,541
721,727,0,539
723,725,1,540
730,732,1,535
721,716,0,545
723,720,0,543
723,718,0,544
723,718,0,544
723,720,0,543
723,720,0,543
725,721,1,542
725,723,1,541
727,725,1,540
725,725,1,540
712,572,69,637
714,563,69,642
711,572,69,637
711,567,69,640
709,563,69,642
709,567,69,640
718,721,0,542
718,721,0,542
723,727,0,539
721,721,1,542
721,720,1,543
725,727,1,538
725,727,1,539
727,727,1,538
729,732,1,535
745,745,1,527
745,745,1,527
745,745,1,527
745,747,1,526
745,747,1,526
743,745,1,527
721,721,0,542
720,721,0,542
721,723,0,541
716,716,0,545
721,725,0,540
718,716,0,545
721,720,1,543
723,723,1,541
743,743,1,528
741,741,1,530
730,730,1,536
720,714,0,546
721,714,0,546
721,714,0,546
727,729,1,537
730,732,1,535
734,738,1,532
736,739,0,531
732,729,0,537
727,725,0,540
727,727,0,538
725,725,0,540
725,727,0,538
721,730,0,536
723,732,0,535
734,738,1,532
736,739,0,531
732,729,0,537
727,725,0,540
727,727,0,538
725,725,0,540
725,727,0,538
721,730,0,536
723,732,0,535
721,727,0,538
725,723,0,541
725,723,0,541
725,727,0,539
727,727,1,539
725,723,1,541
727,729,1,537
729,734,1,534
730,739,0,531
725,727,0,538
725,727,0,539
727,727,1,539
725,723,1,541
727,729,1,537
729,734,1,534
730,739,0,531
727,729,0,537
727,730,0,536
725,714,0,546
725,718,0,544
725,718,0,544
727,720,0,543
727,720,1,543
730,721,1,542
734,723,1,541
734,723,1,541
732,721,1,542
734,723,1,541
734,723,1,541
732,721,1,542
734,723,0,541
732,721,0,542
734,727,0,539
734,723,0,541
732,721,0,542
734,723,0,541
730,723,0,541
734,725,0,540
734,725,0,540
734,725,0,540
730,725,1,540
725,716,0,545
727,716,0,545
727,718,0,544
725,714,1,546
725,714,1,546
725,714,1,547
725,714,0,546
725,714,0,546
725,712,0,548
725,712,0,548
727,714,0,547
725,711,1,549
725,712,1,548
725,709,1,550
725,709,1,550
725,709,1,550
725,707,1,551
723,705,1,552
729,729,1,537
729,734,1,534
730,732,1,535
725,732,1,535
725,732,1,535
729,736,1,533
732,739,1,531
736,741,1,529
721,727,1,538
725,732,1,535
725,732,1,535
729,736,1,533
732,739,1,531
736,741,1,529
732,738,0,532
730,736,0,533
709,639,1,594
718,696,1,558
709,563,69,642
707,637,1,595
714,691,1,561
718,721,0,542
711,559,69,644
709,558,69,646
723,727,1,538
725,729,1,537
727,732,1,535
727,734,0,534
723,727,0,538
721,729,0,537
721,727,0,538
721,727,0,538
723,716,0,545
725,718,0,544
727,721,0,542
725,720,0,543
727,721,0,542
727,721,0,542
729,723,0,541
727,720,0,543
729,723,1,541
727,718,1,544
727,720,1,543
729,718,1,544
727,720,1,543
727,720,1,543
729,721,0,542
729,721,0,542
730,725,0,540
729,725,0,540
730,723,0,541
730,723,0,541
730,727,0,539
730,727,0,539
730,727,0,539
730,725,0,540
730,727,0,539
732,727,0,538
730,727,1,538
730,725,1,540
732,725,1,540
732,723,1,541
734,725,1,540
734,727,1,539
732,723,1,541
736,727,1,538
734,727,1,539
734,725,1,540
732,721,0,542
730,723,0,541
730,720,0,543
730,721,0,542
730,720,0,543
729,721,0,542
730,721,0,542
729,718,0,544
729,720,1,543
727,714,1,546
729,714,1,546
727,716,1,545
727,716,1,545
729,718,1,544
729,718,1,544
727,716,1,545
725,714,0,546
725,714,0,546
725,714,0,546
723,714,0,547
698,702,0,555
702,707,0,551
703,712,0,548
707,714,0,546
727,727,5,539
736,585,69,629
727,579,69,632
727,576,69,634
727,684,5,566
736,723,0,541
738,608,68,614
729,572,68,637
730,581,68,631
729,570,68,638
727,568,68,639
732,574,69,635
730,574,69,635
736,729,5,537
736,729,5,537
729,527,69,665
730,720,5,543
734,723,5,541
734,721,0,542
738,741,69,530
727,545,68,653
732,734,0,534
738,595,68,622
727,550,68,650
734,561,69,643
727,696,5,558
738,741,5,530
727,549,69,651
734,730,5,536
739,702,69,555
725,617,5,608
734,730,5,536
738,732,5,535
725,615,5,609
734,732,0,535
738,732,68,535
725,673,5,573
736,729,5,537
738,730,5,536
725,622,5,605
732,727,5,539
736,732,5,535
738,734,5,534
736,567,69,640
725,694,5,559
734,727,5,538
736,730,5,536
738,734,5,534
738,732,5,535
738,586,69,627
725,666,5,577
732,727,5,538
736,738,5,532
738,639,68,594
725,655,0,584
730,729,0,537
734,738,0,532
734,738,0,532
736,741,0,530
734,734,5,534
736,739,5,531
729,568,69,639
730,691,5,561
738,702,69,555
725,606,5,615
730,696,5,558
730,729,5,537
736,738,5,532
732,581,69,631
727,667,5,576
732,698,5,557
730,727,5,538
736,732,5,535
738,610,69,613
727,657,5,583
730,712,5,548
734,723,5,541
734,725,5,540
734,723,5,541
734,721,5,542
734,723,0,541
730,720,5,543
732,721,5,542
732,716,5,545
732,716,5,545
736,579,69,632
727,657,5,583
734,736,5,533
732,559,69,644
725,658,5,582
732,723,5,541
736,734,5,534
727,615,5,609
734,721,5,542
738,651,69,586
727,655,0,584
734,732,0,535
736,736,5,533
734,732,5,535
736,732,5,535
736,730,5,536
738,729,5,537
736,727,5,538
736,727,5,539
736,727,5,539
723,716,1,545
725,716,1,545
723,714,1,546
721,712,1,548
723,712,1,548
725,712,1,548
721,711,1,549
721,709,1,550
721,705,1,552
720,702,1,554
720,702,1,554
718,702,1,554
718,702,1,555
716,700,1,556
730,716,1,545
729,714,1,547
727,712,1,548
727,712,1,548
727,712,1,548
727,712,1,548
727,712,1,548
725,709,1,550
725,707,1,551
723,705,1,552
743,748,1,525
727,732,5,535
738,748,5,525
725,615,5,609
736,741,5,529
727,536,69,659
734,741,5,530
730,534,69,660
730,736,5,533
734,547,69,652
729,727,5,538
738,734,69,534
727,538,69,658
734,734,5,534
738,739,5,531
727,541,69,655
734,736,5,533
736,736,5,533
732,541,69,656
727,705,5,552
736,738,5,532
732,541,69,655
729,716,5,545
736,732,5,535
736,736,5,533
736,572,69,637
727,693,5,560
734,732,5,535
736,734,5,534
736,732,5,535
730,723,1,541
730,720,1,543
730,720,1,543
729,718,1,544
729,716,1,545
730,716,1,545
727,714,1,546
727,712,1,548
725,711,1,549
725,709,1,550
723,707,1,551
723,705,1,552
721,703,1,553
727,727,1,538
729,727,1,539
729,727,1,538
730,729,1,537
732,727,1,538
732,725,1,540
730,723,1,541
725,727,1,539
727,727,1,539
716,709,1,550
718,709,1,550
720,714,1,546
720,716,1,545
727,723,0,541
709,700,1,556
709,698,1,557
709,698,1,557
711,702,1,555
711,702,1,554
711,702,0,554
711,702,0,554
709,700,0,556
707,700,0,556
707,698,5,557
709,698,5,557
709,698,5,557
709,700,5,556
709,700,5,556
709,696,5,558
709,698,5,557
709,700,5,556
711,702,5,555
711,698,5,557
709,696,5,558
718,707,1,551
718,709,0,550
718,711,1,549
720,711,0,549
720,709,0,550
718,709,0,550
718,711,0,549
718,709,0,550
720,705,0,552
720,703,1,553
720,702,1,554
720,702,1,554
721,702,1,555
720,700,1,556
720,698,1,557
718,696,1,558
720,696,1,558
718,694,1,559
718,694,1,559
716,693,1,560
729,721,5,542
732,543,69,654
734,745,5,527
730,554,69,648
727,543,68,654
736,577,68,633
732,738,0,532
729,536,68,659
730,727,0,538
736,741,0,529
727,543,68,654
736,739,0,531
727,720,5,543
738,741,5,529
729,725,5,540
738,741,69,529
714,707,0,551
712,707,0,551
712,707,0,551
723,714,1,546
725,718,1,544
725,716,1,545
723,720,0,543
732,727,5,538
734,727,5,538
734,732,0,535
732,732,0,535
734,732,0,535
734,730,0,536
732,730,0,536
732,729,0,537
730,727,0,538
730,729,0,537
730,730,0,536
730,729,0,537
732,729,5,537
734,729,5,537
730,727,5,539
730,727,5,538
729,727,5,539
730,725,5,540
730,727,0,539
734,748,0,525
736,754,0,522
738,754,0,522
729,568,68,639
727,678,0,569
734,750,0,524
732,568,68,639
729,718,0,544
734,572,69,637
727,685,5,565
736,574,69,635
730,572,69,636
729,574,69,635
729,579,69,632
729,576,68,634
729,577,68,633
730,581,68,631
738,757,5,519
732,568,69,639
730,565,68,641
730,567,68,640
729,675,0,572
736,563,68,642
727,624,0,604
734,723,0,541
730,547,68,652
730,723,0,541
736,736,0,533
729,550,68,650
734,727,5,538
734,734,5,534
738,595,69,622
727,714,5,546
736,734,5,534
738,734,5,534
725,577,0,633
784,804,1,490
788,808,1,488
792,808,1,488
790,806,1,489
761,754,1,521
761,754,1,522
743,730,0,536
745,729,0,537
743,729,0,537
743,729,0,537
743,729,0,537
741,727,0,539
788,797,1,495
783,801,1,492
790,802,1,491
790,801,1,492
790,804,1,490
792,801,0,492
790,801,0,492
786,801,0,492
790,802,1,491
793,804,1,490
716,738,0,532
707,703,0,553
707,702,1,555
716,558,69,646
716,727,1,538
705,563,1,642
716,554,69,648
707,541,69,655
714,685,1,565
716,538,68,658
707,538,68,658
712,703,1,553
716,554,69,648
707,541,69,655
714,685,1,565
712,554,68,648
705,635,0,597
716,712,0,548
709,550,68,650
709,558,68,645
709,556,68,647
711,559,68,644
707,559,68,644
709,651,0,586
720,624,68,603
707,559,68,644
712,565,68,641
709,558,68,646
711,565,68,641
707,572,0,637
718,687,1,563
709,554,69,648
712,559,69,644
714,732,0,535
714,734,1,534
718,565,69,641
714,563,69,642
711,554,69,648
711,554,69,648
711,554,69,648
712,667,0,576
718,696,0,558
712,568,68,639
709,570,68,638
707,637,0,596
716,678,0,569
714,576,68,634
709,583,68,630
709,574,69,635
707,572,69,637
707,567,69,640
709,572,69,636
712,671,0,574
718,700,0,556
709,567,68,640
709,568,68,639
707,558,68,645
712,667,0,576
718,696,0,558
712,568,68,639
709,570,68,638
707,637,0,596
716,678,0,569
714,576,68,634
709,583,68,630
709,574,69,635
707,572,69,637
707,567,69,640
709,572,69,636
716,732,0,535
712,567,68,640
709,568,68,639
712,570,69,638
714,563,69,642
711,558,69,645
707,558,69,645
716,671,1,574
714,570,69,638
711,561,69,643
709,567,69,640
709,559,69,644
709,561,69,643
712,563,69,642
709,554,69,648
709,649,1,587
718,685,1,565
707,550,69,650
707,558,69,645
707,554,69,648
707,556,69,647
712,651,1,586
716,565,68,641
709,558,68,645
709,565,68,641
711,664,0,578
720,612,68,612
709,563,68,642
707,561,68,643
709,572,68,636
709,563,68,642
709,565,68,641
718,595,68,622
712,559,68,644
709,561,68,643
709,561,68,643
711,559,68,644
712,565,68,641
712,561,69,643
712,561,69,643
716,572,69,637
709,561,69,643
709,568,69,639
714,561,68,643
709,559,69,644
712,563,69,642
711,561,69,643
714,729,0,537
718,720,0,543
718,716,0,545
714,570,68,638
712,572,68,636
714,583,68,630
716,689,0,562
718,603,68,617
716,599,68,619
714,603,68,617
712,576,69,634
712,714,0,547
716,585,68,629
714,579,68,632
712,581,68,631
711,577,68,633
712,570,68,638
709,576,68,634
711,576,68,634
711,568,68,639
711,577,68,633
711,570,69,638
711,572,69,636
712,567,69,640
712,572,69,637
707,563,69,642
709,572,69,637
709,570,69,638
709,563,68,642
707,567,68,640
707,572,68,636
712,675,0,572
716,702,0,554
707,678,0,569
716,723,1,541
716,727,1,539
709,565,69,641
709,682,1,567
716,729,1,537
712,572,69,637
709,675,0,572
716,725,0,540
718,741,0,530
712,574,68,635
711,572,68,637
709,581,68,631
707,581,68,631
709,585,68,629
711,585,68,629
711,576,68,634
712,585,68,629
712,543,68,654
707,545,68,653
709,657,1,583
718,619,69,607
714,559,69,644
711,558,69,646
707,554,69,648
716,707,0,551
712,563,69,642
712,567,68,640
709,558,68,645
711,567,68,640
712,743,0,528
718,603,68,617
712,595,68,622
712,595,68,622
718,716,69,545
716,714,69,546
720,716,69,545
720,721,69,542
721,727,69,539
718,727,69,539
718,729,68,537
718,727,68,538
721,732,68,535
712,714,69,546
718,738,69,532
721,745,69,527
721,750,69,524
723,754,69,521
712,678,68,569
716,743,68,528
720,750,68,524
720,748,68,525
756,766,1,514
757,765,1,515
757,765,1,515
757,765,1,515
757,763,0,516
757,765,0,515
756,763,0,516
716,585,101,629
716,741,69,530
718,736,69,533
718,727,69,538
720,736,69,533
718,727,69,539
718,729,68,537
716,721,68,542
716,732,68,535
721,612,100,611
718,736,68,533
712,585,100,628
714,729,68,537
714,729,68,537
716,734,68,534
716,734,68,534
716,736,68,533
716,736,68,533
716,743,68,528
716,743,68,528
716,741,68,530
716,741,68,530
718,745,68,527
716,738,68,532
721,574,100,635
714,576,100,634
720,570,100,638
718,577,101,633
718,583,101,630
716,741,68,530
720,745,68,527
718,747,68,526
718,741,69,529
721,741,69,530
716,727,69,539
718,727,69,538
721,563,101,642
712,554,101,648
712,660,69,581
721,734,68,534
716,561,101,643
718,723,0,541
721,734,68,534
716,561,101,643
712,567,101,640
716,577,101,633
711,624,69,603
720,693,69,560
714,583,101,630
721,738,68,532
712,581,100,631
709,612,68,611
712,696,68,558
714,736,68,533
716,734,68,534
718,743,68,528
721,743,69,528
712,685,69,565
718,734,69,534
716,612,100,612
714,727,68,538
720,743,68,528
720,741,68,530
718,741,68,530
720,736,68,533
718,734,68,534
716,732,68,535
721,606,100,615
716,594,100,623
714,601,101,618
714,718,69,544
720,741,69,529
718,741,69,530
723,612,100,612
716,741,69,530
721,750,69,524
721,741,69,530
721,745,69,527
720,734,69,534
718,734,69,534
730,750,68,524
734,601,100,618
723,720,68,543
732,597,100,621
727,741,68,529
727,594,100,623
725,585,100,628
725,599,100,620
732,739,68,531
727,599,100,619
727,603,101,617
721,676,69,570
725,599,101,620
725,747,68,526
725,748,68,525
727,745,68,527
729,581,100,631
725,592,100,624
721,671,68,574
736,613,100,610
723,603,101,617
727,714,69,546
727,752,69,523
723,612,69,612
732,615,101,609
727,694,69,559
732,754,69,522
730,750,69,524
729,617,100,608
725,694,68,559
725,725,68,540
725,750,68,524
727,756,68,520
727,757,68,519
725,617,100,608
727,748,68,525
727,747,68,526
725,756,68,520
727,750,68,524
727,736,69,533
730,750,68,524
730,747,68,526
730,750,68,524
732,747,68,526
732,743,68,528
732,741,68,529
730,743,69,528
723,734,68,534
732,741,68,530
730,603,100,617
727,604,100,616
723,599,101,620
730,694,69,559
736,667,101,576
727,610,101,613
723,615,101,609
725,606,101,615
725,603,101,617
725,612,101,611
727,608,100,614
723,693,68,560
725,709,68,550
727,739,68,531
730,748,68,525
730,754,69,521
734,756,69,520
732,752,69,523
734,754,69,521
732,754,69,521
730,745,69,527
721,694,68,559
727,711,68,549
725,612,69,611
723,608,68,614
718,696,0,558
725,752,0,523
721,604,68,616
725,774,0,509
745,770,0,511
745,770,0,511
748,752,1,523
745,750,0,524
743,754,0,522
741,757,0,519
743,763,0,516
741,765,0,515
727,768,1,512
718,702,1,555
727,774,0,509
723,595,68,622
723,768,0,512
723,599,68,620
720,703,0,553
727,613,101,610
727,741,69,529
732,752,69,523
727,747,69,526
727,747,69,526
730,750,69,524
729,741,69,529
729,741,69,530
730,747,69,526
721,693,69,560
732,754,69,522
734,752,69,523
725,743,69,528
727,747,69,526
723,754,69,522
727,748,69,525
727,757,69,519
725,750,69,524
723,705,68,552
727,745,68,527
727,741,68,529
730,754,68,521
727,750,68,524
725,747,68,526
725,747,68,526
727,754,68,521
729,750,68,524
734,754,68,522
730,743,68,528
723,736,68,533
721,743,68,528
725,750,68,524
727,754,68,521
725,754,68,522
732,639,101,594
725,748,69,525
730,741,69,530
721,736,69,533
721,734,69,534
725,748,69,525
723,747,69,526
725,745,69,527
730,756,69,520
729,754,68,522
727,757,68,519
725,619,101,607
727,745,69,527
730,748,69,525
732,748,69,525
734,747,69,526
730,745,69,527
729,741,69,529
730,747,69,526
729,745,69,527
729,739,69,531
725,610,101,613
720,682,69,567
720,709,69,550
727,741,69,530
732,747,69,526
730,741,68,529
725,741,69,529
727,734,69,534
725,741,69,530
727,745,69,527
725,619,101,607
725,711,69,549
727,741,69,529
730,745,69,527
729,750,69,524
730,745,69,527
730,741,68,530
730,752,69,523
732,750,69,524
734,754,69,522
734,750,69,524
730,741,69,529
730,743,69,528
730,752,69,523
730,752,69,523
730,745,69,527
729,739,69,531
725,743,69,528
725,739,68,531
730,754,68,522
727,747,68,526
727,754,68,521
725,745,68,527
727,748,69,525
730,754,69,522
730,754,69,521
729,748,68,525
730,754,68,522
727,743,68,528
725,745,68,527
725,736,68,533
721,736,68,533
730,745,68,527
725,741,68,530
727,741,69,529
734,741,69,530
727,747,69,526
723,748,69,525
730,754,69,521
725,747,69,526
725,745,69,527
725,745,69,527
725,752,68,523
725,743,68,528
723,741,69,529
721,741,69,529
721,736,69,533
721,651,68,586
730,741,69,530
729,741,68,529
729,736,68,533
734,622,100,605
725,748,68,525
725,747,68,526
725,745,68,527
727,741,68,529
727,747,68,526
725,738,68,532
725,743,68,528
727,747,0,526
725,738,68,532
721,747,68,526
723,741,68,530
721,747,68,526
729,754,68,521
723,752,68,523
725,747,68,526
730,765,69,515
727,752,69,523
730,759,69,518
730,747,68,526
730,750,69,524
730,741,69,530
721,743,68,528
721,741,69,529
725,748,69,525
727,747,69,526
727,743,69,528
725,745,69,527
727,750,69,524
727,754,68,522
732,619,100,607
723,698,68,557
729,748,68,525
732,754,68,521
734,747,68,526
730,747,68,526
727,748,69,525
729,747,69,526
729,741,69,530
729,741,69,530
727,734,69,534
725,741,69,530
727,741,69,530
727,741,69,529
721,739,68,531
725,736,69,533
723,736,69,533
729,741,69,529
725,736,69,533
725,745,69,527
727,736,69,533
727,743,69,528
727,748,69,525
732,747,69,526
732,747,69,526
732,754,69,522
730,743,69,528
729,743,69,528
727,748,69,525
729,750,69,524
729,741,68,529
730,739,68,531
729,743,68,528
734,757,0,519
727,741,68,529
725,747,68,526
721,745,68,527
723,754,68,521
725,754,68,522
725,750,68,524
730,748,68,525
732,747,68,526
725,752,68,523
725,747,68,526
723,739,68,531
727,739,68,531
727,745,68,527
729,752,68,523
727,748,69,525
725,741,69,529
729,747,69,526
727,741,69,530
727,741,69,529
727,741,69,530
727,741,69,530
727,743,69,528
727,739,68,531
725,745,68,527
723,743,68,528
723,736,68,533
732,748,68,525
725,741,68,529
727,741,68,530
727,745,68,527
725,736,68,533
727,741,68,530
727,743,69,528
725,739,69,531
730,743,69,528
730,750,68,524
725,748,68,525
727,748,68,525
727,747,68,526
727,748,68,525
730,757,69,519
721,702,68,554
730,754,68,521
734,756,68,520
734,754,68,522
730,757,68,519
736,628,101,601
725,741,69,529
730,745,69,527
732,748,69,525
730,747,69,526
721,743,69,528
721,739,69,531
723,745,69,527
727,754,69,522
727,752,69,523
729,754,69,521
727,754,68,522
729,750,68,524
730,752,68,523
725,738,68,532
725,745,68,527
723,743,68,528
725,741,68,530
725,739,68,531
723,741,68,530
721,747,68,526
727,756,68,520
730,752,68,523
727,752,68,523
727,743,68,528
727,747,68,526
725,739,69,531
727,747,69,526
727,741,69,529
725,743,69,528
725,741,69,530
727,741,69,529
727,738,69,532
725,736,69,533
721,709,68,550
723,727,69,538
727,741,69,530
723,738,69,532
721,736,69,533
721,730,69,536
727,745,69,527
730,621,100,606
721,696,68,558
723,730,68,536
720,734,68,534
720,727,68,538
727,743,68,528
723,736,68,533
721,727,68,538
723,741,68,529
725,732,68,535
721,732,68,535
725,734,68,534
727,732,68,535
725,727,68,538
729,747,68,526
727,732,69,535
725,734,69,534
725,721,68,542
725,739,68,531
727,745,68,527
736,720,101,543
721,687,69,564
730,752,69,523
734,754,69,521
730,743,69,528
734,748,69,525
725,671,69,574
727,741,69,530
730,747,69,526
730,748,69,525
721,739,68,531
725,741,69,529
730,754,69,522
725,622,101,605
730,754,69,521
730,748,69,525
734,756,69,520
730,752,69,523
734,747,69,526
732,748,68,525
730,747,68,526
730,754,68,522
730,741,68,529
734,748,0,525
725,745,68,527
721,736,68,533
723,748,68,525
721,745,68,527
718,743,68,528
721,754,68,521
725,756,68,520
721,689,69,562
727,741,69,529
727,739,0,531
725,732,68,535
721,738,68,532
727,741,68,530
725,741,68,529
725,741,68,530
727,741,69,529
721,738,69,532
721,741,69,529
730,750,69,524
727,741,69,529
730,613,100,610
725,720,68,543
725,741,68,529
732,756,68,520
730,739,69,531
729,736,69,533
730,736,69,533
725,747,0,526
730,747,68,526
734,657,101,583
721,621,69,606
723,622,69,605
727,604,101,616
725,741,69,530
730,743,69,528
730,741,69,530
734,741,69,530
730,738,69,532
732,743,69,528
730,741,69,529
730,736,68,533
727,734,68,534
720,723,68,541
721,736,68,533
723,741,68,529
723,738,68,532
730,754,68,522
725,741,68,529
723,750,68,524
727,747,68,526
727,747,68,526
727,743,69,528
725,754,69,522
729,747,69,526
730,756,69,520
727,743,69,528
732,741,68,530
730,747,68,526
730,745,68,527
729,739,68,531
725,734,68,534
727,730,68,536
723,738,68,532
721,736,68,533
729,747,0,526
725,736,68,533
721,741,68,530
721,743,68,528
730,752,68,523
723,739,68,531
721,741,68,530
720,747,68,526
727,745,68,527
727,754,69,521
727,750,69,524
725,743,68,528
734,759,68,518
721,678,68,569
727,612,100,611
729,741,68,530
730,741,68,529
730,747,68,526
730,747,68,526
727,739,68,531
725,738,68,532
725,734,68,534
725,741,69,530
727,730,69,536
725,736,69,533
723,738,69,532
729,747,69,526
725,748,69,525
727,745,69,527
729,750,69,524
727,743,69,528
730,754,69,522
729,747,68,526
727,750,68,524
725,624,100,604
727,752,68,523
727,747,68,526
729,754,68,521
729,754,68,521
730,747,68,526
727,750,68,524
727,741,68,530
727,747,68,526
727,741,69,529
730,741,69,530
729,745,69,527
729,745,69,527
730,734,69,534
729,741,69,530
727,736,69,533
725,732,69,535
721,727,68,538
725,741,68,529
727,747,68,526
727,750,68,524
727,748,68,525
725,747,68,526
734,750,69,524
734,757,101,519
725,626,101,602
729,730,69,536
734,752,69,523
725,626,101,602
723,736,69,533
730,741,69,530
730,745,69,527
732,741,69,530
730,747,69,526
732,748,68,525
734,747,68,526
734,747,68,526
730,741,68,529
730,747,68,526
727,741,68,530
721,739,68,531
721,730,68,536
718,741,68,530
727,745,68,527
734,743,68,528
727,738,68,532
723,745,68,527
727,743,68,528
725,741,68,530
723,747,68,526
727,752,69,523
727,743,69,528
727,754,69,521
730,754,69,521
730,747,69,526
729,756,69,520
734,743,69,528
732,745,69,527
734,748,69,525
732,741,69,530
734,741,69,529
732,752,69,523
732,741,69,529
732,741,69,530
730,743,69,528
730,741,69,530
730,741,69,529
730,739,69,531
730,738,69,532
729,738,69,532
727,736,69,533
727,734,68,534
725,741,68,529
725,734,68,534
723,741,69,530
721,736,69,533
732,747,69,526
725,734,69,534
729,732,0,535
720,727,68,538
721,732,68,535
720,727,68,538
725,736,68,533
727,730,68,536
723,730,68,536
729,739,69,531
725,734,69,534
730,741,69,529
729,738,69,532
727,739,69,531
727,730,69,536
730,741,69,529
729,748,69,525
732,741,69,530
721,732,68,535
721,730,69,536
725,743,69,528
725,741,69,530
723,729,69,537
725,739,69,531
730,738,69,532
730,741,69,529
734,752,69,523
729,743,69,528
729,736,69,533
730,741,69,529
727,741,69,530
725,738,68,532
727,741,69,529
725,622,101,605
725,689,69,562
723,739,69,531
723,741,69,530
725,741,69,529
725,741,69,530
727,624,100,604
721,682,68,567
721,711,68,549
727,727,68,538
725,739,68,531
727,741,68,530
727,739,69,531
727,743,69,528
727,741,69,530
729,743,69,528
727,747,69,526
727,741,69,529
723,736,69,533
723,739,69,531
725,739,69,531
723,734,69,534
725,743,69,528
725,736,69,533
725,739,69,531
725,741,69,530
725,738,69,532
725,720,69,543
729,730,69,536
725,732,69,535
723,727,69,539
723,732,68,535
721,732,68,535
727,741,68,530
730,739,68,531
727,736,68,533
721,723,68,541
723,727,68,538
727,727,68,538
723,725,68,540
727,734,68,534
723,732,68,535
723,732,68,535
729,732,69,535
725,729,69,537
730,741,69,530
727,734,69,534
730,741,69,529
725,736,69,533
725,729,69,537
729,734,69,534
730,741,69,529
734,743,69,528
723,734,69,534
721,727,68,538
721,727,68,538
721,727,68,538
727,741,68,529
734,741,68,529
725,727,68,538
725,729,68,537
721,734,68,534
725,730,69,536
723,732,69,535
721,727,69,538
730,736,69,533
725,738,69,532
727,741,69,530
729,743,69,528
734,741,69,530
725,736,69,533
723,734,69,534
727,745,69,527
730,738,69,532
727,736,69,533
727,741,69,530
730,745,69,527
727,736,69,533
723,736,69,533
721,729,69,537
730,743,68,528
730,736,68,533
725,741,68,530
723,736,68,533
729,743,68,528
727,741,68,530
727,741,68,530
725,736,68,533
730,741,68,530
729,741,68,530
727,738,69,532
729,743,69,528
723,585,100,628
723,732,68,535
729,727,68,538
721,720,68,543
725,727,68,538
721,727,68,539
730,734,69,534
727,736,69,533
727,727,69,539
736,606,100,615
743,763,68,516
739,754,68,522
736,754,68,522
732,754,68,522
734,748,68,525
739,754,68,521
734,754,68,522
738,752,69,523
736,750,68,524
738,754,68,522
736,750,68,524
739,754,68,522
734,743,68,528
739,752,68,523
736,747,68,526
741,747,68,526
736,741,68,530
736,756,68,520
738,752,69,523
738,757,69,519
738,756,69,520
739,763,69,516
743,765,69,515
743,765,69,515
743,754,68,521
743,763,68,516
743,765,68,515
739,757,68,519
736,757,68,519
738,754,68,522
736,750,68,524
739,754,68,521
736,754,68,521
739,757,68,519
738,759,68,518
739,759,68,518
739,754,69,521
743,754,69,521
745,761,69,517
739,747,69,526
734,603,100,617
739,723,68,541
734,741,68,529
736,754,68,521
734,754,68,522
734,747,68,526
736,754,68,522
741,756,68,520
736,754,69,521
734,754,69,521
739,759,69,518
736,756,69,520
736,754,69,521
736,756,69,520
738,754,68,521
743,768,69,513
741,766,68,514
743,766,68,514
741,763,68,516
738,759,68,518
739,761,68,517
739,757,68,519
741,759,68,518
741,759,68,518
739,761,68,517
739,761,68,517
739,768,69,513
743,768,69,513
745,766,69,514
745,766,69,514
745,766,69,514
732,696,69,558
739,757,69,519
743,754,69,522
745,759,69,518
743,759,69,518
739,750,68,524
739,754,68,522
739,748,68,525
736,741,68,530
734,743,68,528
734,748,68,525
734,741,68,530
730,741,68,529
736,747,69,526
741,743,69,528
734,741,69,530
741,765,69,515
743,761,68,517
741,761,68,517
741,768,68,513
743,766,68,514
741,766,68,514
743,763,68,516
743,766,68,514
739,761,68,517
741,763,68,516
739,756,68,520
739,750,68,524
736,754,68,521
738,747,68,526
738,752,68,523
738,752,69,523
734,747,69,526
738,750,69,524
739,745,69,527
736,750,69,524
739,741,69,530
745,750,68,524
739,743,68,528
743,741,68,529
736,736,68,533
739,747,68,526
743,745,68,527
739,754,68,522
743,754,68,521
736,738,68,532
739,748,68,525
734,745,68,527
741,750,68,524
730,741,69,530
743,748,69,525
739,748,69,525
734,739,68,531
738,747,69,526
734,745,69,527
745,752,68,523
736,585,100,629
739,750,68,524
743,754,68,522
738,741,68,529
739,750,68,524
743,754,68,522
738,741,68,529
734,743,68,528
736,741,68,529
736,741,68,530
736,738,68,532
734,741,68,530
736,747,68,526
736,752,68,523
734,752,69,523
734,745,68,527
739,754,68,521
736,748,68,525
738,752,68,523
739,754,68,521
739,750,68,524
738,752,68,523
739,748,68,525
738,748,68,525
739,754,68,521
741,752,68,523
739,747,69,526
739,752,69,523
739,743,69,528
738,741,69,529
739,745,69,527
739,743,69,528
736,720,69,543
743,761,69,517
743,761,69,517
743,761,68,517
743,768,68,513
743,761,68,517
743,759,68,518
739,768,68,513
743,630,100,600
730,698,68,557
738,756,68,520
736,752,68,523
734,747,68,526
734,754,68,522
734,754,68,521
743,766,69,514
739,759,69,518
739,759,69,518
739,759,69,518
739,768,69,513
739,766,69,514
743,761,69,517
743,761,69,517
745,768,68,512
743,765,68,515
745,761,68,517
743,766,68,514
739,768,68,513
743,761,68,517
743,768,68,513
743,761,68,517
743,759,68,518
739,768,68,513
741,766,69,514
739,754,68,522
743,766,68,514
743,765,68,515
743,761,68,517
739,759,68,518
739,754,68,522
738,747,68,526
736,750,68,524
736,748,68,525
732,747,68,526
739,754,68,522
738,748,68,525
736,741,69,529
734,741,69,529
736,754,68,521
736,763,68,516
738,765,68,515
739,759,68,518
739,765,68,515
741,766,68,514
739,765,68,515
739,759,68,518
743,768,69,513
743,642,101,592
734,720,69,543
743,761,69,517
745,649,101,587
734,696,69,558
738,763,68,516
734,696,69,558
738,763,68,516
739,761,68,517
739,759,68,518
739,766,68,514
743,761,68,517
739,754,68,522
741,756,68,520
739,757,68,519
739,750,68,524
736,748,68,525
738,754,68,522
739,748,69,525
738,748,69,525
738,748,69,525
739,747,69,526
736,743,69,528
736,748,69,525
736,747,69,526
736,640,100,593
736,720,68,543
739,642,101,592
734,637,101,596
734,698,69,557
743,738,69,532
743,637,101,596
736,635,100,597
705,718,0,544
718,730,0,536
718,736,0,533
712,563,68,642
711,565,68,641
711,568,68,639
712,714,0,547
716,565,68,641
711,705,0,552
709,702,0,554
707,705,0,552
716,712,0,548
718,712,0,548
718,712,0,548
720,714,1,547
720,714,1,546
712,720,0,543
712,721,0,542
709,720,0,543
709,720,0,543
712,723,0,541
718,732,5,535
709,720,5,543
718,603,69,617
709,714,5,546
718,727,69,538
718,716,0,545
718,718,0,544
718,718,0,544
718,716,0,545
718,716,0,545
718,721,0,542
714,718,0,544
711,718,5,544
712,723,5,541
709,721,5,542
721,727,1,538
721,727,1,538
721,727,1,538
721,729,0,537
718,723,0,541
716,723,0,541
716,720,1,543
721,727,1,539
727,671,0,574
727,667,0,576
727,669,0,575
729,667,0,576
730,669,0,575
716,714,5,546
718,716,5,545
705,702,5,555
718,711,5,549
702,694,5,559
711,702,5,554
714,705,5,552
714,705,5,552
714,703,5,553
714,703,5,553
714,705,5,552
716,694,0,559
712,685,0,565
718,712,5,548
702,696,5,558
714,705,5,552
716,709,5,550
718,707,5,551
716,709,5,550
721,694,0,559
721,685,0,565
720,676,0,570
720,678,0,569
723,662,0,579
727,666,1,577
729,675,1,571
727,675,1,571
721,694,1,559
707,648,69,589
712,720,5,543
711,628,68,601
714,644,68,591
718,675,0,571
694,691,0,561
712,702,0,555
712,702,0,555
694,709,0,550
712,712,0,548
703,714,5,546
714,727,5,539
720,649,0,587
720,657,0,583
721,660,0,581
718,712,5,548
711,702,5,555
709,691,0,561
702,635,0,597
709,666,0,577
698,684,0,566
700,694,0,559
707,702,0,554
700,707,0,551
712,649,68,588
712,658,68,582
712,657,68,583
718,667,68,576
712,666,69,577
720,657,69,583
716,662,0,580
703,657,0,583
703,669,0,575
716,682,0,567
703,700,0,556
716,707,0,551
