727,637,1,595
736,594,69,623
736,693,1,560
727,619,1,607
727,631,69,599
732,613,69,610
738,702,1,555
734,685,1,565
727,599,1,620
729,613,69,610
734,601,69,618
736,696,1,558
734,689,1,562
727,612,1,612
727,624,1,603
727,610,69,613
727,606,69,615
734,576,69,634
736,583,69,630
736,604,69,616
739,693,69,560
738,698,1,557
734,684,1,566
736,599,69,620
727,657,69,583
732,599,69,619
727,597,1,621
727,601,69,618
732,599,69,619
738,599,69,620
734,667,1,576
730,669,1,575
748,736,1,533
752,741,1,530
736,712,1,548
725,635,1,597
732,716,1,545
734,727,1,538
734,729,1,537
734,594,69,623
727,680,1,568
734,723,1,541
736,727,1,538
736,727,1,539
738,637,69,595
727,666,1,577
729,529,69,663
729,682,1,567
734,720,1,543
734,702,1,555
734,720,1,543
736,723,1,541
736,725,1,540
736,691,1,561
730,628,1,601
732,648,69,589
727,648,69,589
739,619,69,607
727,619,69,607
734,648,69,589
730,601,69,618
734,594,69,623
727,673,1,573
738,720,1,543
725,660,1,581
738,721,1,542
725,642,1,592
736,714,1,546
727,603,69,617
734,709,1,550
736,586,69,627
732,702,1,555
730,613,69,610
730,709,1,550
736,721,1,542
727,612,69,612
736,612,69,611
736,702,1,554
730,664,1,578
727,603,1,617
727,617,69,608
738,712,1,548
736,703,1,553
729,669,1,575
738,637,69,595
734,682,1,567
734,705,1,552
734,714,1,546
734,550,69,650
730,702,1,554
730,592,69,624
729,709,1,550
734,612,69,612
738,718,1,544
732,664,1,578
730,714,1,546
727,531,69,662
738,712,1,548
730,673,1,573
727,586,69,627
734,599,69,619
736,707,1,551
729,648,1,589
725,572,1,637
734,585,69,629
738,712,1,548
712,693,1,560
714,694,1,559
716,694,1,559
716,696,1,558
718,698,1,557
720,702,1,555
714,702,1,554
716,702,1,554
718,703,1,553
716,705,1,552
716,702,1,554
716,702,1,554
716,702,1,554
720,702,1,554
721,703,1,553
720,711,1,549
732,727,1,539
736,729,1,537
736,727,1,538
736,727,1,539
738,727,1,539
725,653,1,585
730,714,1,546
734,723,1,541
734,725,1,540
736,725,1,540
738,727,1,538
738,727,1,539
729,703,1,553
730,705,1,552
730,709,1,550
730,711,1,549
732,711,1,549
734,712,1,548
734,714,1,546
734,714,1,547
736,718,1,544
736,727,1,539
725,604,1,616
729,637,1,595
729,624,69,603
736,633,69,598
734,700,1,556
727,624,1,604
730,630,69,600
739,693,69,560
730,666,1,577
727,635,1,597
727,619,69,607
730,603,69,617
734,554,69,648
738,635,69,597
736,702,1,554
747,732,1,535
750,743,1,528
754,747,1,526
736,700,1,556
736,585,69,628
727,637,1,596
725,594,1,623
734,604,69,616
738,689,69,562
732,667,1,576
725,597,1,621
730,581,69,631
734,558,69,645
738,696,69,558
734,678,1,569
727,624,1,603
729,545,69,653
732,615,69,609
734,664,1,578
725,635,1,597
716,720,1,543
716,714,1,547
716,714,1,547
718,721,1,542
720,721,1,542
718,718,1,544
721,720,1,543
721,725,1,540
725,721,1,542
721,720,1,543
725,720,1,543
723,720,1,543
723,718,1,544
718,716,1,545
723,716,1,545
723,714,1,546
727,720,1,543
723,716,1,545
727,720,1,543
723,714,1,546
721,711,1,549
725,714,1,546
721,709,1,550
723,712,1,548
725,714,1,546
732,727,1,538
734,732,1,535
732,734,1,534
734,730,1,536
734,729,1,537
730,729,1,537
734,734,1,534
730,730,1,536
734,732,1,535
730,727,1,538
738,646,69,590
725,693,1,560
727,721,1,542
727,723,1,541
727,723,1,541
730,720,1,543
729,723,1,541
727,720,1,543
730,721,1,542
727,721,1,542
725,718,1,544
727,718,1,544
730,721,1,542
725,714,1,546
730,720,1,543
727,716,1,545
727,714,1,546
725,714,1,547
721,712,1,548
721,709,1,550
691,689,1,562
693,691,1,561
693,694,1,559
694,694,1,559
694,696,1,558
696,696,1,558
700,698,1,557
700,702,1,555
700,700,1,556
703,702,1,555
703,702,1,554
698,702,1,554
705,712,1,548
709,718,1,544
712,714,1,546
716,721,1,542
718,721,1,542
718,725,1,540
721,725,1,540
720,723,1,541
720,720,1,543
723,723,1,541
721,720,1,543
721,720,1,543
721,723,1,541
720,718,1,544
720,720,1,543
720,714,1,546
734,729,1,537
738,734,1,534
730,734,1,534
736,739,1,531
738,741,1,530
736,741,1,530
738,739,1,531
727,657,1,583
734,732,1,535
734,739,1,531
732,730,1,536
738,621,69,606
730,703,1,553
734,736,1,533
725,579,1,632
736,723,1,541
736,739,1,531
727,648,1,589
736,727,1,539
730,513,69,673
736,720,1,543
738,736,1,533
727,639,1,594
736,730,1,536
736,736,1,533
736,739,1,531
736,552,69,649
736,711,1,549
727,626,1,602
734,727,1,539
738,734,1,534
729,676,1,570
730,725,1,540
736,730,1,536
734,732,1,535
707,703,1,553
707,702,1,555
707,703,1,553
709,703,1,553
707,700,1,556
709,702,1,554
709,703,1,553
707,702,1,555
709,705,1,552
709,703,1,553
709,700,1,556
712,702,1,554
709,702,1,555
709,700,1,556
709,702,1,555
712,702,1,555
707,696,1,558
707,698,1,557
709,694,1,559
707,696,1,558
709,707,1,551
734,648,21,589
720,712,29,548
720,712,29,548
718,612,1,612
721,676,1,570
721,689,1,562
723,693,1,560
725,693,1,560
723,689,1,562
720,702,1,555
718,707,1,551
721,700,1,556
723,694,1,559
725,693,1,560
721,687,1,563
721,680,1,568
721,680,1,568
743,649,69,587
736,541,69,655
741,540,69,657
752,516,69,671
745,563,69,642
761,527,69,664
757,599,69,620
757,567,69,640
739,588,69,626
727,754,1,522
725,754,1,522
725,743,1,528
727,745,1,527
727,745,1,527
718,757,1,519
703,763,1,516
716,754,1,521
739,775,1,508
721,770,1,511
720,781,1,505
720,775,1,508
723,775,1,508
721,784,1,502
729,788,1,500
714,784,1,502
718,781,1,505
712,783,1,504
721,784,1,503
718,781,1,505
725,784,1,502
725,788,1,500
721,783,1,504
725,784,1,502
716,790,1,499
730,784,1,502
743,784,1,502
745,795,1,496
745,777,1,507
707,770,1,511
709,757,1,519
718,761,1,517
716,761,1,517
714,748,1,525
712,757,1,519
712,754,1,522
718,752,1,523
720,757,1,519
718,698,1,557
725,716,1,545
725,721,1,542
721,727,1,539
716,732,1,535
712,734,1,534
718,734,1,534
718,736,1,533
716,727,1,539
718,741,1,529
714,727,1,538
721,727,1,538
725,750,1,524
716,741,1,529
730,763,1,516
743,763,1,516
743,774,1,509
723,741,1,529
712,750,1,524
732,745,1,527
734,747,1,526
727,743,1,528
725,752,1,523
725,748,1,525
725,752,1,523
727,752,1,523
718,747,1,526
721,747,1,526
725,752,1,523
723,754,1,521
720,750,1,524
721,754,1,521
714,756,1,520
712,756,1,520
712,757,1,519
714,750,1,524
712,754,1,522
714,761,1,517
714,775,1,508
718,770,1,511
711,772,1,510
716,777,1,507
712,781,1,505
720,777,1,507
730,779,1,506
739,788,1,500
721,784,1,502
712,783,1,504
711,795,1,496
723,784,1,502
723,792,1,498
727,797,1,495
718,788,1,500
725,788,1,500
734,774,1,509
743,770,1,511
743,768,1,513
739,756,1,520
720,662,1,580
718,651,1,586
718,662,1,579
716,651,1,586
718,754,1,522
718,754,1,521
718,747,1,526
720,756,1,520
718,750,1,524
718,747,1,526
720,757,1,519
720,754,1,522
716,752,1,523
718,741,1,530
718,745,1,527
718,736,1,533
718,745,1,527
716,736,1,533
716,741,1,529
714,745,1,527
752,615,69,609
741,579,69,632
739,610,69,613
739,617,69,608
739,608,69,614
739,612,69,611
739,637,69,595
736,648,69,589
734,651,69,586
732,664,69,578
730,619,69,607
729,680,1,568
729,714,1,546
727,725,1,540
721,727,1,538
698,932,21,414
730,869,1,451
727,770,1,511
700,763,1,516
709,754,1,521
718,763,1,516
718,770,1,511
718,768,1,513
718,768,1,512
716,768,1,512
716,763,1,516
716,754,1,522
716,763,1,516
730,774,1,509
741,772,1,510
739,779,1,506
743,567,69,640
747,673,69,573
747,592,69,624
752,565,69,641
721,783,1,504
723,781,1,505
725,788,1,500
716,784,1,502
721,783,1,504
718,784,1,502
720,784,1,502
703,781,1,505
705,795,1,496
709,792,1,498
707,793,1,497
703,784,1,503
703,786,1,501
709,795,1,496
707,784,1,502
705,788,1,500
725,786,1,501
734,779,1,506
738,792,1,498
738,775,1,508
738,588,69,626
738,567,69,640
747,570,69,638
712,739,1,531
714,752,1,523
716,750,1,524
714,741,1,530
716,748,1,525
714,741,1,529
714,739,1,531
712,741,1,529
712,752,1,523
712,752,1,523
714,752,1,523
712,752,1,523
685,748,1,525
678,743,1,528
702,754,1,521
700,754,1,521
694,752,1,523
698,754,1,522
687,743,1,528
712,747,1,526
716,752,1,523
707,754,1,521
685,750,1,524
698,754,1,522
718,743,1,528
730,734,1,534
727,736,1,533
727,723,1,541
734,574,69,635
734,572,69,636
736,592,69,624
734,572,69,636
734,561,69,643
730,599,69,619
730,563,69,642
734,604,69,616
723,558,69,645
721,559,69,644
730,565,69,641
730,599,69,619
730,590,69,625
725,594,69,623
721,590,69,625
725,583,69,630
725,586,69,627
725,579,69,632
725,549,69,651
723,613,69,610
718,637,1,596
721,752,1,523
721,754,1,522
714,757,1,519
716,772,1,510
718,757,1,519
705,759,1,518
743,577,69,633
743,619,69,607
702,738,1,532
734,576,69,634
725,570,69,638
714,727,1,538
703,759,1,518
718,772,1,510
725,779,1,506
703,759,1,518
709,763,1,516
709,770,1,511
712,766,1,514
709,770,1,511
725,774,1,509
734,768,1,513
734,777,1,507
698,729,1,537
693,727,1,539
689,729,1,537
714,741,1,530
685,738,1,532
720,793,1,497
702,747,1,526
700,756,1,520
707,761,1,517
712,768,1,512
712,765,1,515
712,761,1,517
718,756,1,520
712,754,1,522
712,754,1,522
712,747,1,526
718,748,1,525
718,752,1,523
712,750,1,524
714,775,1,508
709,783,1,504
707,777,1,507
709,788,1,500
709,775,1,508
734,761,1,517
734,763,1,516
718,766,1,514
721,772,1,510
714,781,1,505
705,777,1,507
707,741,1,529
711,743,1,528
703,748,1,525
707,750,1,524
700,750,1,524
703,748,1,525
702,759,1,518
696,759,1,518
703,765,1,515
707,768,1,512
696,770,1,511
700,766,1,514
718,768,1,512
729,774,1,509
730,772,1,510
732,756,1,520
711,675,1,571
711,727,1,538
707,743,1,528
709,754,1,522
712,741,1,529
707,736,1,533
709,739,1,531
707,745,1,527
707,734,1,534
707,743,1,528
703,741,1,530
709,741,1,530
714,741,1,530
709,739,1,531
711,675,1,571
711,727,1,538
707,743,1,528
709,754,1,522
712,741,1,529
707,736,1,533
709,739,1,531
707,745,1,527
707,734,1,534
707,743,1,528
703,741,1,530
709,741,1,530
714,741,1,530
709,739,1,531
707,734,1,534
707,727,1,539
705,732,1,535
709,727,1,539
707,736,1,533
709,720,1,543
723,712,1,548
730,532,69,661
738,565,69,641
721,675,69,572
727,748,1,525
736,759,1,518
736,768,1,512
734,772,1,510
736,768,1,513
738,606,69,615
716,718,1,544
703,725,1,540
712,727,1,539
709,725,1,540
718,792,1,498
738,779,1,506
739,790,1,499
739,784,1,503
712,685,1,565
712,687,1,563
712,662,1,580
712,662,1,580
720,768,1,512
720,770,1,511
721,770,1,511
718,774,1,509
720,772,1,510
718,775,1,508
718,784,1,502
716,775,1,508
714,774,1,509
711,754,1,522
718,763,1,516
720,750,1,524
718,759,1,518
700,757,1,519
705,747,1,526
705,750,1,524
700,748,1,525
721,756,1,520
727,754,1,522
727,772,1,510
729,775,1,508
727,774,1,509
725,597,69,621
727,567,69,640
729,590,69,625
727,595,69,622
727,558,69,645
718,585,69,629
712,658,1,582
711,754,1,521
714,772,1,510
720,759,1,518
711,748,1,525
702,756,1,520
703,756,1,520
739,795,1,496
739,784,1,502
743,565,69,641
745,595,69,622
745,601,69,618
730,671,69,574
739,622,69,605
725,766,1,514
727,759,1,518
727,761,1,517
729,763,69,516
729,538,69,658
734,653,69,585
734,565,69,641
730,613,69,610
725,570,69,638
718,612,1,612
721,712,1,548
727,718,1,544
723,727,1,538
723,727,1,538
725,727,1,538
723,723,1,541
723,730,1,536
725,727,1,538
725,727,1,538
723,736,1,533
725,739,1,531
727,745,1,527
725,757,1,519
727,761,1,517
727,757,1,519
727,761,1,517
729,768,1,512
725,756,1,520
725,763,1,516
723,766,1,514
721,761,1,517
723,761,1,517
712,714,1,546
714,720,1,543
711,718,1,544
707,725,1,540
709,721,1,542
711,721,1,542
711,723,1,541
714,720,1,543
711,718,1,544
707,725,1,540
709,721,1,542
711,721,1,542
711,723,1,541
734,640,69,593
747,543,69,654
707,721,1,542
705,727,1,538
703,727,1,538
700,727,1,539
700,743,1,528
734,549,69,651
725,631,69,599
721,556,69,647
700,694,1,559
709,707,1,551
707,721,1,542
705,727,1,538
703,727,1,538
700,727,1,539
700,743,1,528
707,754,1,522
707,750,1,524
702,754,1,522
702,754,1,521
700,761,1,517
721,757,1,519
730,757,1,519
727,770,1,511
727,766,1,514
721,547,69,652
729,559,69,644
730,619,69,607
748,541,69,655
757,541,69,656
763,585,69,628
766,545,69,653
766,568,69,639
766,563,69,642
766,666,69,577
766,574,69,635
770,621,69,606
772,579,69,632
774,567,69,640
774,599,69,620
772,667,69,576
770,603,69,617
763,599,69,620
736,583,69,630
736,664,69,578
736,621,69,606
750,617,69,608
739,673,69,573
756,657,69,583
748,633,69,598
739,552,69,649
714,734,1,534
716,747,1,526
720,759,1,518
712,770,1,511
703,763,1,516
693,763,1,516
696,768,1,512
709,653,1,585
748,601,69,618
754,545,69,653
754,547,69,652
748,599,69,619
754,612,69,612
752,630,69,600
745,651,69,586
761,675,69,572
752,693,69,560
759,666,69,577
757,662,69,580
756,644,69,591
736,651,69,586
754,648,69,589
761,640,69,593
763,558,69,645
765,599,69,620
725,754,1,522
748,585,69,628
748,543,69,654
750,642,69,592
725,586,69,627
736,649,69,588
734,613,69,610
734,568,69,639
727,657,69,583
757,595,69,622
730,592,69,624
752,680,69,568
741,624,69,603
694,723,1,541
694,725,1,540
698,720,1,543
702,720,1,543
700,718,1,544
700,718,1,544
700,725,1,540
700,721,1,542
711,730,1,536
709,723,1,541
712,723,1,541
716,720,1,543
714,709,1,550
718,721,1,542
721,729,1,537
729,559,69,644
763,577,69,633
745,630,69,600
730,622,69,605
745,604,69,616
738,658,69,582
750,793,69,497
761,795,69,496
763,757,69,519
730,732,69,535
734,748,69,525
736,757,69,519
739,736,69,533
743,743,69,528
743,721,69,542
741,736,69,533
743,757,69,519
745,739,69,531
748,747,69,526
748,757,69,519
748,754,69,522
752,763,69,516
752,732,69,535
752,761,69,517
756,763,69,516
757,779,69,506
757,766,69,514
759,790,69,499
757,799,69,494
757,793,69,497
757,770,69,511
757,795,69,496
757,770,69,511
761,795,69,496
756,783,69,504
757,766,69,514
759,772,69,510
757,770,69,511
761,772,69,510
761,784,69,503
757,772,69,510
761,795,69,496
763,811,69,486
761,817,69,482
759,781,69,505
763,793,69,497
757,786,69,501
757,811,69,486
757,795,69,496
756,808,69,488
756,817,69,483
759,801,69,493
754,784,69,503
754,765,69,515
757,790,69,499
757,756,69,520
739,648,69,589
750,644,69,591
752,624,69,604
745,619,69,607
748,662,69,579
748,595,69,622
736,599,69,620
736,603,69,617
727,727,1,538
730,550,69,650
743,662,69,579
743,615,69,609
727,585,69,628
725,583,69,630
671,750,1,524
748,601,69,618
730,595,69,622
739,531,69,662
734,624,69,603
738,550,69,650
754,613,69,610
730,558,69,646
729,612,69,612
752,585,69,629
734,581,69,631
745,637,69,595
747,644,69,591
748,565,69,641
752,626,69,602
757,622,69,605
757,595,69,622
759,606,69,615
709,783,1,504
709,779,1,506
709,788,1,500
716,786,1,501
712,788,1,500
707,786,1,501
714,774,1,509
712,729,1,537
711,730,1,536
718,725,1,540
714,732,1,535
711,721,1,542
705,723,1,541
703,725,1,540
707,727,1,538
736,720,1,543
736,712,1,548
736,709,1,550
736,711,1,549
738,711,1,549
738,711,1,549
716,687,1,564
721,716,1,545
718,727,1,539
718,727,1,539
709,747,1,526
702,739,1,531
703,739,1,531
709,738,1,532
734,561,69,643
700,759,1,518
702,768,1,512
702,756,1,520
707,768,1,512
705,768,1,512
712,775,1,508
716,779,1,506
711,775,1,508
712,763,1,516
714,752,1,523
714,741,1,529
712,759,1,518
725,775,1,508
734,770,1,511
736,775,1,508
736,775,1,508
702,748,1,525
703,752,1,523
700,754,1,521
714,754,1,522
711,745,1,527
709,738,1,532
707,730,1,536
709,729,1,537
707,725,1,540
702,718,1,544
705,711,1,549
707,720,1,543
720,714,1,547
729,712,1,548
729,723,1,541
730,716,1,545
702,739,1,531
696,747,1,526
694,741,1,530
693,752,1,523
714,664,1,578
716,761,1,517
685,761,1,517
700,768,1,513
703,768,1,512
707,765,1,515
734,772,1,510
734,784,1,503
734,772,1,510
736,781,1,505
736,779,1,506
736,768,1,512
703,725,1,540
702,729,1,537
696,768,1,512
702,772,1,510
734,736,1,533
736,723,1,541
702,772,1,510
702,775,1,508
705,768,1,513
703,770,1,511
709,770,1,511
721,786,1,501
709,784,1,502
743,741,1,529
743,741,1,529
694,784,1,503
750,583,69,630
750,588,69,626
752,599,69,620
763,599,69,620
739,586,69,627
716,754,1,522
707,752,1,523
698,748,1,525
702,754,1,522
698,750,1,524
691,754,1,522
700,752,1,523
752,772,1,510
752,772,1,510
748,565,69,641
757,570,69,638
718,572,69,637
723,723,1,541
709,754,1,522
700,765,1,515
703,770,1,511
707,745,1,527
705,747,1,526
707,747,1,526
705,756,1,520
707,759,1,518
709,757,1,519
720,574,69,635
741,786,1,501
700,741,1,530
700,754,1,522
703,754,1,522
756,801,1,493
752,608,69,614
752,585,69,628
727,559,69,644
720,610,69,613
723,734,1,534
716,774,1,509
705,788,1,500
716,786,1,501
712,777,1,507
718,765,1,515
727,615,69,609
729,592,69,624
716,667,1,576
705,775,1,508
707,788,1,500
702,786,1,501
716,790,1,499
712,799,1,494
716,801,1,493
757,597,69,621
761,576,69,634
761,586,69,627
766,595,69,622
770,585,69,629
772,662,69,580
775,594,69,623
777,648,69,589
779,610,69,613
779,613,69,610
777,640,69,593
784,801,69,493
788,802,69,491
786,837,69,470
784,831,69,474
799,804,1,490
799,813,69,485
802,795,69,496
806,806,69,489
808,801,69,493
808,835,69,471
808,837,69,470
810,817,69,482
811,819,69,481
811,837,69,470
811,840,69,468
808,810,69,487
802,851,69,462
799,874,69,448
799,855,69,460
797,858,69,458
797,864,69,454
795,885,69,441
793,855,69,460
793,853,69,461
793,784,69,503
797,801,69,492
797,824,69,478
770,797,69,495
761,835,69,472
756,806,69,489
757,819,69,481
754,826,69,477
756,820,69,480
752,810,69,487
748,838,69,469
754,804,69,490
745,826,69,477
754,822,69,479
757,802,69,491
743,801,69,493
738,817,69,482
739,817,69,483
743,826,69,477
745,835,69,471
748,811,69,486
747,811,69,486
743,837,69,470
743,844,69,466
743,828,69,476
745,837,69,470
748,824,69,478
750,833,69,473
752,840,69,468
754,835,69,471
757,824,69,478
756,847,69,464
761,824,69,478
765,820,69,480
766,855,69,460
761,840,69,468
757,837,69,470
757,831,69,474
756,858,69,457
752,864,69,454
752,862,69,455
750,862,69,455
747,842,69,467
745,842,69,467
745,873,69,449
747,856,69,459
745,864,69,454
739,867,69,452
736,856,69,459
734,871,69,450
730,862,69,455
730,869,69,451
790,849,69,463
788,853,69,461
788,838,69,469
788,838,69,469
743,815,69,484
730,835,69,472
729,819,69,481
727,840,69,468
734,808,69,488
729,846,69,465
725,811,69,486
725,804,69,490
725,828,69,476
727,824,69,478
730,846,69,465
732,840,69,468
734,822,69,479
734,851,69,462
734,858,69,457
738,864,69,454
736,856,69,459
736,833,69,473
736,865,69,453
736,867,69,452
739,856,69,459
743,838,69,469
745,842,69,467
747,856,69,459
748,851,69,462
750,851,69,462
754,878,69,446
754,864,69,454
757,876,69,447
757,844,69,466
756,862,69,455
757,851,69,462
756,873,69,449
757,858,69,457
761,865,69,453
757,871,69,450
754,864,69,454
756,864,69,454
756,883,69,442
756,858,69,458
756,878,69,446
757,892,69,437
757,867,69,452
752,858,69,458
750,858,69,458
748,883,69,443
747,871,69,450
745,892,69,437
741,860,69,456
736,862,69,455
734,876,69,447
730,862,69,455
729,894,69,436
779,790,69,499
781,801,69,492
781,840,69,468
718,822,1,479
732,828,69,476
738,844,69,466
727,831,69,474
727,826,69,477
727,840,69,468
732,835,69,472
730,835,69,471
730,847,69,464
729,804,69,490
730,844,69,466
734,810,69,487
736,842,69,467
738,842,69,467
736,858,69,458
734,822,69,479
736,844,69,466
736,855,69,460
741,853,69,461
741,856,69,459
739,856,69,459
739,828,69,476
739,840,69,468
743,842,69,467
743,867,69,452
741,837,69,470
739,828,69,476
739,828,69,476
738,829,69,475
739,855,69,460
736,864,69,454
736,835,69,471
734,829,69,475
732,837,69,470
734,865,69,453
734,853,69,461
732,833,69,473
730,865,69,453
738,837,69,470
745,855,69,460
734,871,69,450
729,858,69,458
779,822,69,479
779,829,69,475
779,840,69,468
781,802,69,491
736,810,69,487
743,810,69,487
743,835,69,472
718,799,69,494
732,804,69,490
723,804,1,490
725,806,69,489
718,822,69,479
720,806,69,489
738,838,69,469
725,851,69,462
725,817,69,482
730,855,69,460
721,815,69,484
725,842,69,467
739,840,69,468
732,855,69,460
727,828,69,476
730,853,69,461
730,851,69,462
729,849,69,463
732,826,69,477
734,826,69,477
732,840,69,468
734,855,69,460
739,856,69,459
736,822,69,479
729,867,69,452
729,842,69,467
727,835,69,471
734,860,69,456
752,858,69,457
747,847,69,464
743,858,69,457
736,867,69,452
734,838,69,469
732,860,69,456
729,851,69,462
727,860,69,456
721,858,69,458
730,847,69,464
734,833,69,473
730,864,69,454
775,792,69,498
779,801,69,492
781,799,69,494
781,793,69,497
721,808,69,488
720,797,69,495
736,835,69,472
734,837,69,470
732,833,69,473
730,813,69,485
729,828,69,476
729,840,69,468
730,842,69,467
729,813,69,485
727,846,69,465
727,819,69,481
732,847,69,464
734,829,69,475
736,858,69,458
736,846,69,465
739,842,69,467
739,835,69,472
743,860,69,456
743,865,69,453
743,855,69,460
745,862,69,455
747,867,69,452
748,873,69,449
750,853,69,461
748,842,69,467
748,847,69,464
752,874,69,448
748,878,69,446
748,856,69,459
752,869,69,451
748,883,69,442
747,865,69,453
743,842,69,467
730,880,69,445
732,846,69,465
730,867,69,452
729,842,69,467
779,822,69,479
779,862,69,455
781,822,69,479
781,831,69,474
736,835,69,472
743,810,69,487
743,815,69,484
736,815,69,484
734,810,69,487
738,806,69,489
730,835,69,472
730,802,69,491
745,820,69,480
725,828,69,476
727,802,69,491
739,833,69,473
725,840,69,468
725,855,69,460
734,847,69,464
736,862,69,455
730,862,69,455
730,847,69,464
734,862,69,455
734,858,69,458
732,829,69,475
734,867,69,452
732,856,69,459
734,871,69,450
734,858,69,458
736,840,69,468
741,842,69,467
741,871,69,450
743,840,69,468
743,844,69,466
745,847,69,464
745,876,69,447
747,847,69,464
745,874,69,448
743,862,69,455
743,883,69,443
743,858,69,457
745,856,69,459
745,876,69,447
745,860,69,456
739,876,69,447
741,883,69,442
739,887,69,440
739,853,69,461
730,873,69,449
730,858,69,457
727,853,69,461
727,887,69,440
725,880,69,445
725,878,69,446
727,853,69,461
736,853,69,461
736,858,69,458
779,838,69,469
779,829,69,475
781,858,69,457
779,856,69,459
743,838,69,469
748,840,69,468
736,856,69,459
730,808,69,488
741,808,69,488
725,806,69,489
734,847,69,464
734,824,69,478
727,817,69,483
743,837,69,470
730,826,69,477
729,853,69,461
730,867,69,452
732,869,69,451
730,833,69,473
732,842,69,467
729,858,69,458
730,840,69,468
732,844,69,466
732,878,69,446
734,876,69,447
738,838,69,469
739,853,69,461
738,869,69,451
739,871,69,450
739,849,69,463
739,874,69,448
741,883,69,443
743,853,69,461
743,880,69,445
743,864,69,454
745,858,69,457
745,883,69,443
741,885,69,441
739,874,69,448
739,869,69,451
739,862,69,455
738,858,69,457
739,873,69,449
738,892,69,437
736,894,69,436
739,891,69,438
739,858,69,458
739,874,69,448
736,869,69,451
734,882,69,444
730,891,69,438
727,853,69,461
729,885,69,441
727,856,69,459
729,858,69,458
736,878,69,446
774,847,69,464
775,810,69,487
734,844,69,466
741,865,69,453
738,860,69,456
748,838,69,469
729,831,69,474
730,858,69,458
738,831,69,474
727,838,69,469
727,860,69,456
736,831,69,474
732,867,69,452
734,855,69,460
734,858,69,458
736,831,69,474
734,871,69,450
734,867,69,452
736,871,69,450
736,851,69,462
739,869,69,451
736,838,69,469
727,844,69,466
730,844,69,466
727,864,69,454
727,871,69,450
734,835,69,472
734,864,69,454
734,846,69,465
732,853,69,461
730,858,69,458
730,871,69,450
734,862,69,455
734,871,69,450
730,871,69,450
730,838,69,469
727,878,69,446
730,846,69,465
736,842,69,467
739,847,69,464
739,873,69,449
739,874,69,448
739,865,69,453
738,846,69,465
738,844,69,466
745,878,69,446
734,873,69,449
734,855,69,460
736,858,69,458
727,873,69,449
729,853,69,461
770,826,69,477
772,824,69,478
730,856,69,459
736,835,69,472
721,829,69,475
725,831,69,474
727,853,69,461
725,837,69,470
721,860,69,456
736,865,69,453
725,838,69,469
725,831,69,474
738,860,69,456
721,867,69,452
723,844,69,466
729,853,69,461
729,865,69,453
730,846,69,465
730,874,69,448
732,838,69,469
729,838,69,469
729,858,69,458
727,873,69,449
730,869,69,451
734,862,69,455
734,864,69,454
734,876,69,447
732,856,69,459
736,869,69,451
736,865,69,453
732,847,69,464
730,844,69,466
730,849,69,463
739,856,69,459
738,878,69,446
736,846,69,465
734,844,69,466
734,858,69,458
734,858,69,457
734,883,69,442
730,883,69,442
730,858,69,458
730,871,69,450
729,853,69,461
723,858,69,458
718,865,69,453
777,833,69,473
777,855,69,460
779,858,69,457
781,847,69,464
781,864,69,454
734,831,69,474
736,851,69,462
743,835,69,472
738,851,69,462
734,824,69,478
743,835,69,472
739,813,69,485
738,824,69,478
736,813,69,485
734,819,69,481
721,837,69,470
725,838,69,469
739,817,69,482
729,820,69,480
732,820,69,480
736,851,69,462
730,851,69,462
727,855,69,460
727,831,69,474
727,840,69,468
727,858,69,457
727,826,69,477
727,824,69,478
729,864,69,454
729,858,69,458
732,858,69,457
734,846,69,465
736,876,69,447
736,860,69,456
736,846,69,465
739,847,69,464
739,856,69,459
743,880,69,445
739,878,69,446
739,851,69,462
739,853,69,461
736,865,69,453
736,878,69,446
736,858,69,457
734,851,69,462
734,864,69,454
734,855,69,460
732,883,69,442
732,882,69,444
730,880,69,445
727,887,69,440
777,849,69,463
777,840,69,468
779,835,69,472
739,813,69,485
725,824,69,478
730,846,69,465
743,817,69,482
729,851,69,462
725,817,69,483
720,833,69,473
721,822,69,479
730,835,69,472
727,835,69,472
727,842,69,467
727,865,69,453
729,837,69,470
729,865,69,453
729,837,69,470
730,838,69,469
730,874,69,448
734,846,69,465
736,860,69,456
739,871,69,450
739,846,69,465
743,860,69,456
745,878,69,446
745,883,69,443
743,882,69,444
741,851,69,462
743,887,69,440
743,882,69,444
743,871,69,450
741,864,69,454
743,865,69,453
743,858,69,457
743,882,69,444
743,892,69,437
745,898,69,434
745,882,69,444
743,873,69,449
739,865,69,453
739,869,69,451
750,892,69,437
763,878,69,446
757,889,69,439
756,896,69,435
754,878,69,446
739,896,69,435
777,835,69,472
779,851,69,462
779,824,69,478
718,835,1,472
732,822,69,479
727,815,69,484
721,835,69,471
734,853,69,461
730,824,69,478
721,820,69,480
727,819,69,481
732,855,69,460
730,831,69,474
730,844,69,466
725,858,69,458
725,869,69,451
730,849,69,463
734,860,69,456
738,851,69,462
739,849,69,463
743,876,69,447
734,844,69,466
734,855,69,460
736,860,69,456
736,846,69,465
734,876,69,447
734,856,69,459
736,851,69,462
748,849,69,463
754,871,69,450
748,878,69,446
748,873,69,449
745,883,69,443
739,851,69,462
736,862,69,455
736,869,69,451
727,883,69,442
727,851,69,462
725,856,69,459
725,867,69,452
725,846,69,465
770,829,69,475
770,824,69,478
716,840,1,468
732,824,69,478
721,831,69,474
723,835,69,471
727,856,69,459
721,855,69,460
723,833,69,473
723,831,69,474
725,874,69,448
723,844,69,466
725,858,69,457
727,855,69,460
729,862,69,455
730,874,69,448
730,837,69,470
734,842,69,467
734,856,69,459
734,853,69,461
734,847,69,464
734,883,69,443
734,856,69,459
736,849,69,463
738,883,69,442
739,851,69,462
739,851,69,462
738,885,69,441
739,889,69,439
736,858,69,458
734,865,69,453
736,874,69,448
736,873,69,449
784,858,69,457
784,873,69,449
788,840,69,468
784,849,69,463
736,871,69,450
729,873,69,449
730,840,69,468
730,842,69,467
725,838,69,469
736,853,69,461
727,840,69,468
736,838,69,469
736,849,69,463
729,862,69,455
729,871,69,450
729,876,69,447
729,842,69,467
732,849,69,463
727,858,69,457
725,846,69,465
723,853,69,461
723,858,69,457
727,842,69,467
727,846,69,465
725,878,69,446
727,862,69,455
730,882,69,444
734,855,69,460
736,849,69,463
736,855,69,460
736,885,69,441
738,885,69,441
736,878,69,446
738,864,69,454
739,876,69,447
739,883,69,442
741,883,69,443
739,876,69,447
739,883,69,443
739,891,69,438
739,873,69,449
743,873,69,449
754,864,69,454
759,891,69,438
761,880,69,445
761,880,69,445
757,896,69,435
759,860,69,456
759,862,69,455
757,869,69,451
757,873,69,449
752,894,69,436
752,889,69,439
775,858,69,458
775,824,69,478
775,817,69,483
734,869,69,451
716,858,1,458
736,876,69,447
727,865,69,453
723,858,69,458
739,867,69,452
730,876,69,447
730,846,69,465
727,874,69,448
730,853,69,461
730,855,69,460
734,847,69,464
736,865,69,453
734,849,69,463
734,878,69,446
738,885,69,441
739,858,69,457
741,858,69,458
743,858,69,458
745,889,69,439
745,878,69,446
745,891,69,438
745,883,69,443
747,887,69,440
752,858,69,457
752,862,69,455
752,894,69,436
750,860,69,456
754,876,69,447
752,871,69,450
754,885,69,441
752,876,69,447
750,900,69,433
748,862,69,455
745,900,69,433
743,873,69,449
741,883,69,443
738,864,69,454
736,885,69,441
730,862,69,455
730,874,69,448
779,824,69,478
781,822,69,479
781,828,69,476
781,822,69,479
738,858,69,458
748,828,69,476
739,858,69,457
739,856,69,459
739,828,69,476
734,828,69,476
736,847,69,464
741,851,69,462
736,835,69,472
743,864,69,454
730,844,69,466
727,840,69,468
739,835,69,471
727,851,69,462
729,844,69,466
732,871,69,450
721,871,69,450
725,840,69,468
725,838,69,469
721,842,69,467
720,838,69,469
745,853,69,461
734,835,69,472
725,867,69,452
721,844,69,466
723,862,69,455
723,858,69,457
730,844,69,466
729,853,69,461
730,860,69,456
730,858,69,457
727,880,69,445
730,847,69,464
734,874,69,448
732,855,69,460
732,883,69,442
729,880,69,445
730,871,69,450
725,883,69,443
727,883,69,443
725,855,69,460
730,853,69,461
734,858,69,457
732,869,69,451
730,874,69,448
734,876,69,447
743,851,69,462
736,880,69,445
727,880,69,445
732,882,69,444
723,878,69,446
772,838,69,469
775,813,69,485
775,817,69,483
779,842,69,467
781,835,69,472
734,835,69,471
736,813,69,485
739,846,69,465
725,829,69,475
736,835,69,472
739,822,69,479
730,835,69,472
741,826,69,477
732,849,69,463
720,822,69,479
739,844,69,466
730,811,69,486
727,835,69,472
743,846,69,465
736,855,69,460
729,844,69,466
739,822,69,479
730,838,69,469
725,833,69,473
743,862,69,455
725,862,69,455
729,835,69,472
729,858,69,457
727,860,69,456
743,838,69,469
730,847,69,464
727,858,69,458
727,851,69,462
730,835,69,471
725,874,69,448
730,847,69,464
730,864,69,454
730,860,69,456
748,865,69,453
734,840,69,468
734,871,69,450
734,853,69,461
727,842,69,467
725,878,69,446
727,873,69,449
723,878,69,446
721,842,69,467
730,880,69,445
725,847,69,464
779,826,69,477
781,831,69,474
781,831,69,474
716,831,1,474
730,833,69,473
730,810,69,487
725,804,69,490
736,828,69,476
730,813,69,485
727,828,69,476
727,828,69,476
745,858,69,458
730,853,69,461
727,838,69,469
727,860,69,456
727,871,69,450
727,858,69,458
727,878,69,446
734,864,69,454
734,874,69,448
736,847,69,464
738,874,69,448
736,853,69,461
738,878,69,446
739,874,69,448
738,855,69,460
736,878,69,446
738,889,69,439
736,862,69,455
736,885,69,441
738,862,69,455
738,867,69,452
739,867,69,452
743,865,69,453
745,882,69,444
743,891,69,438
741,880,69,445
741,864,69,454
738,871,69,450
734,855,69,460
732,883,69,443
730,844,69,466
730,871,69,450
725,878,69,446
721,851,69,462
775,847,69,464
775,862,69,455
777,858,69,457
777,858,69,458
777,882,69,444
736,817,69,483
721,820,69,480
739,810,69,487
730,846,69,465
721,833,69,473
721,847,69,464
727,837,69,470
723,810,69,487
729,820,69,480
727,837,69,470
725,824,69,478
725,817,69,482
723,851,69,462
727,849,69,463
729,864,69,454
729,873,69,449
730,858,69,458
734,880,69,445
734,862,69,455
734,880,69,445
734,878,69,446
734,882,69,444
738,882,69,444
738,885,69,441
739,853,69,461
739,883,69,442
739,858,69,458
736,853,69,461
736,858,69,458
734,882,69,444
732,880,69,445
772,835,69,472
772,855,69,460
774,819,69,481
730,590,1,625
738,775,69,508
732,811,69,486
730,795,69,496
727,810,69,487
727,842,69,467
725,822,69,479
736,406,69,736
734,536,69,659
739,522,69,668
739,540,69,657
743,545,69,653
739,705,0,552
738,705,0,552
738,703,0,553
743,513,69,673
745,815,1,484
718,741,1,530
718,763,1,516
716,716,1,545
730,617,69,608
730,624,69,603
730,545,69,653
745,702,1,554
743,736,1,533
741,745,1,527
741,745,1,527
748,747,1,526
743,743,1,528
741,437,69,719
734,478,69,694
736,385,69,748
745,556,69,647
734,401,69,739
734,439,69,718
736,462,69,704
739,509,69,675
727,793,1,497
730,788,1,500
732,790,1,499
730,784,1,502
748,739,1,531
743,496,69,683
739,716,1,545
738,527,69,664
739,390,69,745
736,684,69,566
739,405,69,737
736,419,69,729
738,430,69,723
736,824,69,478
729,801,69,493
725,792,69,498
725,801,69,492
736,810,69,487
721,826,69,477
725,819,69,481
732,793,69,497
721,784,69,502
739,766,1,514
739,729,1,537
738,759,1,518
738,432,69,722
732,727,0,539
734,738,1,532
730,556,69,647
739,558,69,646
736,570,69,638
736,565,69,641
738,518,69,670
736,550,69,650
738,435,69,720
736,419,69,729
741,604,69,616
757,599,69,620
721,592,1,624
721,734,1,534
709,748,1,525
712,763,1,516
705,763,1,516
721,770,1,511
711,775,1,508
709,775,1,508
739,756,1,520
736,747,1,526
734,750,1,524
732,766,0,514
734,766,0,514
732,792,1,498
730,793,1,497
741,554,69,648
741,549,69,651
741,626,69,602
743,642,69,592
743,626,69,602
745,590,69,625
743,500,69,681
741,536,69,659
743,552,69,649
745,626,69,602
725,572,69,636
723,774,1,509
723,783,1,504
730,761,0,517
730,757,1,519
730,763,0,516
730,761,0,517
730,766,0,514
730,468,69,700
732,487,69,689
734,496,69,683
736,516,69,671
738,727,1,538
736,729,1,537
734,727,1,539
736,727,1,538
734,727,1,538
734,743,1,528
734,747,0,526
736,439,69,718
739,559,69,644
725,633,69,598
709,716,1,545
714,745,1,527
711,756,1,520
736,748,1,525
734,685,69,565
736,549,69,651
739,507,69,677
739,581,69,631
739,617,69,608
739,595,69,622
741,541,69,656
743,637,69,595
741,585,69,629
743,619,69,607
745,626,69,602
739,617,69,608
720,612,69,612
714,703,1,553
712,734,1,534
709,759,1,518
718,748,1,525
712,747,1,526
721,748,1,525
709,750,1,524
709,761,1,517
723,754,1,521
712,763,1,516
716,761,1,517
718,759,1,518
725,759,1,518
729,784,1,502
703,712,1,548
723,747,1,526
734,520,69,669
750,522,69,668
750,423,69,727
747,586,69,627
748,545,69,653
745,491,69,686
741,718,1,544
739,738,1,532
734,741,1,530
732,730,1,536
734,723,1,541
734,729,1,537
732,718,1,544
761,473,69,697
757,556,69,647
757,567,69,640
757,468,69,700
759,388,69,746
757,496,69,683
759,484,69,691
757,527,69,665
757,588,69,626
756,541,69,655
754,514,69,672
752,390,69,745
748,622,1,605
743,662,1,580
739,682,1,567
738,730,1,536
736,725,1,540
738,721,1,542
734,739,1,531
734,739,1,531
761,603,69,617
766,651,69,586
763,570,69,638
765,612,69,612
768,612,69,612
763,619,69,607
757,716,1,545
754,738,1,532
750,747,1,526
747,757,1,519
739,545,69,653
752,660,69,581
766,525,69,666
763,712,1,548
759,736,1,533
756,738,1,532
754,734,1,534
759,572,69,636
761,601,69,618
759,759,1,518
754,768,1,513
754,757,1,519
752,763,1,516
748,759,1,518
748,759,1,518
748,770,1,511
761,619,69,607
757,700,1,556
756,714,1,546
754,748,1,525
750,743,1,528
748,738,1,532
757,770,1,511
756,768,1,513
754,774,1,509
752,554,69,648
752,599,69,619
750,757,1,519
748,759,1,518
747,756,1,520
745,759,1,518
745,759,1,518
729,720,1,543
732,743,69,528
734,743,69,528
738,707,69,551
739,745,69,527
741,702,69,554
739,705,69,552
743,705,69,552
745,703,69,553
739,709,69,550
741,741,69,530
741,745,69,527
741,747,69,526
743,747,69,526
745,718,69,544
747,721,69,542
745,747,69,526
743,741,69,530
747,759,69,518
745,765,69,515
745,741,69,529
745,768,69,512
747,761,69,517
748,734,69,534
747,736,69,533
711,718,5,544
709,700,5,556
712,705,5,552
709,702,5,554
711,702,5,555
707,687,5,563
705,675,5,572
705,662,5,580
703,673,5,573
702,658,5,582
703,666,5,577
703,666,5,577
705,667,5,576
703,657,5,583
698,649,5,588
696,642,5,592
712,648,5,589
727,626,5,602
730,624,5,603
730,621,5,606
739,739,1,531
739,756,1,520
716,768,5,513
714,768,5,513
716,752,5,523
730,766,5,514
734,754,5,521
718,748,5,525
714,743,5,528
716,754,5,522
729,745,5,527
723,741,5,530
725,720,5,543
721,716,5,545
720,712,5,548
720,716,5,545
718,703,5,553
723,716,5,545
721,700,5,556
721,702,5,555
721,711,5,549
721,705,5,552
721,702,5,554
718,685,5,565
743,754,1,522
743,745,1,527
714,698,5,557
718,705,5,552
718,696,5,558
718,662,5,580
714,651,5,586
711,644,5,591
712,651,5,586
709,642,5,592
709,648,5,589
709,648,5,589
718,646,5,590
727,628,5,601
732,621,5,606
736,624,5,603
727,612,5,611
709,621,5,606
700,622,5,605
712,612,5,612
720,601,5,618
727,610,5,613
729,597,5,621
730,610,5,613
727,603,5,617
734,604,5,616
727,599,5,620
721,599,5,619
727,583,5,630
734,768,1,512
739,759,1,518
743,759,1,518
743,759,1,518
745,757,1,519
743,759,1,518
743,770,1,511
743,763,1,516
718,736,5,533
712,741,5,529
718,756,5,520
723,756,5,520
718,754,5,521
712,761,5,517
712,747,5,526
712,754,5,521
709,752,5,523
709,736,5,533
712,741,5,530
720,741,5,529
718,736,5,533
721,736,5,533
718,741,5,530
716,736,5,533
716,720,5,543
721,721,5,542
721,736,5,533
721,723,5,541
718,729,5,537
718,723,5,541
718,730,5,536
720,729,5,537
721,716,5,545
723,720,5,543
727,718,5,544
725,725,5,540
723,727,5,539
721,730,5,536
716,712,5,548
714,702,5,554
727,675,5,571
721,676,5,570
721,675,5,572
721,680,1,568
729,725,1,540
736,741,1,529
729,766,5,514
721,775,5,508
727,763,5,516
727,774,5,509
727,768,5,512
727,768,5,513
725,768,5,513
720,750,5,524
718,761,5,517
718,748,5,525
725,748,5,525
723,754,5,522
725,741,5,530
723,741,5,529
718,741,5,529
716,754,5,521
725,739,5,531
727,741,5,529
709,739,5,531
712,727,5,538
734,727,5,538
718,736,5,533
718,745,5,527
745,765,1,515
747,768,1,512
747,774,1,509
745,774,1,509
709,702,5,554
707,689,5,562
709,703,5,553
707,693,5,560
709,691,5,561
709,702,5,555
712,689,5,562
711,685,5,565
702,675,5,571
698,675,5,572
712,675,5,571
718,675,5,571
716,680,5,568
716,684,5,566
709,671,5,574
709,667,5,576
707,667,5,576
707,662,5,579
705,662,5,579
700,673,5,573
712,653,5,585
727,658,5,582
734,662,5,580
743,498,69,682
736,549,69,651
725,585,5,628
721,653,5,585
718,644,5,591
716,646,5,590
712,648,5,589
716,649,5,588
732,649,5,588
741,658,5,582
741,660,5,581
725,653,5,585
718,646,5,590
716,648,5,589
716,648,5,589
739,712,1,548
741,714,1,547
743,725,1,540
741,723,1,541
741,716,1,545
739,716,1,545
739,718,1,544
739,727,1,539
720,727,5,539
718,741,5,530
718,732,5,535
718,743,5,528
718,729,5,537
720,748,5,525
725,729,5,537
725,729,5,537
725,730,5,536
725,736,5,533
725,734,5,534
725,732,5,535
723,723,5,541
721,714,5,546
721,714,5,547
723,711,5,549
725,700,5,556
716,698,5,557
709,709,5,550
711,707,5,551
720,703,5,553
716,687,5,564
716,694,5,559
714,684,5,566
716,675,5,572
714,676,5,570
716,675,5,571
718,666,5,577
718,662,5,579
716,675,5,572
718,662,5,579
718,675,5,571
716,657,5,583
718,667,5,576
712,664,5,578
730,754,1,521
738,768,1,513
739,779,1,506
739,768,1,512
739,774,1,509
739,770,1,511
739,752,1,523
738,745,1,527
716,563,5,642
716,554,5,648
718,567,5,640
718,556,5,647
721,554,5,648
721,549,5,651
718,552,5,649
721,558,5,645
721,550,5,650
736,603,5,617
734,599,5,620
730,599,5,620
729,595,5,622
730,604,5,616
736,594,5,623
736,588,5,626
736,574,5,635
739,462,69,704
738,538,69,658
739,585,69,628
732,585,69,628
725,586,5,627
723,592,5,624
723,586,5,627
725,577,5,633
736,684,5,566
739,721,69,542
741,696,69,558
743,727,69,539
743,700,69,556
739,703,69,553
739,696,69,558
736,712,5,548
738,687,69,564
738,703,0,553
739,687,69,564
739,703,69,553
741,709,69,550
743,675,69,571
745,685,69,565
748,694,69,559
747,720,69,543
748,689,69,562
748,720,69,543
750,720,69,543
748,729,69,537
750,689,69,562
738,585,5,629
739,702,69,554
741,689,69,562
739,702,69,554
743,568,69,639
745,534,69,660
741,552,69,649
743,495,69,684
743,487,69,689
743,388,69,746
736,399,69,740
725,410,5,734
730,610,5,613
723,619,5,607
734,559,69,644
748,572,69,636
736,500,69,681
734,576,69,634
739,689,0,562
739,694,0,559
739,678,0,569
738,716,0,545
739,599,69,619
739,565,69,641
743,590,69,625
745,594,69,623
745,637,69,596
739,720,1,543
738,734,1,534
738,682,0,567
739,392,69,744
745,792,69,498
736,635,5,597
736,630,5,600
736,639,5,594
736,639,5,594
738,628,5,601
738,649,0,588
738,644,5,591
739,633,5,598
734,630,5,600
734,637,5,595
714,648,5,589
727,653,5,585
716,642,5,592
707,651,5,586
711,660,5,581
709,676,5,570
707,673,5,573
734,729,1,537
736,718,1,544
734,468,69,701
730,496,69,683
730,547,69,652
718,631,5,599
721,664,5,578
718,675,5,572
714,662,5,580
711,669,5,575
718,680,5,568
729,675,5,572
739,662,0,580
739,637,69,596
741,502,69,680
745,558,69,645
745,595,69,622
743,538,69,658
725,624,5,603
718,673,5,573
716,662,5,579
707,662,5,580
709,664,5,578
712,680,5,568
711,687,5,563
707,702,5,554
709,768,5,513
707,774,5,509
709,777,5,507
709,777,5,507
727,783,5,504
748,482,69,692
730,442,69,715
698,770,5,511
700,770,5,511
711,768,5,513
707,761,5,517
694,757,5,519
709,765,5,515
720,748,5,525
696,754,5,522
709,738,5,532
709,741,5,529
698,741,5,529
705,721,5,542
738,795,1,496
743,801,1,493
748,792,1,498
748,801,1,492
748,799,1,494
748,797,1,495
747,801,1,493
718,768,5,512
720,779,5,506
721,779,5,506
721,766,5,514
721,788,5,500
700,784,5,503
716,774,5,509
707,781,5,505
712,775,5,508
718,784,5,503
725,770,5,511
729,784,5,503
712,797,5,495
703,802,5,491
707,801,5,492
707,784,5,503
703,784,5,503
711,786,5,501
721,784,5,502
703,783,5,504
703,774,5,509
711,781,5,505
725,772,5,510
709,768,5,513
702,756,5,520
707,754,5,521
721,766,5,514
707,754,5,521
694,750,5,524
748,802,1,491
748,801,1,492
748,804,1,490
736,752,5,523
739,732,69,535
743,732,69,535
714,783,5,504
734,784,5,503
732,777,5,507
721,801,5,492
721,790,5,499
721,792,5,498
721,802,5,491
721,801,5,492
723,806,5,489
703,793,5,497
698,801,5,493
703,786,5,501
707,783,5,504
716,793,5,497
714,801,5,493
725,801,5,492
736,801,1,492
743,799,1,494
743,802,1,491
743,795,1,496
711,754,5,521
729,748,5,525
727,754,5,521
727,747,5,526
727,741,5,530
721,754,5,522
718,741,5,530
723,741,5,530
721,743,5,528
727,766,5,514
718,774,5,509
712,779,5,506
712,775,5,508
712,784,5,502
714,784,5,503
711,779,5,506
709,783,5,504
707,786,5,501
703,793,5,497
716,795,5,496
716,783,5,504
707,786,5,501
711,788,5,500
716,784,5,502
716,801,5,493
716,775,5,508
712,765,5,515
709,790,5,499
712,790,5,499
730,781,1,505
739,792,1,498
739,792,1,498
741,786,1,501
741,788,1,500
741,792,1,498
741,793,1,497
739,793,1,497
725,745,5,527
723,730,5,536
718,736,5,533
709,721,5,542
725,714,5,547
725,712,5,548
725,718,5,544
716,711,5,549
711,694,5,559
709,703,5,553
705,691,5,561
703,694,5,559
730,774,1,509
743,784,1,503
745,795,1,496
745,786,1,501
745,795,1,496
743,799,1,494
743,788,1,500
741,718,69,544
712,779,5,506
712,784,5,503
730,817,5,482
729,822,5,479
729,822,5,479
732,817,5,482
730,824,5,478
732,813,5,485
734,817,5,482
732,824,5,478
732,828,5,476
734,815,5,484
734,817,5,483
732,815,5,484
734,820,5,480
739,837,69,470
741,835,69,471
741,817,69,482
743,829,69,475
739,822,69,479
734,820,5,480
739,837,69,470
741,835,69,471
741,817,69,482
743,829,69,475
739,822,69,479
741,804,69,490
745,838,69,469
756,819,1,481
729,646,69,590
729,637,69,595
727,615,5,609
721,725,5,540
766,597,69,621
768,619,69,607
770,541,69,655
770,572,69,637
748,586,69,627
739,630,69,600
736,595,69,622
736,590,69,625
736,599,69,620
736,613,69,610
745,637,69,596
743,622,69,605
745,676,69,570
748,655,69,584
761,576,69,634
748,612,69,611
772,590,69,625
736,520,69,669
739,594,69,623
738,621,69,606
739,655,69,584
739,648,69,589
739,577,69,633
739,599,69,620
738,660,69,581
739,675,69,572
743,662,69,580
743,648,69,589
741,660,69,581
743,671,69,574
743,671,69,574
743,662,69,579
743,642,69,592
757,565,69,641
761,561,69,643
761,585,69,628
761,612,69,612
761,590,69,625
765,612,69,612
727,606,69,615
721,691,5,561
723,709,5,550
723,743,5,528
727,747,5,526
730,741,5,529
727,741,5,530
743,574,69,635
745,586,69,627
720,727,5,538
721,734,5,534
757,770,1,511
759,792,1,498
761,788,1,500
759,770,1,511
727,736,5,533
730,768,5,512
741,622,69,605
730,621,69,606
730,619,69,607
730,599,69,620
729,563,69,642
727,552,69,649
729,635,69,597
734,628,69,601
743,626,69,602
743,518,69,670
747,633,69,598
750,660,69,581
752,660,69,581
745,631,69,599
739,648,69,589
739,675,69,571
739,626,69,602
739,667,69,576
739,667,69,576
739,655,69,584
736,590,69,625
739,637,69,596
738,651,69,586
752,667,69,576
747,676,69,570
745,639,69,594
747,671,69,574
752,630,69,600
759,772,1,510
757,756,69,520
761,792,69,498
763,795,69,496
763,792,69,498
775,775,69,508
775,801,69,492
754,801,69,493
745,772,69,510
739,766,69,514
772,763,69,516
774,768,69,512
775,775,69,508
775,801,69,492
754,801,69,493
745,772,69,510
739,766,69,514
739,784,69,502
738,801,69,493
736,784,69,503
736,784,69,502
736,831,69,474
736,824,69,478
738,799,69,494
739,815,69,484
741,831,69,474
743,829,69,475
745,838,69,469
745,829,69,475
745,838,69,469
745,835,69,472
745,835,69,472
747,801,69,492
747,815,69,484
747,815,69,484
750,811,69,486
750,824,69,478
752,828,69,476
750,847,69,464
748,837,69,470
747,819,69,481
750,811,69,486
748,855,69,460
752,846,69,465
754,817,69,482
756,833,69,473
757,820,69,480
761,851,69,462
757,829,69,475
757,826,69,477
756,849,69,463
752,822,69,479
750,819,69,481
752,858,69,458
752,810,69,487
752,835,69,471
752,828,69,476
748,826,69,477
747,851,69,462
748,835,69,472
747,801,69,493
741,835,69,472
770,804,1,490
765,810,69,487
765,793,69,497
775,826,69,477
775,813,69,485
775,783,69,504
775,784,69,502
750,793,69,497
739,777,69,507
741,811,69,486
739,806,69,489
743,811,69,486
743,786,69,501
745,811,69,486
748,781,69,505
747,811,69,486
743,786,69,501
741,811,69,486
739,801,69,493
743,810,69,487
745,783,69,504
739,804,69,490
738,797,69,495
738,801,69,492
738,786,69,501
736,810,69,487
736,806,69,489
736,822,69,479
739,820,69,480
739,801,69,493
743,817,69,482
743,804,69,490
745,813,69,485
745,815,69,484
745,817,69,483
747,819,69,481
750,777,69,507
752,802,69,491
754,784,69,502
761,779,69,506
759,817,69,483
761,801,69,493
761,811,69,486
757,817,69,482
757,822,69,479
757,811,69,486
761,799,69,494
757,829,69,475
756,806,69,489
754,853,69,461
754,829,69,475
752,837,69,470
752,849,69,463
750,819,69,481
748,833,69,473
748,819,69,481
752,817,69,482
754,847,69,464
754,817,69,483
752,835,69,471
734,640,69,593
734,649,69,588
754,523,69,667
754,529,69,663
752,480,69,693
752,610,69,613
766,784,1,502
768,784,1,503
743,639,69,594
756,628,69,601
761,518,69,670
761,619,69,607
720,653,5,585
723,687,5,563
721,705,5,552
721,712,5,548
729,714,5,547
730,712,5,548
729,727,5,539
725,727,5,538
727,714,5,547
725,729,5,537
727,732,5,535
729,734,5,534
725,739,5,531
727,734,5,534
730,739,5,531
730,730,5,536
730,741,5,529
734,739,5,531
732,750,5,524
736,739,5,531
734,734,5,534
734,741,5,530
729,738,5,532
729,736,5,533
729,729,5,537
734,730,5,536
729,714,5,547
725,712,5,548
721,707,5,551
727,705,5,552
725,702,5,554
725,711,5,549
727,712,5,548
734,723,5,541
730,723,5,541
730,711,5,549
730,718,5,544
729,721,5,542
721,721,5,542
723,709,5,550
723,709,5,550
725,725,5,540
727,725,5,540
730,712,5,548
729,721,5,542
752,788,1,500
754,797,1,495
754,788,1,500
754,792,1,498
716,738,5,532
716,729,5,537
718,739,5,531
739,649,69,588
723,729,5,537
725,725,5,540
727,725,5,540
729,727,5,539
725,725,5,540
725,716,5,545
730,707,5,551
720,705,5,552
743,788,1,500
750,804,1,490
754,801,1,493
754,806,1,489
756,793,1,497
756,797,1,495
754,799,1,494
752,799,1,494
734,581,69,631
738,696,69,558
757,808,1,488
761,804,1,490
761,795,1,496
757,806,1,489
718,779,5,506
718,783,5,504
736,522,69,668
736,648,69,589
757,806,1,489
761,806,1,489
763,801,1,492
757,802,1,491
757,804,1,490
707,682,5,567
707,676,5,570
707,676,5,570
705,678,5,569
703,680,5,568
703,694,5,559
707,685,5,565
712,682,5,567
709,678,5,569
716,694,5,559
721,682,5,567
720,693,5,560
723,678,5,569
718,682,5,567
718,680,5,568
716,680,5,568
707,675,5,571
709,675,5,572
712,678,5,569
716,680,5,568
716,689,5,562
712,738,5,532
716,734,5,534
716,729,5,537
718,730,5,536
716,745,5,527
718,741,5,530
716,738,5,532
716,754,5,521
714,727,5,538
718,741,5,529
727,739,5,531
743,414,69,732
745,576,69,634
738,561,69,643
736,642,5,592
727,675,5,571
723,694,5,559
716,705,5,552
720,696,5,558
727,712,5,548
712,702,5,555
736,752,1,523
745,754,1,522
747,757,1,519
748,756,1,520
712,766,5,514
716,761,5,517
730,806,5,489
736,799,69,494
734,793,69,497
736,802,69,491
730,786,69,501
730,813,69,485
727,801,69,493
729,824,69,478
730,797,69,495
727,790,69,499
727,820,69,480
757,801,1,493
761,788,1,500
729,759,5,518
727,770,5,511
729,768,5,512
727,770,5,511
727,781,5,505
721,786,5,501
721,788,5,500
725,779,5,506
734,559,69,644
738,621,69,606
736,687,69,563
736,633,69,598
739,664,69,578
736,667,69,576
752,801,1,492
750,568,69,639
752,538,69,658
754,626,69,602
756,630,69,600
757,615,69,609
759,567,69,640
761,604,69,616
763,487,69,689
763,631,69,599
766,646,69,590
768,621,69,606
741,583,69,630
730,617,69,608
725,648,5,589
725,729,5,537
725,759,5,518
725,786,5,501
729,783,5,504
732,442,69,715
734,529,69,663
734,603,69,617
734,671,69,574
739,675,69,571
739,649,69,588
739,700,69,556
743,633,69,598
743,673,69,573
745,640,69,593
745,649,69,588
748,612,69,611
750,669,69,575
752,702,69,555
725,784,5,503
725,795,5,496
743,612,69,612
745,612,69,611
745,649,69,588
748,651,69,586
747,615,69,609
745,633,69,598
745,680,69,568
750,667,69,576
748,685,69,565
748,676,69,570
748,671,69,574
748,669,69,575
747,671,69,574
736,610,69,613
752,651,69,586
739,599,69,619
736,610,69,613
736,662,69,579
730,585,69,629
730,601,69,618
730,585,69,629
730,601,69,618
734,671,69,574
738,678,69,569
736,660,69,581
739,698,69,557
739,675,69,571
741,635,69,597
743,649,69,588
743,529,69,663
743,626,69,602
748,700,69,556
752,684,69,566
752,637,69,596
752,594,69,623
748,586,69,627
748,675,69,571
739,622,69,605
729,826,69,477
766,763,69,516
770,795,69,496
772,781,69,505
772,784,69,503
775,829,69,475
745,801,69,493
732,801,69,492
730,799,69,494
729,826,69,477
727,804,69,490
732,835,69,472
743,828,69,476
743,802,69,491
745,831,69,474
747,833,69,473
745,831,69,474
739,817,69,483
739,835,69,472
739,810,69,487
741,795,69,496
741,797,69,495
743,799,69,494
743,799,69,494
745,795,69,496
745,837,69,470
745,806,69,489
747,820,69,480
748,828,69,476
750,811,69,486
752,826,69,477
754,819,69,481
757,826,69,477
756,804,69,490
759,844,69,466
756,820,69,480
754,811,69,486
754,855,69,460
752,835,69,471
748,826,69,477
748,855,69,460
748,828,69,476
750,824,69,478
752,849,69,463
756,835,69,471
757,831,69,474
757,838,69,469
752,855,69,460
754,849,69,463
757,858,69,458
761,829,69,475
765,851,69,462
761,860,69,456
757,855,69,460
754,853,69,461
754,846,69,465
748,815,69,484
745,840,69,468
743,801,69,492
723,723,5,541
723,718,5,544
732,757,5,519
732,761,5,517
730,748,5,525
730,748,5,525
729,738,5,532
729,741,5,529
725,734,5,534
727,721,5,542
727,730,5,536
727,718,5,544
729,716,5,545
723,712,5,548
747,797,1,495
757,804,1,490
725,793,5,497
739,603,69,617
720,775,5,508
721,784,5,502
721,784,5,503
725,793,5,497
723,802,5,491
727,795,5,496
727,793,5,497
729,801,5,492
729,810,5,487
727,801,5,492
727,810,5,487
730,806,5,489
727,813,5,485
729,802,5,491
730,817,5,482
730,806,5,489
732,806,5,489
730,804,5,490
730,804,5,490
730,804,5,490
732,815,5,484
732,801,5,492
734,802,5,491
739,603,69,617
739,603,69,617
738,428,69,724
739,514,69,672
736,572,69,636
734,685,69,565
730,579,69,632
734,646,69,590
734,599,69,620
734,637,69,595
734,597,69,621
730,608,69,614
757,801,1,492
756,811,1,486
757,801,1,492
761,808,1,488
725,802,5,491
725,802,5,491
727,806,5,489
725,813,5,485
729,801,5,492
727,815,5,484
725,824,5,478
725,828,5,476
725,831,5,474
725,835,5,472
747,597,69,621
743,599,69,620
739,631,69,599
739,648,69,589
739,655,69,584
736,655,69,584
747,617,69,608
748,648,69,589
748,597,69,621
745,586,69,627
774,595,69,622
772,658,69,582
743,633,69,598
730,682,69,567
736,657,69,583
736,666,69,577
736,617,69,608
772,658,69,582
743,633,69,598
734,630,69,600
732,617,69,608
730,682,69,567
732,675,69,572
732,657,69,583
732,550,69,650
734,565,69,641
736,657,69,583
736,666,69,577
736,617,69,608
736,653,69,585
748,664,69,578
748,657,69,583
750,702,69,554
752,540,69,657
743,693,69,560
743,637,69,596
743,682,69,567
743,669,69,575
743,556,69,647
754,565,69,641
752,630,69,600
750,660,69,581
748,664,69,578
772,554,69,648
783,612,69,612
754,610,69,613
743,588,69,626
738,626,69,602
738,653,69,585
736,626,69,602
736,635,69,597
738,617,69,608
739,513,69,673
738,608,69,614
736,624,69,603
739,626,69,602
743,655,69,584
772,792,1,498
768,792,69,498
781,833,69,473
752,837,69,470
748,817,69,482
741,819,69,481
741,826,69,477
743,811,69,486
743,801,69,492
743,835,69,471
741,806,69,489
739,828,69,476
779,808,69,488
781,833,69,473
781,837,69,470
781,833,69,473
752,837,69,470
748,817,69,482
741,819,69,481
741,826,69,477
743,811,69,486
743,801,69,492
743,835,69,471
741,806,69,489
739,828,69,476
739,828,69,476
743,801,69,493
745,846,69,465
745,831,69,474
748,819,69,481
745,813,69,485
748,795,69,496
747,799,69,494
748,790,69,499
748,820,69,480
748,801,69,493
752,808,69,488
752,815,69,484
752,837,69,470
752,819,69,481
750,810,69,487
752,824,69,478
754,817,69,482
757,810,69,487
757,806,69,489
756,801,69,492
759,793,69,497
757,792,69,498
759,806,69,489
761,802,69,491
757,820,69,480
754,826,69,477
757,844,69,466
761,846,69,465
761,826,69,477
763,824,69,478
761,822,69,479
759,819,69,481
761,844,69,466
759,833,69,473
757,819,69,481
759,835,69,471
757,819,69,481
756,851,69,462
754,820,69,480
752,842,69,467
752,828,69,476
752,833,69,473
748,496,69,683
738,608,69,614
736,644,69,591
739,633,69,598
738,648,69,589
739,639,69,594
739,628,69,601
770,806,1,489
772,810,69,487
745,811,69,486
736,783,69,504
734,806,69,489
734,806,69,489
736,772,69,510
734,788,69,500
736,804,69,490
734,799,69,494
770,801,69,492
772,810,69,487
745,811,69,486
736,783,69,504
734,806,69,489
734,806,69,489
736,772,69,510
734,788,69,500
736,804,69,490
734,799,69,494
734,819,69,481
734,826,69,477
734,802,69,491
734,831,69,474
734,801,69,493
738,813,69,485
741,806,69,489
743,817,69,482
743,840,69,468
743,837,69,470
743,822,69,479
741,837,69,470
743,828,69,476
743,810,69,487
747,840,69,468
748,792,69,498
752,822,69,479
752,788,69,500
752,783,69,504
752,801,69,492
750,826,69,477
752,802,69,491
750,808,69,488
748,815,69,484
745,808,69,488
745,819,69,481
743,820,69,480
743,817,69,483
743,808,69,488
743,831,69,474
745,844,69,466
748,831,69,474
745,831,69,474
745,847,69,464
745,824,69,478
745,838,69,469
747,847,69,464
743,847,69,464
743,822,69,479
739,819,69,481
739,815,69,484
766,817,69,483
763,826,69,477
766,817,69,483
770,820,69,480
777,817,69,483
748,813,69,485
739,784,69,503
738,815,69,484
775,783,69,504
775,779,69,506
775,817,69,483
777,817,69,483
748,813,69,485
739,784,69,503
738,815,69,484
738,784,69,503
739,802,69,491
739,810,69,487
743,790,69,499
743,829,69,475
743,831,69,474
743,828,69,476
745,802,69,491
745,840,69,468
745,828,69,476
745,844,69,466
745,838,69,469
748,817,69,483
752,844,69,466
754,815,69,484
752,853,69,461
752,817,69,483
756,822,69,479
756,829,69,475
757,829,69,475
754,813,69,485
756,837,69,470
754,849,69,463
756,846,69,465
757,819,69,481
757,837,69,470
757,851,69,462
756,851,69,462
756,826,69,477
757,844,69,466
757,858,69,458
754,847,69,464
754,860,69,456
754,835,69,472
757,835,69,471
757,835,69,472
759,835,69,472
757,831,69,474
759,860,69,456
761,844,69,466
759,829,69,475
761,855,69,460
756,831,69,474
757,858,69,457
759,844,69,466
761,765,69,515
779,815,69,484
777,786,69,501
777,784,69,503
779,817,69,482
750,835,69,472
779,817,69,482
750,835,69,472
739,813,69,485
734,831,69,474
734,824,69,478
734,813,69,485
730,802,69,491
732,801,69,492
732,806,69,489
732,790,69,499
732,810,69,487
777,795,69,496
779,815,69,484
777,786,69,501
777,784,69,503
779,817,69,482
750,835,69,472
739,813,69,485
734,831,69,474
734,824,69,478
734,813,69,485
730,802,69,491
732,801,69,492
732,806,69,489
732,790,69,499
732,810,69,487
734,808,69,488
736,804,69,490
739,811,69,486
739,806,69,489
743,838,69,469
743,813,69,485
745,824,69,478
741,817,69,482
745,847,69,464
745,840,69,468
745,840,69,468
748,831,69,474
748,858,69,458
750,817,69,483
750,835,69,471
750,828,69,476
750,835,69,471
748,824,69,478
748,856,69,459
748,853,69,461
748,856,69,459
752,826,69,477
754,840,69,468
754,856,69,459
754,824,69,478
756,828,69,476
757,835,69,471
757,847,69,464
757,802,69,491
757,817,69,482
757,810,69,487
757,806,69,489
757,840,69,468
754,846,69,465
752,813,69,485
754,826,69,477
750,822,69,479
754,828,69,476
757,856,69,459
748,606,69,615
759,469,69,699
763,527,69,665
765,610,69,613
763,597,69,621
763,599,69,619
763,612,69,612
763,637,69,595
770,624,69,603
775,594,69,623
775,595,69,622
748,606,69,615
741,649,69,588
738,653,69,585
738,619,69,607
775,595,69,622
748,606,69,615
741,649,69,588
738,653,69,585
736,648,69,589
736,675,69,572
738,653,69,585
738,619,69,607
732,653,69,585
734,615,69,609
739,675,69,572
738,666,69,577
739,675,69,572
739,675,69,572
739,640,69,593
739,649,69,587
739,669,69,575
739,678,69,569
741,624,69,603
745,637,69,595
743,626,69,602
741,549,69,651
741,615,69,609
736,628,69,601
734,637,69,595
761,525,69,666
763,585,69,628
763,595,69,622
761,745,69,527
754,804,69,490
754,784,69,502
730,792,5,498
727,797,5,495
727,797,5,495
727,797,5,495
727,797,5,495
727,797,5,495
727,797,5,495
727,797,5,495
727,797,5,495
727,797,5,495
727,797,5,495
727,797,5,495
727,797,5,495
727,797,5,495
727,797,5,495
727,797,5,495
727,797,5,495
727,797,5,495
727,797,5,495
727,797,5,495
727,797,5,495
727,797,5,495
727,797,5,495
727,797,5,495
727,797,5,495
727,797,5,495
727,797,5,495
727,797,5,495
727,797,5,495
727,797,5,495
727,797,5,495
727,797,5,495
727,797,5,495
727,797,5,495
727,797,5,495
727,797,5,495
727,797,5,495
727,797,5,495
730,513,69,673
732,585,69,629
734,651,69,586
732,642,69,592
736,592,69,624
739,640,69,593
736,615,69,609
736,586,69,627
736,667,69,576
736,694,69,559
743,639,69,594
738,630,69,600
739,648,69,589
756,648,69,589
754,585,69,629
763,529,69,663
752,545,69,653
770,536,69,659
770,628,69,601
750,637,69,596
743,691,69,561
741,657,69,583
741,655,69,584
739,648,69,589
745,646,69,590
745,626,69,602
748,639,69,594
739,669,69,575
734,576,69,634
741,624,69,603
752,619,69,607
752,649,69,587
738,642,69,592
741,529,69,663
766,563,69,642
754,635,69,597
745,612,69,611
745,619,69,607
757,635,69,597
748,649,69,588
745,513,69,673
745,612,69,612
743,613,69,610
766,595,69,622
768,588,69,626
759,653,69,585
770,581,69,631
745,617,69,608
747,576,69,634
747,558,69,645
745,662,69,580
752,538,69,658
748,619,69,607
745,594,69,623
739,585,69,628
738,649,69,587
741,608,69,614
754,612,69,612
739,601,69,618
766,504,69,679
752,570,69,638
741,565,69,641
743,608,69,614
747,559,69,644
750,635,69,597
752,646,69,590
756,601,69,618
752,612,69,611
743,612,69,612
743,612,69,612
747,653,69,585
757,608,69,614
747,613,69,610
772,572,69,637
772,565,69,641
745,669,69,575
743,624,69,603
739,666,69,577
757,613,69,610
748,662,69,580
739,592,69,624
745,613,69,610
745,585,69,628
745,662,69,579
745,628,69,601
748,637,69,596
745,667,69,576
765,477,69,695
766,504,69,679
747,523,69,667
748,642,69,592
750,547,69,652
748,662,69,580
752,651,69,586
754,619,69,607
756,628,69,601
777,597,69,621
766,621,69,606
781,664,69,578
781,583,69,630
781,597,69,621
781,667,69,576
757,639,69,594
752,662,69,579
759,531,69,662
759,599,69,620
743,651,69,586
745,612,69,611
752,626,69,602
759,630,69,600
766,651,69,586
761,657,69,583
777,595,69,622
775,648,69,589
745,684,69,566
766,649,69,588
768,559,69,644
768,523,69,667
770,588,69,626
763,685,69,565
763,687,69,564
766,599,69,619
766,642,69,592
748,637,69,595
743,581,69,631
761,628,69,601
763,633,69,598
766,513,69,673
754,624,69,603
750,637,69,596
752,628,69,601
761,597,69,621
754,624,69,604
745,655,69,584
741,588,69,626
775,615,69,609
752,662,69,580
743,565,69,641
741,612,69,611
741,658,69,582
745,624,69,603
745,520,69,669
759,676,69,570
761,658,69,582
763,651,69,586
770,680,69,568
766,667,69,576
757,640,69,593
743,617,69,608
748,579,69,632
754,631,69,599
752,644,69,591
770,478,69,694
770,509,69,675
770,507,69,677
766,522,69,668
763,496,69,683
763,604,69,616
766,612,69,612
766,633,69,598
766,612,69,612
766,633,69,598
768,628,69,601
752,545,69,653
752,612,69,611
757,649,69,587
761,680,69,568
761,651,69,586
774,509,69,675
768,552,69,649
766,657,69,583
765,617,69,608
765,617,69,608
763,606,69,615
765,631,69,599
759,622,69,605
754,698,69,557
748,637,69,596
772,799,1,494
774,811,1,486
774,828,1,476
774,815,1,484
772,826,1,477
772,817,1,483
772,826,1,477
770,815,1,484
781,649,69,587
781,669,69,575
756,563,69,642
756,622,69,605
754,631,69,599
756,675,69,572
757,691,69,561
759,487,69,689
775,664,69,578
757,676,69,570
777,667,69,576
777,662,69,580
779,572,69,636
748,633,69,598
741,664,69,578
743,673,69,573
745,669,69,575
745,648,69,589
745,669,69,575
743,693,69,560
747,684,69,566
747,658,69,582
747,658,69,582
748,700,69,556
754,662,69,580
754,630,69,600
765,514,69,672
770,504,69,679
770,468,69,701
783,621,69,606
774,648,69,589
763,640,69,593
765,637,69,595
768,682,69,567
770,635,69,597
766,599,69,619
763,608,69,614
761,633,69,598
766,810,1,487
770,822,1,479
768,831,1,474
754,624,69,604
745,649,69,588
745,687,69,564
747,558,69,646
748,644,69,591
745,635,69,597
743,700,69,556
745,651,69,586
754,653,69,585
772,822,1,479
772,817,1,482
770,815,1,484
768,817,1,483
766,811,1,486
766,822,1,479
768,817,1,483
754,624,69,603
754,653,69,585
752,610,69,613
756,666,69,577
754,561,69,643
768,792,1,498
772,820,1,480
770,817,1,482
766,822,1,479
766,819,1,481
766,811,1,486
766,817,1,483
766,817,1,482
783,559,69,644
752,651,69,586
752,621,69,606
783,559,69,644
784,606,69,615
756,586,69,627
748,649,69,587
745,644,69,591
745,662,69,580
748,644,69,591
748,648,69,589
748,639,69,594
748,586,69,627
745,532,69,661
743,541,69,656
745,576,69,634
748,572,69,637
747,642,69,592
748,624,69,604
752,651,69,586
752,621,69,606
761,626,69,602
759,529,69,663
748,583,69,630
747,628,69,601
745,648,69,589
748,649,69,587
766,817,1,483
774,592,69,624
750,606,69,615
754,662,69,580
756,617,69,608
748,595,69,622
745,671,69,574
743,644,69,591
741,675,69,572
741,696,69,558
745,664,69,578
748,648,69,589
750,606,69,615
752,675,69,571
754,637,69,596
752,637,69,595
754,662,69,580
752,613,69,610
756,617,69,608
748,595,69,622
745,671,69,574
743,644,69,591
741,675,69,572
741,696,69,558
745,664,69,578
743,667,69,576
741,662,69,579
739,698,69,557
757,682,69,567
739,698,69,557
745,675,69,571
748,527,69,664
759,655,69,584
752,675,69,571
757,673,69,573
757,682,69,567
752,711,69,549
750,687,69,564
759,671,69,574
757,684,69,566
754,628,69,601
763,669,69,575
759,678,69,569
766,678,69,569
756,653,69,585
759,678,69,569
766,678,69,569
756,653,69,585
759,669,69,575
761,639,69,594
743,619,69,607
763,802,1,491
766,815,1,484
766,820,1,480
766,819,1,481
766,829,1,475
766,824,1,478
766,831,1,474
766,828,1,476
775,572,69,637
752,658,69,582
741,678,69,569
741,630,69,600
745,613,69,610
748,624,69,604
750,642,69,592
757,642,69,592
754,581,69,631
750,514,69,672
750,531,69,662
750,529,69,663
745,549,69,651
743,550,69,650
743,563,69,642
741,630,69,600
745,613,69,610
748,624,69,604
750,642,69,592
754,660,69,581
754,669,69,575
756,660,69,581
754,662,69,579
757,642,69,592
757,658,69,582
750,637,69,596
748,678,69,569
752,653,69,585
752,646,69,590
745,655,69,584
748,673,69,573
763,680,69,568
752,646,69,590
745,655,69,584
748,673,69,573
757,655,69,584
761,678,69,569
763,680,69,568
765,727,69,539
761,667,69,576
775,684,69,566
781,694,69,559
779,718,69,544
781,714,69,546
784,703,69,553
775,633,69,598
775,675,69,572
775,673,69,573
757,657,69,583
750,511,69,674
752,487,69,689
745,543,69,654
748,502,69,680
750,531,69,662
752,541,69,656
752,552,69,649
750,540,69,657
748,590,69,625
748,612,69,612
748,590,69,625
748,612,69,612
748,649,69,588
761,667,69,576
757,676,69,570
761,667,69,576
757,662,69,579
765,631,69,599
766,664,69,578
766,646,69,590
754,615,69,609
750,637,69,596
748,635,69,597
752,646,69,590
761,608,69,614
761,793,1,497
766,824,1,478
766,817,1,482
752,574,69,635
748,509,69,675
750,547,69,652
750,568,69,639
750,601,69,618
754,666,69,577
756,682,69,567
754,666,69,577
763,630,69,600
765,626,69,602
761,637,69,596
761,678,69,569
763,594,69,623
754,691,69,561
752,585,69,629
752,612,69,611
768,568,69,639
768,579,69,632
770,631,69,599
745,610,69,613
739,628,69,601
745,610,69,613
739,628,69,601
738,675,69,572
739,651,69,586
739,678,69,569
748,597,69,621
752,630,69,600
757,633,69,598
754,637,69,595
761,640,69,593
759,666,69,577
763,637,69,596
775,601,69,618
739,657,69,583
747,664,69,578
736,624,69,604
736,621,69,606
739,640,69,593
739,648,69,589
739,657,69,583
739,630,69,600
745,678,69,569
748,599,69,619
756,657,69,583
757,651,69,586
761,639,69,594
766,646,69,590
766,581,69,631
768,642,69,592
766,637,69,595
765,660,69,581
765,655,69,584
763,612,69,612
763,613,69,610
757,604,69,616
743,635,69,597
743,651,69,586
743,626,69,602
743,610,69,613
748,639,69,594
750,675,69,572
763,640,69,593
763,640,69,593
757,621,69,606
761,651,69,586
757,621,69,606
748,655,69,584
748,702,69,554
747,640,69,593
745,617,69,608
743,678,69,569
768,804,1,490
770,826,1,477
770,824,1,478
772,831,1,474
772,826,1,477
770,828,1,476
770,828,1,476
783,649,69,588
783,649,69,587
757,828,1,476
763,820,1,480
765,824,1,478
766,819,1,481
766,828,1,476
766,819,1,481
768,824,1,478
757,786,1,501
766,815,1,484
768,819,1,481
770,824,1,478
725,496,69,683
721,477,69,695
730,529,69,663
716,716,5,545
734,475,69,696
766,858,1,457
766,856,1,459
768,858,1,457
716,878,5,446
718,889,5,439
718,894,5,436
720,903,5,431
718,903,5,431
718,896,5,435
718,900,5,433
738,475,69,696
721,599,69,620
721,619,69,607
756,784,1,502
759,797,1,495
761,802,1,491
761,801,1,493
763,806,1,489
763,808,1,488
777,657,69,583
712,509,69,676
703,507,69,677
703,509,69,676
700,531,69,662
743,784,1,502
754,799,1,494
757,815,1,484
759,815,1,484
777,824,69,478
777,822,69,479
777,819,69,481
727,849,69,463
712,813,69,485
709,838,69,469
709,837,69,470
707,817,69,482
721,851,69,462
716,858,69,457
775,855,69,460
775,855,69,460
729,835,69,471
716,820,69,480
712,835,69,471
711,851,69,462
709,822,69,479
721,840,69,468
721,846,69,465
716,874,69,448
714,842,69,467
727,878,69,446
725,851,69,462
721,849,69,463
725,862,69,455
734,849,69,463
718,849,69,463
783,855,69,460
781,842,69,467
734,849,69,463
718,849,69,463
714,846,69,465
711,855,69,460
799,878,1,446
799,874,69,448
802,862,69,455
795,874,69,448
741,842,69,467
801,896,69,435
802,878,69,446
806,900,69,433
723,871,69,450
720,900,69,433
716,882,69,444
727,860,69,456
721,864,69,454
718,829,69,475
720,851,69,462
716,869,69,451
718,849,69,463
712,869,69,451
712,860,69,456
712,835,69,471
709,833,69,473
727,858,69,457
725,849,69,463
716,865,69,453
714,878,69,446
712,858,69,457
712,867,69,452
712,883,69,443
712,844,69,466
716,871,69,450
716,876,69,447
714,864,69,454
712,849,69,463
714,864,69,454
721,837,69,470
718,838,69,469
720,833,69,473
716,865,69,453
725,856,69,459
720,856,69,459
718,880,69,445
716,851,69,462
723,851,69,462
725,840,69,468
729,840,69,468
716,846,69,465
711,840,69,468
711,860,69,456
779,853,69,461
779,826,69,477
730,840,69,468
716,820,69,480
709,837,69,470
705,840,69,468
707,838,69,469
707,813,69,485
707,844,69,466
705,826,69,477
707,810,69,487
711,837,69,470
716,826,69,477
721,874,69,448
714,842,69,467
716,856,69,459
712,842,69,467
714,847,69,464
712,858,69,457
712,880,69,445
739,856,1,459
754,864,1,454
759,855,1,460
775,838,69,469
777,849,69,463
729,815,69,484
689,505,69,678
693,570,69,638
694,606,69,615
693,599,69,620
691,666,69,577
694,718,69,544
700,646,69,590
698,541,69,656
698,525,69,666
698,568,69,639
703,644,69,591
703,649,69,587
703,619,69,607
709,657,69,583
709,651,69,586
711,631,69,599
703,680,69,568
702,612,69,612
700,496,69,683
700,631,69,599
703,613,69,610
707,615,69,609
705,662,69,580
703,653,69,585
709,669,69,575
709,613,69,610
703,520,69,669
700,509,69,676
700,631,69,599
700,622,69,605
700,642,69,592
700,621,69,606
693,653,69,585
689,646,69,590
689,649,69,587
687,468,69,701
761,639,69,594
763,633,69,598
765,610,69,613
763,624,69,603
765,561,69,643
766,579,69,632
766,621,69,606
709,612,69,611
698,619,69,607
691,639,69,594
698,626,69,602
694,673,69,573
694,576,69,634
693,594,69,623
691,639,69,594
698,626,69,602
694,673,69,573
694,576,69,634
694,621,69,606
694,612,69,611
691,658,69,582
693,657,69,583
693,594,69,623
693,608,69,614
691,543,69,654
689,550,69,650
691,615,69,609
682,644,69,591
694,621,69,606
703,592,69,624
694,554,69,648
685,594,69,623
680,640,69,593
707,631,69,599
687,529,69,663
703,567,69,640
707,604,69,616
709,653,69,585
712,585,69,628
700,558,69,646
684,604,69,616
693,538,69,658
682,561,69,643
723,711,1,549
736,747,1,526
739,768,1,512
743,786,1,501
747,801,1,492
748,558,69,645
754,568,69,639
709,601,69,618
689,658,69,582
689,583,69,630
700,624,69,603
707,640,69,593
689,594,69,623
689,601,69,618
685,570,69,638
700,624,69,603
707,640,69,593
689,594,69,623
689,601,69,618
685,570,69,638
685,666,69,577
698,644,69,591
691,547,69,652
700,574,69,635
689,565,69,641
691,581,69,631
691,673,69,573
691,658,69,582
691,648,69,589
694,685,69,565
691,496,69,683
682,511,69,674
682,511,69,674
685,639,69,594
687,576,69,634
750,586,69,627
754,556,69,647
757,603,69,617
759,610,69,613
761,574,69,635
761,621,69,606
761,610,69,613
761,574,69,635
761,630,69,600
763,626,69,602
707,583,69,630
693,495,69,684
709,477,69,695
761,579,69,632
763,630,69,600
756,610,69,613
709,604,69,616
703,489,69,688
707,601,69,618
700,624,69,603
700,646,69,590
698,561,69,643
691,563,69,642
739,790,1,499
743,795,1,496
745,799,1,494
763,559,69,644
685,613,69,610
685,574,69,635
682,500,69,681
689,531,69,662
700,516,69,671
700,547,69,652
702,552,69,649
700,545,69,653
700,664,69,578
698,702,69,555
684,516,69,671
682,514,69,672
684,540,69,657
682,534,69,660
723,763,1,516
736,797,1,495
741,801,1,492
743,799,1,494
761,545,69,653
759,561,69,643
761,558,69,646
716,637,69,596
703,660,69,581
700,588,69,626
694,561,69,643
685,604,69,616
691,597,69,621
691,504,69,679
689,437,69,719
689,576,69,634
691,689,69,562
693,642,69,592
694,657,69,583
696,606,69,615
703,649,69,587
707,540,69,657
707,601,69,618
703,637,69,595
707,613,69,610
709,657,69,583
703,608,69,614
700,630,69,600
702,509,69,676
702,631,69,599
698,583,69,630
689,604,69,616
685,595,69,622
682,662,69,579
682,662,69,579
680,559,69,644
680,599,69,620
687,662,69,579
680,664,69,578
725,768,1,513
739,793,1,497
743,790,1,499
694,498,69,682
705,550,69,650
698,504,69,679
685,504,69,679
725,777,1,507
736,786,1,501
743,793,1,497
759,594,69,623
761,637,69,596
702,498,69,682
696,599,69,619
700,592,69,624
698,599,69,619
709,619,69,607
707,583,69,630
707,590,69,625
703,581,69,631
700,621,69,606
709,610,69,613
703,603,69,617
703,585,69,628
700,624,69,604
702,592,69,624
698,619,69,607
698,617,69,608
700,610,69,613
702,574,69,635
702,585,69,628
700,666,69,577
698,705,69,552
700,676,69,570
702,639,69,594
718,597,69,621
718,581,69,631
718,554,69,648
709,529,69,663
707,538,69,658
705,563,69,642
703,538,69,658
700,648,69,589
705,651,69,586
696,658,69,582
691,642,69,592
757,538,69,658
707,613,69,610
700,612,69,611
696,592,69,624
691,579,69,632
723,667,1,576
738,750,1,524
743,754,1,521
745,770,1,511
696,612,69,612
698,610,69,613
703,594,69,623
698,583,69,630
700,624,69,604
700,622,69,605
702,622,69,605
700,619,69,607
703,615,69,609
703,608,69,614
705,606,69,615
705,678,69,569
709,716,69,545
707,738,69,532
705,754,69,522
705,734,69,534
709,545,69,653
707,541,69,656
707,527,69,664
700,664,69,578
698,639,69,594
700,680,69,568
698,691,69,561
684,477,69,695
682,482,69,692
685,601,69,618
684,585,69,628
707,511,69,674
707,514,69,672
700,558,69,645
702,518,69,670
707,511,69,674
703,594,69,623
702,727,69,539
702,621,69,606
689,453,69,709
723,727,1,539
739,752,1,523
743,759,1,518
696,579,69,632
700,547,69,652
698,556,69,647
691,565,69,641
689,606,69,615
689,590,69,625
698,556,69,647
691,565,69,641
689,606,69,615
689,590,69,625
689,606,69,615
694,675,69,571
691,732,69,535
691,725,69,540
691,736,69,533
694,579,69,632
698,522,69,668
702,531,69,662
698,558,69,646
698,549,69,651
703,565,69,641
703,671,69,574
700,678,69,569
689,383,69,749
685,543,69,654
723,777,1,507
738,792,1,498
741,790,1,499
721,426,69,725
712,541,69,655
718,534,69,660
700,574,69,635
698,655,69,584
700,576,69,634
700,532,69,661
698,576,69,634
693,581,69,631
693,639,69,594
691,684,69,566
685,702,69,555
698,576,69,634
693,581,69,631
693,520,69,669
693,639,69,594
691,684,69,566
685,702,69,555
685,604,69,616
682,624,69,603
680,619,69,607
682,621,69,606
687,579,69,632
687,480,69,693
734,750,1,524
743,777,1,507
745,797,1,495
747,795,1,496
712,507,69,677
696,547,69,652
709,577,69,633
718,558,69,645
712,532,69,661
700,574,69,635
700,534,69,660
703,563,69,642
705,545,69,653
705,549,69,651
707,518,69,670
703,660,69,581
700,660,69,581
709,572,69,637
707,538,69,658
711,603,69,617
709,576,69,634
709,574,69,635
703,644,69,591
702,675,69,572
700,630,69,600
707,538,69,658
711,603,69,617
709,576,69,634
709,574,69,635
703,644,69,591
703,680,69,568
703,651,69,586
702,675,69,572
700,630,69,600
698,608,69,614
732,759,1,518
747,786,1,501
748,797,1,495
700,534,69,660
703,511,69,674
703,639,69,594
707,642,69,592
712,691,69,561
736,732,1,535
750,770,1,511
748,779,1,506
748,786,1,501
707,540,69,657
766,599,69,620
714,523,69,667
712,523,69,667
709,527,69,664
709,556,69,647
709,687,69,564
705,669,69,575
700,624,69,603
766,590,69,625
718,586,69,627
716,583,69,630
716,626,69,602
689,507,69,677
691,538,69,658
691,538,69,658
693,532,69,661
689,572,69,637
689,622,69,605
693,615,69,609
685,558,69,646
687,543,69,654
685,446,69,713
685,585,69,628
727,759,1,518
739,775,1,508
743,779,1,506
754,606,69,615
754,579,69,632
703,572,69,636
707,608,69,614
716,585,69,628
714,588,69,626
718,585,69,628
687,594,69,623
707,567,69,640
696,525,69,666
680,595,69,622
694,624,69,603
718,585,69,628
705,565,69,641
705,552,69,649
711,558,69,645
685,658,69,582
687,594,69,623
680,460,69,705
703,563,69,642
707,567,69,640
691,615,69,609
700,568,69,639
685,552,69,649
680,621,69,606
687,572,69,637
696,525,69,666
685,385,69,748
680,568,69,639
680,595,69,622
680,612,69,611
680,572,69,636
673,599,69,619
694,624,69,603
705,595,69,622
689,529,69,663
685,583,69,630
680,590,69,625
682,622,69,605
673,651,69,586
676,561,69,643
702,615,69,609
705,561,69,643
694,624,69,603
705,595,69,622
689,529,69,663
685,583,69,630
680,590,69,625
682,622,69,605
680,543,69,654
675,581,69,631
673,649,69,588
673,651,69,586
694,484,69,691
676,561,69,643
680,534,69,660
702,615,69,609
687,563,69,642
700,649,69,587
705,561,69,643
691,651,69,586
696,601,69,618
698,558,69,645
693,612,69,612
676,606,69,615
721,752,1,523
734,765,1,515
738,768,1,512
739,768,1,513
703,577,69,633
703,577,69,633
685,610,69,613
682,435,69,720
680,451,69,710
693,466,69,702
709,595,69,622
689,615,69,609
689,637,69,595
691,694,69,559
689,451,69,710
685,574,69,635
694,594,69,623
685,619,69,607
680,613,69,610
680,572,69,637
678,581,69,631
702,574,69,635
680,572,69,637
673,464,69,703
691,527,69,664
727,729,1,537
738,756,1,520
741,757,1,519
741,772,1,510
703,592,69,624
687,586,69,627
684,595,69,622
705,649,69,588
691,592,69,624
684,599,69,620
682,649,69,587
682,698,69,557
691,504,69,679
685,576,69,634
684,617,69,608
682,637,69,595
684,644,69,591
684,617,69,608
684,637,69,596
685,604,69,616
685,635,69,597
685,619,69,607
682,640,69,593
682,619,69,607
685,669,69,575
685,592,69,624
685,451,69,710
682,586,69,627
748,601,69,618
748,613,69,610
750,460,69,705
748,421,69,728
689,649,69,588
702,585,69,629
709,496,69,683
707,540,69,657
693,599,69,619
696,626,69,602
696,606,69,615
693,612,69,611
696,552,69,649
694,541,69,656
700,693,69,560
725,752,1,523
738,759,1,518
741,774,1,509
743,772,1,510
700,581,69,631
700,572,69,636
700,590,69,625
702,610,69,613
707,619,69,607
711,649,69,587
707,727,69,538
705,711,69,549
707,743,69,528
707,741,69,529
698,527,69,664
698,547,69,652
694,538,69,658
694,498,69,682
698,543,69,654
703,622,69,605
711,624,69,603
693,630,69,600
680,509,69,676
723,729,1,537
739,763,1,516
745,781,1,505
748,784,1,502
759,563,69,642
763,574,69,635
691,585,69,629
707,592,69,624
712,541,69,655
685,471,69,698
707,558,69,645
709,538,69,658
702,597,69,621
700,568,69,639
700,577,69,633
700,532,69,661
703,579,69,632
700,595,69,622
730,741,1,530
736,772,1,510
694,572,69,637
711,604,69,616
714,554,69,648
691,523,69,667
700,558,69,646
705,601,69,618
709,606,69,615
698,585,69,628
702,534,69,660
711,576,69,634
711,576,69,634
711,608,69,614
707,541,69,655
702,585,69,629
700,615,69,609
732,671,1,574
738,689,1,562
718,586,69,627
707,597,69,621
685,491,69,686
703,585,69,629
703,538,69,658
714,568,69,639
702,388,69,746
700,487,69,689
702,536,69,659
700,552,69,649
698,595,69,622
732,658,1,582
739,750,1,524
741,748,1,525
741,752,1,523
739,707,1,551
711,482,69,692
716,595,69,622
718,525,69,666
718,549,69,651
691,655,69,584
694,572,69,637
689,574,69,635
709,595,69,622
712,567,69,640
707,541,69,656
712,594,69,623
696,552,69,649
712,541,69,656
725,552,69,649
703,613,69,610
689,531,69,662
684,586,69,627
684,646,69,590
700,468,69,701
745,549,69,651
745,586,69,627
747,563,69,642
700,579,69,632
700,640,69,593
707,572,69,637
682,541,69,656
700,558,69,645
685,637,69,596
689,561,69,643
689,630,69,600
703,815,5,484
698,810,5,487
754,577,69,633
716,792,5,498
752,487,69,689
752,468,69,700
730,484,69,691
721,718,5,544
705,784,5,502
736,815,1,484
748,837,1,470
752,829,1,475
703,801,5,493
700,799,5,494
700,801,5,492
700,793,5,497
709,795,5,496
693,765,5,515
730,799,1,494
745,802,1,491
750,801,1,493
705,833,5,473
703,828,5,476
694,835,5,472
700,840,5,468
698,835,5,471
700,835,5,472
703,844,5,466
707,837,5,470
703,842,5,467
703,846,5,465
698,840,5,468
698,844,5,466
700,829,5,475
703,828,5,476
698,829,5,475
707,858,5,458
709,840,5,468
712,855,5,460
709,846,5,465
705,849,5,463
703,846,5,465
707,846,5,465
707,727,5,538
736,802,1,491
743,815,1,484
745,811,1,486
721,793,1,497
732,795,1,496
761,545,69,653
761,653,69,585
720,649,5,588
712,675,5,571
718,712,5,548
736,784,1,502
734,777,1,507
734,660,5,581
736,649,5,588
736,648,5,589
736,639,5,594
738,646,5,590
739,640,5,593
739,424,69,726
739,545,69,653
739,554,69,648
739,576,69,634
739,558,69,645
721,624,5,604
727,644,5,591
729,633,5,598
707,631,5,599
707,648,5,589
709,633,5,598
729,630,5,600
727,612,5,612
730,617,5,608
734,621,5,606
734,622,5,605
720,610,5,613
709,615,5,609
698,621,5,606
718,621,5,606
732,612,5,611
734,610,5,613
738,608,5,614
727,604,5,616
707,603,5,617
703,595,5,622
705,594,5,623
718,601,5,618
721,599,5,619
723,597,5,621
721,585,5,628
702,685,5,565
730,777,1,507
739,777,1,507
743,781,1,505
743,783,1,504
736,734,1,534
736,657,5,583
736,655,5,584
736,658,5,582
738,642,5,592
738,640,5,593
738,649,5,587
738,644,5,591
736,648,5,589
738,633,5,598
739,639,5,594
741,568,69,639
739,772,1,510
741,462,69,704
741,489,69,688
743,594,69,623
745,621,69,606
745,581,69,631
756,558,69,646
757,534,69,660
725,572,5,636
718,635,5,597
714,666,5,577
711,687,5,564
709,694,5,559
709,712,5,548
707,709,5,550
709,716,5,545
709,718,5,544
711,810,5,487
691,815,5,484
689,806,5,489
703,802,5,491
691,802,5,491
707,676,5,570
743,396,69,742
736,703,5,553
743,396,69,742
743,496,69,683
743,491,69,686
748,559,69,644
698,662,5,580
743,581,69,631
748,579,69,632
727,804,5,490
725,772,5,510
702,745,5,527
734,813,1,485
716,792,5,498
716,802,5,491
738,664,69,578
736,662,69,580
757,545,69,653
757,628,69,601
709,756,5,520
689,633,5,598
709,630,5,600
723,639,5,594
729,635,5,597
698,637,5,595
698,642,5,592
723,808,5,488
718,799,5,494
736,518,69,670
721,666,5,577
727,673,5,573
734,660,5,581
738,649,5,587
741,439,69,718
741,534,69,660
743,572,69,636
738,691,5,561
738,709,5,550
739,586,69,627
739,432,69,722
743,567,69,640
745,410,69,734
745,505,69,678
748,486,69,690
748,543,69,654
752,653,69,585
754,556,69,647
754,601,69,618
712,649,5,587
698,693,5,560
700,705,5,552
696,709,5,550
738,712,5,548
741,558,69,645
745,505,69,678
748,459,69,706
750,567,69,640
750,408,69,735
752,534,69,660
752,534,69,660
752,399,69,740
748,514,69,672
745,505,69,678
743,419,69,729
743,541,69,655
745,518,69,670
745,340,69,773
745,509,69,676
743,574,69,635
745,559,69,644
745,459,69,706
745,421,69,728
743,468,69,701
745,554,69,648
745,572,69,637
745,567,69,640
745,556,69,647
743,576,69,634
743,534,69,660
741,541,69,656
743,493,69,685
743,563,69,642
745,514,69,672
745,561,69,643
741,532,69,661
741,552,69,649
739,570,69,638
739,630,1,600
741,718,1,544
741,736,1,533
739,727,1,538
750,624,69,604
748,583,69,630
700,766,1,514
711,768,1,512
730,772,1,510
736,770,1,511
739,766,1,514
741,441,69,716
743,439,69,717
743,534,69,660
743,518,69,670
739,558,69,646
736,437,69,719
741,703,1,553
743,750,1,524
741,754,1,522
739,761,1,517
725,774,1,509
734,774,1,509
739,770,1,511
741,657,69,583
741,387,69,747
745,516,69,671
747,529,69,663
743,493,69,685
741,424,69,726
738,709,1,550
741,720,0,543
743,727,1,538
743,509,69,675
